0 0.474386 0.524365 -0.474386 -0.524365 20.05 5.03681 5.03384 0.0686961 0.0869908 -0.0231886 -3.14346 0.624131 9.68205 
0.0333333 0.478727 0.52507 -0.470074 -0.523597 20.049 5.24677 5.13804 0.0686961 0.0869908 -0.0231886 -3.14346 0.624131 9.68205 
0.0666667 0.483095 0.525714 -0.465793 -0.522763 20.0464 5.45671 5.24108 0.0686961 0.0869908 -0.0231886 -3.14346 0.624131 9.68205 
0.1 0.487487 0.526301 -0.461546 -0.521861 20.0421 5.66661 5.34184 0.0686961 0.0869908 -0.0231886 -3.14346 0.624131 9.68205 
0.133333 0.491902 0.526833 -0.457334 -0.520888 20.0361 5.87645 5.43921 0.0686961 0.0869908 -0.0231886 -3.14346 0.624131 9.68205 
0.166667 0.496337 0.527314 -0.45316 -0.519843 20.0285 6.08619 5.53212 0.0686961 0.0869908 -0.0231886 -3.14346 0.624131 9.68205 
0.2 0.500789 0.527745 -0.449025 -0.518721 20.0193 6.29583 5.61954 0.0686961 0.0869908 -0.0231886 -3.14346 0.624131 9.68205 
0.233333 0.505256 0.528132 -0.44493 -0.517523 20.0084 6.50533 5.70053 0.0686961 0.0869908 -0.0231886 -3.14346 0.624131 9.68205 
0.266667 0.509736 0.528475 -0.440879 -0.516245 19.9958 6.71468 5.77418 0.0686961 0.0869908 -0.0231886 -3.14346 0.624131 9.68205 
0.3 0.514225 0.52878 -0.436872 -0.514886 19.9816 6.92384 5.83968 0.0686961 0.0869908 -0.0231886 -3.14346 0.624131 9.68205 
0.333333 0.518721 0.529048 -0.432911 -0.513444 19.9658 7.1328 5.89632 0.0686961 0.0869908 -0.0231886 -3.14346 0.624131 9.68205 
0.366667 0.523221 0.529284 -0.428998 -0.511917 19.9483 7.34154 5.94348 0.0686961 0.0869908 -0.0231886 -3.14346 0.624131 9.68205 
0.4 0.527723 0.52949 -0.425133 -0.510305 19.9291 7.55002 5.98062 0.0686961 0.0869908 -0.0231886 -3.14346 0.624131 9.68205 
0.433333 0.532224 0.52967 -0.421318 -0.508604 19.9083 7.75823 6.00734 0.0686961 0.0869908 -0.0231886 -3.14346 0.624131 9.68205 
0.466667 0.536721 0.529827 -0.417555 -0.506815 19.8859 7.96614 6.02334 0.0686961 0.0869908 -0.0231886 -3.14346 0.624131 9.68205 
0.5 0.541211 0.529966 -0.413845 -0.504936 19.8618 8.17373 6.02845 0.0686961 0.0869908 -0.0231886 -3.14346 0.624131 9.68205 
0.533333 0.545691 0.530088 -0.410188 -0.502966 19.8361 8.38098 6.0226 0.0686961 0.0869908 -0.0231886 -3.14346 0.624131 9.68205 
0.566667 0.550158 0.530198 -0.406585 -0.500904 19.8088 8.58787 6.00586 0.0686961 0.0869908 -0.0231886 -3.14346 0.624131 9.68205 
0.6 0.55461 0.530298 -0.403038 -0.49875 19.7798 8.79437 5.97841 0.0686961 0.0869908 -0.0231886 -3.14346 0.624131 9.68205 
0.633333 0.559044 0.530393 -0.399547 -0.496503 19.7492 9.00045 5.94053 0.0686961 0.0869908 -0.0231886 -3.14346 0.624131 9.68205 
0.666667 0.563456 0.530486 -0.396112 -0.494162 19.7169 9.2061 5.89265 0.0686961 0.0869908 -0.0231886 -3.14346 0.624131 9.68205 
0.7 0.567844 0.53058 -0.392736 -0.491728 19.6831 9.41129 5.83529 0.0686961 0.0869908 -0.0231886 -3.14346 0.624131 9.68205 
0.733334 0.572205 0.530678 -0.389417 -0.4892 19.6476 9.616 5.76906 0.0686961 0.0869908 -0.0231886 -3.14346 0.624131 9.68205 
0.766667 0.576536 0.530784 -0.386157 -0.486578 19.6105 9.82021 5.6947 0.0686961 0.0869908 -0.0231886 -3.14346 0.624131 9.68205 
0.8 0.580833 0.530901 -0.382955 -0.483862 19.5718 10.0239 5.61301 0.0686961 0.0869908 -0.0231886 -3.14346 0.624131 9.68205 
0.833334 0.585095 0.531032 -0.379813 -0.481053 19.5315 10.227 5.52489 0.0686961 0.0869908 -0.0231886 -3.14346 0.624131 9.68205 
0.866667 0.589318 0.53118 -0.376729 -0.47815 19.4896 10.4296 5.43129 0.0686961 0.0869908 -0.0231886 -3.14346 0.624131 9.68205 
0.9 0.593498 0.531349 -0.373705 -0.475155 19.4461 10.6316 5.33324 0.0686961 0.0869908 -0.0231886 -3.14346 0.624131 9.68205 
0.933334 0.597635 0.531542 -0.37074 -0.472068 19.401 10.8329 5.23182 0.0686961 0.0869908 -0.0231886 -3.14346 0.624131 9.68205 
0.966667 0.601723 0.531761 -0.367834 -0.46889 19.3543 11.0336 5.12812 0.0686961 0.0869908 -0.0231886 -3.14346 0.624131 9.68205 
1 0.605762 0.53201 -0.364986 -0.465621 19.306 11.2337 5.02329 0.0686961 0.0869908 -0.0231886 -3.14346 0.624131 9.68205 
1.03333 0.609747 0.532291 -0.362198 -0.462264 19.2562 11.4331 4.91846 0.0686961 0.0869908 -0.0231886 -3.14346 0.624131 9.68205 
1.06667 0.613676 0.532607 -0.359467 -0.458818 19.2047 11.6317 4.81478 0.0686961 0.0869908 -0.0231886 -3.14346 0.624131 9.68205 
1.1 0.617547 0.532962 -0.356794 -0.455286 19.1517 11.8297 4.7134 0.0686961 0.0869908 -0.0231886 -3.14346 0.624131 9.68205 
1.13333 0.621357 0.533357 -0.354178 -0.451668 19.0972 12.0268 4.6154 0.0686961 0.0869908 -0.0231886 -3.14346 0.624131 9.68205 
1.16667 0.625102 0.533795 -0.351619 -0.447967 19.0411 12.2233 4.52187 0.0686961 0.0869908 -0.0231886 -3.14346 0.624131 9.68205 
1.2 0.628782 0.534279 -0.349115 -0.444183 18.9834 12.4189 4.43383 0.0686961 0.0869908 -0.0231886 -3.14346 0.624131 9.68205 
1.23333 0.632392 0.53481 -0.346666 -0.440319 18.9242 12.6137 4.35224 0.0686961 0.0869908 -0.0231886 -3.14346 0.624131 9.68205 
1.26667 0.635932 0.535392 -0.344271 -0.436376 18.8635 12.8077 4.27799 0.0686961 0.0869908 -0.0231886 -3.14346 0.624131 9.68205 
1.3 0.639397 0.536026 -0.341929 -0.432356 18.8013 13.0008 4.21189 0.0686961 0.0869908 -0.0231886 -3.14346 0.624131 9.68205 
1.33333 0.642786 0.536715 -0.339639 -0.428262 18.7375 13.193 4.15467 0.0686961 0.0869908 -0.0231886 -3.14346 0.624131 9.68205 
1.36667 0.646097 0.537459 -0.3374 -0.424096 18.6722 13.3843 4.10694 0.0686961 0.0869908 -0.0231886 -3.14346 0.624131 9.68205 
1.4 0.649328 0.538262 -0.335209 -0.419859 18.6054 13.5747 4.06923 0.0686961 0.0869908 -0.0231886 -3.14346 0.624131 9.68205 
1.43333 0.652476 0.539125 -0.333067 -0.415554 18.5371 13.7642 4.04196 0.0686961 0.0869908 -0.0231886 -3.14346 0.624131 9.68205 
1.46667 0.655539 0.54005 -0.330972 -0.411184 18.4673 13.9527 4.02541 0.0686961 0.0869908 -0.0231886 -3.14346 0.624131 9.68205 
1.5 0.658516 0.541037 -0.328922 -0.40675 18.396 14.1402 4.01977 0.0686961 0.0869908 -0.0231886 -3.14346 0.624131 9.68205 
1.53333 0.661405 0.542089 -0.326915 -0.402256 18.3233 14.3267 4.0251 0.0686961 0.0869908 -0.0231886 -3.14346 0.624131 9.68205 
1.56667 0.664203 0.543207 -0.32495 -0.397704 18.2491 14.5122 4.04134 0.0686961 0.0869908 -0.0231886 -3.14346 0.624131 9.68205 
1.6 0.66691 0.544391 -0.323026 -0.393096 18.1734 14.6967 4.0683 0.0686961 0.0869908 -0.0231886 -3.14346 0.624131 9.68205 
1.63333 0.669523 0.545643 -0.32114 -0.388436 18.0963 14.88 4.1057 0.0686961 0.0869908 -0.0231886 -3.14346 0.624131 9.68205 
1.66667 0.672041 0.546964 -0.31929 -0.383726 18.0178 15.0623 4.15312 0.0686961 0.0869908 -0.0231886 -3.14346 0.624131 9.68205 
1.7 0.674463 0.548354 -0.317475 -0.378969 17.9378 15.2435 4.21003 0.0686961 0.0869908 -0.0231886 -3.14346 0.624131 9.68205 
1.73333 0.676787 0.549814 -0.315692 -0.374168 17.8564 15.4235 4.27583 0.0686961 0.0869908 -0.0231886 -3.14346 0.624131 9.68205 
1.76667 0.679013 0.551345 -0.313941 -0.369326 17.7735 15.6024 4.34978 0.0686961 0.0869908 -0.0231886 -3.14346 0.624131 9.68205 
1.8 0.681139 0.552947 -0.312217 -0.364445 17.6893 15.7802 4.43107 0.0686961 0.0869908 -0.0231886 -3.14346 0.624131 9.68205 
1.83333 0.683164 0.55462 -0.31052 -0.359529 17.6037 15.9567 4.51882 0.0686961 0.0869908 -0.0231886 -3.14346 0.624131 9.68205 
1.86667 0.685088 0.556365 -0.308846 -0.354581 17.5167 16.1321 4.61205 0.0686961 0.0869908 -0.0231886 -3.14346 0.624131 9.68205 
1.9 0.686909 0.558181 -0.307194 -0.349603 17.4283 16.3062 4.70975 0.0686961 0.0869908 -0.0231886 -3.14346 0.624131 9.68205 
1.93333 0.688627 0.560068 -0.305562 -0.344599 17.3385 16.479 4.81086 0.0686961 0.0869908 -0.0231886 -3.14346 0.624131 9.68205 
1.96667 0.690243 0.562026 -0.303946 -0.339571 17.2474 16.6506 4.91425 0.0686961 0.0869908 -0.0231886 -3.14346 0.624131 9.68205 
2 0.691754 0.564055 -0.302345 -0.334524 17.155 16.821 5.0188 0.0686961 0.0869908 -0.0231886 -3.14346 0.624131 9.68205 
2.03333 0.693161 0.566155 -0.300755 -0.329459 17.0612 16.99 5.12336 0.0686961 0.0869908 -0.0231886 -3.14346 0.624131 9.68205 
2.06667 0.694464 0.568324 -0.299175 -0.324379 16.9661 17.1577 5.22679 0.0686961 0.0869908 -0.0231886 -3.14346 0.624131 9.68205 
2.1 0.695663 0.570562 -0.297602 -0.319289 16.8696 17.324 5.32795 0.0686961 0.0869908 -0.0231886 -3.14346 0.624131 9.68205 
2.13333 0.696758 0.572868 -0.296032 -0.31419 16.7719 17.489 5.42574 0.0686961 0.0869908 -0.0231886 -3.14346 0.624131 9.68205 
2.16667 0.697749 0.575241 -0.294465 -0.309086 16.6729 17.6527 5.51909 0.0686961 0.0869908 -0.0231886 -3.14346 0.624131 9.68205 
2.2 0.698637 0.57768 -0.292896 -0.30398 16.5726 17.8149 5.60697 0.0686961 0.0869908 -0.0231886 -3.14346 0.624131 9.68205 
2.23333 0.699422 0.580184 -0.291323 -0.298875 16.471 17.9757 5.68842 0.0686961 0.0869908 -0.0231886 -3.14346 0.624131 9.68205 
2.26667 0.700105 0.582752 -0.289743 -0.293773 16.3682 18.1351 5.76255 0.0686961 0.0869908 -0.0231886 -3.14346 0.624131 9.68205 
2.3 0.700685 0.585382 -0.288155 -0.288677 16.2641 18.293 5.82855 0.0686961 0.0869908 -0.0231886 -3.14346 0.624131 9.68205 
2.33333 0.701166 0.588073 -0.286554 -0.28359 16.1588 18.4495 5.8857 0.0686961 0.0869908 -0.0231886 -3.14346 0.624131 9.68205 
2.36667 0.701546 0.590823 -0.284939 -0.278516 16.0522 18.6045 5.93337 0.0686961 0.0869908 -0.0231886 -3.14346 0.624131 9.68205 
2.4 0.701828 0.59363 -0.283306 -0.273456 15.9445 18.758 5.97105 0.0686961 0.0869908 -0.0231886 -3.14346 0.624131 9.68205 
2.43333 0.702013 0.596493 -0.281653 -0.268413 15.8355 18.91 5.99831 0.0686961 0.0869908 -0.0231886 -3.14346 0.624131 9.68205 
2.46667 0.702102 0.599409 -0.279977 -0.26339 15.7254 19.0605 6.01487 0.0686961 0.0869908 -0.0231886 -3.14346 0.624131 9.68205 
2.5 0.702096 0.602377 -0.278275 -0.258389 15.6141 19.2094 6.02054 0.0686961 0.0869908 -0.0231886 -3.14346 0.624131 9.68205 
2.53333 0.701998 0.605395 -0.276545 -0.253414 15.5016 19.3567 6.01527 0.0686961 0.0869908 -0.0231886 -3.14346 0.624131 9.68205 
2.56667 0.701809 0.60846 -0.274784 -0.248465 15.388 19.5025 5.99911 0.0686961 0.0869908 -0.0231886 -3.14346 0.624131 9.68205 
2.6 0.70153 0.61157 -0.27299 -0.243546 15.2732 19.6466 5.97224 0.0686961 0.0869908 -0.0231886 -3.14346 0.624131 9.68205 
2.63333 0.701164 0.614722 -0.271159 -0.238659 15.1573 19.7892 5.93496 0.0686961 0.0869908 -0.0231886 -3.14346 0.624131 9.68205 
2.66667 0.700713 0.617915 -0.26929 -0.233806 15.0403 19.9301 5.88768 0.0686961 0.0869908 -0.0231886 -3.14346 0.624131 9.68205 
2.7 0.700179 0.621146 -0.267379 -0.228989 14.9222 20.0694 5.83092 0.0686961 0.0869908 -0.0231886 -3.14346 0.624131 9.68205 
2.73333 0.699564 0.624412 -0.265425 -0.22421 14.803 20.207 5.76531 0.0686961 0.0869908 -0.0231886 -3.14346 0.624131 9.68205 
2.76667 0.698871 0.62771 -0.263424 -0.219471 14.6827 20.343 5.69156 0.0686961 0.0869908 -0.0231886 -3.14346 0.624131 9.68205 
2.8 0.698102 0.631038 -0.261375 -0.214774 14.5614 20.4772 5.61049 0.0686961 0.0869908 -0.0231886 -3.14346 0.624131 9.68205 
2.83333 0.69726 0.634393 -0.259276 -0.21012 14.439 20.6098 5.52298 0.0686961 0.0869908 -0.0231886 -3.14346 0.624131 9.68205 
2.86667 0.696347 0.637772 -0.257123 -0.205512 14.3156 20.7406 5.43001 0.0686961 0.0869908 -0.0231886 -3.14346 0.624131 9.68205 
2.9 0.695367 0.641173 -0.254915 -0.20095 14.1912 20.8697 5.33258 0.0686961 0.0869908 -0.0231886 -3.14346 0.624131 9.68205 
2.93333 0.694322 0.644591 -0.25265 -0.196436 14.0658 20.9971 5.23178 0.0686961 0.0869908 -0.0231886 -3.14346 0.624131 9.68205 
2.96667 0.693215 0.648025 -0.250326 -0.191971 13.9394 21.1227 5.1287 0.0686961 0.0869908 -0.0231886 -3.14346 0.624131 9.68205 
3 0.692049 0.651471 -0.247941 -0.187557 13.812 21.2465 5.02448 0.0686961 0.0869908 -0.0231886 -3.14346 0.624131 9.68205 
3.03333 0.690828 0.654927 -0.245493 -0.183196 13.6836 21.3685 4.92027 0.0686961 0.0869908 -0.0231886 -3.14346 0.624131 9.68205 
3.06667 0.689554 0.658388 -0.242981 -0.178886 13.5543 21.4888 4.81721 0.0686961 0.0869908 -0.0231886 -3.14346 0.624131 9.68205 
3.1 0.688231 0.661853 -0.240402 -0.174631 13.4241 21.6072 4.71643 0.0686961 0.0869908 -0.0231886 -3.14346 0.624131 9.68205 
3.13333 0.686862 0.665317 -0.237756 -0.170431 13.2929 21.7238 4.61904 0.0686961 0.0869908 -0.0231886 -3.14346 0.624131 9.68205 
3.16667 0.68545 0.668777 -0.23504 -0.166285 13.1609 21.8385 4.52611 0.0686961 0.0869908 -0.0231886 -3.14346 0.624131 9.68205 
3.2 0.683999 0.672231 -0.232254 -0.162196 13.0279 21.9514 4.43866 0.0686961 0.0869908 -0.0231886 -3.14346 0.624131 9.68205 
3.23333 0.682513 0.675676 -0.229397 -0.158164 12.8941 22.0625 4.35766 0.0686961 0.0869908 -0.0231886 -3.14346 0.624131 9.68205 
3.26666 0.680994 0.679107 -0.226467 -0.154188 12.7594 22.1716 4.28399 0.0686961 0.0869908 -0.0231886 -3.14346 0.624131 9.68205 
3.3 0.679446 0.682522 -0.223464 -0.15027 12.6238 22.2789 4.21846 0.0686961 0.0869908 -0.0231886 -3.14346 0.624131 9.68205 
3.33333 0.677873 0.685917 -0.220386 -0.146409 12.4875 22.3843 4.1618 0.0686961 0.0869908 -0.0231886 -3.14346 0.624131 9.68205 
3.36666 0.676279 0.689289 -0.217234 -0.142607 12.3503 22.4878 4.11463 0.0686961 0.0869908 -0.0231886 -3.14346 0.624131 9.68205 
3.4 0.674666 0.692636 -0.214005 -0.138861 12.2123 22.5893 4.07746 0.0686961 0.0869908 -0.0231886 -3.14346 0.624131 9.68205 
3.43333 0.673039 0.695953 -0.210701 -0.135174 12.0735 22.6889 4.05072 0.0686961 0.0869908 -0.0231886 -3.14346 0.624131 9.68205 
3.46666 0.671402 0.699238 -0.20732 -0.131544 11.934 22.7866 4.0347 0.0686961 0.0869908 -0.0231886 -3.14346 0.624131 9.68205 
3.5 0.669757 0.702488 -0.203863 -0.127972 11.7937 22.8823 4.02957 0.0686961 0.0869908 -0.0231886 -3.14346 0.624131 9.68205 
3.53333 0.668108 0.705699 -0.200329 -0.124457 11.6527 22.976 4.0354 0.0686961 0.0869908 -0.0231886 -3.14346 0.624131 9.68205 
3.56666 0.666459 0.708868 -0.196718 -0.120998 11.5109 23.0678 4.05212 0.0686961 0.0869908 -0.0231886 -3.14346 0.624131 9.68205 
3.6 0.664814 0.711992 -0.193031 -0.117595 11.3684 23.1576 4.07956 0.0686961 0.0869908 -0.0231886 -3.14346 0.624131 9.68205 
3.63333 0.663175 0.715069 -0.189268 -0.114248 11.2253 23.2454 4.11741 0.0686961 0.0869908 -0.0231886 -3.14346 0.624131 9.68205 
3.66666 0.661548 0.718094 -0.18543 -0.110956 11.0814 23.3312 4.16527 0.0686961 0.0869908 -0.0231886 -3.14346 0.624131 9.68205 
3.7 0.659934 0.721066 -0.181516 -0.107718 10.9369 23.415 4.22262 0.0686961 0.0869908 -0.0231886 -3.14346 0.624131 9.68205 
3.73333 0.658337 0.723981 -0.177528 -0.104533 10.7918 23.4967 4.28883 0.0686961 0.0869908 -0.0231886 -3.14346 0.624131 9.68205 
3.76666 0.656762 0.726836 -0.173467 -0.101401 10.646 23.5765 4.36318 0.0686961 0.0869908 -0.0231886 -3.14346 0.624131 9.68205 
3.8 0.65521 0.729629 -0.169333 -0.09832 10.4997 23.6542 4.44486 0.0686961 0.0869908 -0.0231886 -3.14346 0.624131 9.68205 
3.83333 0.653686 0.732357 -0.165129 -0.0952895 10.3527 23.7298 4.53297 0.0686961 0.0869908 -0.0231886 -3.14346 0.624131 9.68205 
3.86666 0.652192 0.735018 -0.160853 -0.0923082 10.2051 23.8034 4.62656 0.0686961 0.0869908 -0.0231886 -3.14346 0.624131 9.68205 
3.9 0.650732 0.737607 -0.15651 -0.0893749 10.057 23.875 4.7246 0.0686961 0.0869908 -0.0231886 -3.14346 0.624131 9.68205 
3.93333 0.649309 0.740124 -0.152099 -0.0864886 9.90835 23.9444 4.82602 0.0686961 0.0869908 -0.0231886 -3.14346 0.624131 9.68205 
3.96666 0.647925 0.742565 -0.147622 -0.0836478 9.75915 24.0118 4.92971 0.0686961 0.0869908 -0.0231886 -3.14346 0.624131 9.68205 
4 0.646585 0.744929 -0.143081 -0.0808511 9.60944 24.0772 5.03454 0.0686961 0.0869908 -0.0231886 -3.14346 0.624131 9.68205 
4.03333 0.645289 0.747213 -0.138478 -0.0780973 9.45923 24.1404 5.13937 0.0686961 0.0869908 -0.0231886 -3.14346 0.624131 9.68205 
4.06666 0.644042 0.749414 -0.133815 -0.0753847 9.30854 24.2015 5.24305 0.0686961 0.0869908 -0.0231886 -3.14346 0.624131 9.68205 
4.1 0.642845 0.75153 -0.129093 -0.0727119 9.15738 24.2605 5.34444 0.0686961 0.0869908 -0.0231886 -3.14346 0.624131 9.68205 
4.13333 0.641702 0.75356 -0.124315 -0.0700773 9.00577 24.3175 5.44244 0.0686961 0.0869908 -0.0231886 -3.14346 0.624131 9.68205 
4.16666 0.640615 0.755502 -0.119483 -0.0674793 8.85373 24.3723 5.53598 0.0686961 0.0869908 -0.0231886 -3.14346 0.624131 9.68205 
4.2 0.639585 0.757353 -0.1146 -0.0649162 8.70128 24.425 5.62403 0.0686961 0.0869908 -0.0231886 -3.14346 0.624131 9.68205 
4.23333 0.638616 0.759112 -0.109667 -0.0623863 8.54842 24.4755 5.70564 0.0686961 0.0869908 -0.0231886 -3.14346 0.624131 9.68205 
4.26666 0.637709 0.760777 -0.104688 -0.059888 8.39518 24.5239 5.7799 0.0686961 0.0869908 -0.0231886 -3.14346 0.624131 9.68205 
4.3 0.636866 0.762346 -0.0996642 -0.0574193 8.24158 24.5702 5.84602 0.0686961 0.0869908 -0.0231886 -3.14346 0.624131 9.68205 
4.33333 0.636089 0.763819 -0.0945989 -0.0549786 8.08762 24.6144 5.90327 0.0686961 0.0869908 -0.0231886 -3.14346 0.624131 9.68205 
4.36666 0.63538 0.765192 -0.0894947 -0.0525639 7.93334 24.6564 5.95102 0.0686961 0.0869908 -0.0231886 -3.14346 0.624131 9.68205 
4.4 0.634741 0.766467 -0.0843543 -0.0501734 7.77873 24.6963 5.98875 0.0686961 0.0869908 -0.0231886 -3.14346 0.624131 9.68205 
4.43333 0.634172 0.76764 -0.0791807 -0.0478052 7.62383 24.734 6.01605 0.0686961 0.0869908 -0.0231886 -3.14346 0.624131 9.68205 
4.46666 0.633676 0.768711 -0.0739766 -0.0454573 7.46865 24.7696 6.03263 0.0686961 0.0869908 -0.0231886 -3.14346 0.624131 9.68205 
4.5 0.633252 0.769679 -0.0687451 -0.0431279 7.31319 24.803 6.03831 0.0686961 0.0869908 -0.0231886 -3.14346 0.624131 9.68205 
4.53333 0.632904 0.770543 -0.063489 -0.0408149 7.15749 24.8342 6.03302 0.0686961 0.0869908 -0.0231886 -3.14346 0.624131 9.68205 
4.56666 0.63263 0.771302 -0.0582114 -0.0385163 7.00156 24.8633 6.01682 0.0686961 0.0869908 -0.0231886 -3.14346 0.624131 9.68205 
4.6 0.632433 0.771956 -0.0529154 -0.0362302 6.84541 24.8902 5.9899 0.0686961 0.0869908 -0.0231886 -3.14346 0.624131 9.68205 
4.63333 0.632312 0.772504 -0.047604 -0.0339545 6.68906 24.9149 5.95255 0.0686961 0.0869908 -0.0231886 -3.14346 0.624131 9.68205 
4.66666 0.632269 0.772945 -0.0422803 -0.0316873 6.53253 24.9375 5.90518 0.0686961 0.0869908 -0.0231886 -3.14346 0.624131 9.68205 
4.7 0.632303 0.77328 -0.0369475 -0.0294263 6.37583 24.9579 5.84831 0.0686961 0.0869908 -0.0231886 -3.14346 0.624131 9.68205 
4.73333 0.632415 0.773508 -0.0316087 -0.0271697 6.21899 24.9761 5.78257 0.0686961 0.0869908 -0.0231886 -3.14346 0.624131 9.68205 
4.76666 0.632605 0.773628 -0.026267 -0.0249152 6.06201 24.9921 5.70867 0.0686961 0.0869908 -0.0231886 -3.14346 0.624131 9.68205 
4.8 0.632873 0.773641 -0.0209256 -0.0226609 5.90491 25.0059 5.62744 0.0686961 0.0869908 -0.0231886 -3.14346 0.624131 9.68205 
4.83333 0.633218 0.773547 -0.0155876 -0.0204047 5.74772 25.0176 5.53975 0.0686961 0.0869908 -0.0231886 -3.14346 0.624131 9.68205 
4.86666 0.633641 0.773347 -0.0102562 -0.0181446 5.59045 25.0271 5.44658 0.0686961 0.0869908 -0.0231886 -3.14346 0.624131 9.68205 
4.9 0.63414 0.773039 -0.00493437 -0.0158783 5.43311 25.0344 5.34894 0.0686961 0.0869908 -0.0231886 -3.14346 0.624131 9.68205 
4.93333 0.634716 0.772626 0.000374668 -0.013604 5.27573 25.0395 5.2479 0.0686961 0.0869908 -0.0231886 -3.14346 0.624131 9.68205 
4.96666 0.635366 0.772107 0.00566789 -0.0113194 5.11831 25.0424 5.14457 0.0686961 0.0869908 -0.0231886 -3.14346 0.624131 9.68205 
5 0.636092 0.771483 0.0109423 -0.00902258 4.96088 25.0432 5.04009 0.0686961 0.0869908 -0.0231886 -3.14346 0.624131 9.68205 
5.03333 0.636891 0.770755 0.0161948 -0.00671148 4.80345 25.0417 4.9356 0.0686961 0.0869908 -0.0231886 -3.14346 0.624131 9.68205 
5.06666 0.637762 0.769923 0.0214224 -0.00438406 4.64605 25.0381 4.83224 0.0686961 0.0869908 -0.0231886 -3.14346 0.624131 9.68205 
5.1 0.638704 0.768989 0.0266224 -0.00203829 4.48867 25.0322 4.73115 0.0686961 0.0869908 -0.0231886 -3.14346 0.624131 9.68205 
5.13333 0.639715 0.767954 0.0317918 0.000327828 4.33136 25.0242 4.63343 0.0686961 0.0869908 -0.0231886 -3.14346 0.624131 9.68205 
5.16666 0.640794 0.766819 0.0369278 0.00271628 4.17411 25.014 4.54016 0.0686961 0.0869908 -0.0231886 -3.14346 0.624131 9.68205 
5.2 0.64194 0.765585 0.0420276 0.00512903 4.01694 25.0017 4.45236 0.0686961 0.0869908 -0.0231886 -3.14346 0.624131 9.68205 
5.23333 0.64315 0.764254 0.0470887 0.00756801 3.85989 24.9871 4.37098 0.0686961 0.0869908 -0.0231886 -3.14346 0.624131 9.68205 
5.26666 0.644422 0.762826 0.0521084 0.0100351 3.70295 24.9703 4.29692 0.0686961 0.0869908 -0.0231886 -3.14346 0.624131 9.68205 
5.3 0.645755 0.761305 0.0570841 0.0125323 3.54615 24.9514 4.231 0.0686961 0.0869908 -0.0231886 -3.14346 0.624131 9.68205 
5.33333 0.647146 0.75969 0.0620135 0.0150614 3.3895 24.9303 4.17393 0.0686961 0.0869908 -0.0231886 -3.14346 0.624131 9.68205 
5.36666 0.648593 0.757985 0.0668941 0.0176241 3.23302 24.907 4.12633 0.0686961 0.0869908 -0.0231886 -3.14346 0.624131 9.68205 
5.4 0.650094 0.756191 0.0717237 0.0202223 3.07674 24.8816 4.08873 0.0686961 0.0869908 -0.0231886 -3.14346 0.624131 9.68205 
5.43333 0.651645 0.75431 0.0765002 0.0228578 2.92065 24.854 4.06154 0.0686961 0.0869908 -0.0231886 -3.14346 0.624131 9.68205 
5.46666 0.653245 0.752344 0.0812214 0.0255322 2.76479 24.8242 4.04506 0.0686961 0.0869908 -0.0231886 -3.14346 0.624131 9.68205 
5.5 0.654891 0.750296 0.0858854 0.0282471 2.60917 24.7922 4.03946 0.0686961 0.0869908 -0.0231886 -3.14346 0.624131 9.68205 
5.53333 0.656579 0.748167 0.0904902 0.0310043 2.4538 24.7581 4.04481 0.0686961 0.0869908 -0.0231886 -3.14346 0.624131 9.68205 
5.56666 0.658308 0.74596 0.0950342 0.0338051 2.2987 24.7218 4.06104 0.0686961 0.0869908 -0.0231886 -3.14346 0.624131 9.68205 
5.6 0.660074 0.743677 0.0995156 0.0366512 2.14389 24.6834 4.08798 0.0686961 0.0869908 -0.0231886 -3.14346 0.624131 9.68205 
5.63333 0.661874 0.741321 0.103933 0.039544 1.98939 24.6428 4.12533 0.0686961 0.0869908 -0.0231886 -3.14346 0.624131 9.68205 
5.66666 0.663705 0.738895 0.108285 0.0424848 1.83521 24.6 4.17268 0.0686961 0.0869908 -0.0231886 -3.14346 0.624131 9.68205 
5.7 0.665563 0.7364 0.11257 0.045475 1.68137 24.5551 4.2295 0.0686961 0.0869908 -0.0231886 -3.14346 0.624131 9.68205 
5.73333 0.667447 0.733841 0.116787 0.0485159 1.52788 24.5081 4.29518 0.0686961 0.0869908 -0.0231886 -3.14346 0.624131 9.68205 
5.76666 0.669351 0.731218 0.120935 0.0516085 1.37476 24.4589 4.36899 0.0686961 0.0869908 -0.0231886 -3.14346 0.624131 9.68205 
5.8 0.671274 0.728537 0.125013 0.054754 1.22204 24.4076 4.45012 0.0686961 0.0869908 -0.0231886 -3.14346 0.624131 9.68205 
5.83333 0.673211 0.725798 0.129019 0.0579535 1.06972 24.3542 4.53768 0.0686961 0.0869908 -0.0231886 -3.14346 0.624131 9.68205 
5.86666 0.675159 0.723006 0.132955 0.061208 0.917821 24.2987 4.63071 0.0686961 0.0869908 -0.0231886 -3.14346 0.624131 9.68205 
5.9 0.677115 0.720162 0.136818 0.0645182 0.766362 24.241 4.72819 0.0686961 0.0869908 -0.0231886 -3.14346 0.624131 9.68205 
5.93333 0.679075 0.717272 0.140609 0.067885 0.615359 24.1812 4.82904 0.0686961 0.0869908 -0.0231886 -3.14346 0.624131 9.68205 
5.96666 0.681035 0.714336 0.144327 0.0713091 0.464829 24.1194 4.93216 0.0686961 0.0869908 -0.0231886 -3.14346 0.624131 9.68205 
6 0.682993 0.711359 0.147971 0.0747912 0.314787 24.0554 5.03642 0.0686961 0.0869908 -0.0231886 -3.14346 0.624131 9.68205 
6.03333 0.684944 0.708344 0.151543 0.0783317 0.16525 23.9894 5.14067 0.0686961 0.0869908 -0.0231886 -3.14346 0.624131 9.68205 
6.06666 0.686885 0.705294 0.155041 0.0819311 0.0162352 23.9212 5.24377 0.0686961 0.0869908 -0.0231886 -3.14346 0.624131 9.68205 
6.1 0.688812 0.702211 0.158467 0.0855898 -0.132241 23.851 5.34459 0.0686961 0.0869908 -0.0231886 -3.14346 0.624131 9.68205 
6.13333 0.690722 0.699101 0.16182 0.089308 -0.280163 23.7787 5.442 0.0686961 0.0869908 -0.0231886 -3.14346 0.624131 9.68205 
6.16666 0.692611 0.695965 0.1651 0.0930859 -0.427514 23.7044 5.53496 0.0686961 0.0869908 -0.0231886 -3.14346 0.624131 9.68205 
6.2 0.694476 0.692807 0.16831 0.0969235 -0.574278 23.6279 5.62243 0.0686961 0.0869908 -0.0231886 -3.14346 0.624131 9.68205 
6.23333 0.696313 0.68963 0.171448 0.100821 -0.720437 23.5495 5.70346 0.0686961 0.0869908 -0.0231886 -3.14346 0.624131 9.68205 
6.26666 0.698118 0.686437 0.174516 0.104778 -0.865977 23.469 5.77714 0.0686961 0.0869908 -0.0231886 -3.14346 0.624131 9.68205 
6.3 0.699889 0.683233 0.177515 0.108794 -1.01088 23.3865 5.84268 0.0686961 0.0869908 -0.0231886 -3.14346 0.624131 9.68205 
6.33333 0.701622 0.68002 0.180446 0.112869 -1.15513 23.3019 5.89935 0.0686961 0.0869908 -0.0231886 -3.14346 0.624131 9.68205 
6.36666 0.703312 0.676801 0.183309 0.117002 -1.29871 23.2154 5.94653 0.0686961 0.0869908 -0.0231886 -3.14346 0.624131 9.68205 
6.4 0.704958 0.673581 0.186107 0.121193 -1.44161 23.1268 5.9837 0.0686961 0.0869908 -0.0231886 -3.14346 0.624131 9.68205 
6.43333 0.706555 0.670361 0.18884 0.125442 -1.58381 23.0363 6.01044 0.0686961 0.0869908 -0.0231886 -3.14346 0.624131 9.68205 
6.46666 0.708101 0.667145 0.191511 0.129747 -1.72529 22.9437 6.02646 0.0686961 0.0869908 -0.0231886 -3.14346 0.624131 9.68205 
6.5 0.709592 0.663937 0.19412 0.134107 -1.86604 22.8492 6.03158 0.0686961 0.0869908 -0.0231886 -3.14346 0.624131 9.68205 
6.53333 0.711024 0.66074 0.196669 0.138523 -2.00604 22.7527 6.02574 0.0686961 0.0869908 -0.0231886 -3.14346 0.624131 9.68205 
6.56666 0.712396 0.657557 0.199159 0.142991 -2.14528 22.6543 6.009 0.0686961 0.0869908 -0.0231886 -3.14346 0.624131 9.68205 
6.6 0.713704 0.65439 0.201594 0.147512 -2.28374 22.5539 5.98154 0.0686961 0.0869908 -0.0231886 -3.14346 0.624131 9.68205 
6.63333 0.714945 0.651244 0.203974 0.152084 -2.4214 22.4516 5.94366 0.0686961 0.0869908 -0.0231886 -3.14346 0.624131 9.68205 
6.66666 0.716117 0.64812 0.206302 0.156705 -2.55825 22.3474 5.89578 0.0686961 0.0869908 -0.0231886 -3.14346 0.624131 9.68205 
6.7 0.717216 0.645023 0.208579 0.161374 -2.69428 22.2412 5.8384 0.0686961 0.0869908 -0.0231886 -3.14346 0.624131 9.68205 
6.73333 0.71824 0.641954 0.210808 0.16609 -2.82946 22.1332 5.77216 0.0686961 0.0869908 -0.0231886 -3.14346 0.624131 9.68205 
6.76666 0.719186 0.638918 0.212991 0.170851 -2.96379 22.0232 5.69778 0.0686961 0.0869908 -0.0231886 -3.14346 0.624131 9.68205 
6.79999 0.720053 0.635916 0.215129 0.175654 -3.09725 21.9114 5.61606 0.0686961 0.0869908 -0.0231886 -3.14346 0.624131 9.68205 
6.83333 0.720837 0.632951 0.217227 0.180498 -3.22982 21.7977 5.52791 0.0686961 0.0869908 -0.0231886 -3.14346 0.624131 9.68205 
6.86666 0.721537 0.630026 0.219285 0.185382 -3.3615 21.6822 5.43428 0.0686961 0.0869908 -0.0231886 -3.14346 0.624131 9.68205 
6.89999 0.722149 0.627144 0.221306 0.190302 -3.49225 21.5648 5.3362 0.0686961 0.0869908 -0.0231886 -3.14346 0.624131 9.68205 
6.93333 0.722673 0.624306 0.223292 0.195257 -3.62207 21.4456 5.23473 0.0686961 0.0869908 -0.0231886 -3.14346 0.624131 9.68205 
6.96666 0.723107 0.621516 0.225247 0.200245 -3.75095 21.3246 5.13099 0.0686961 0.0869908 -0.0231886 -3.14346 0.624131 9.68205 
6.99999 0.723448 0.618776 0.227172 0.205263 -3.87887 21.2018 5.02611 0.0686961 0.0869908 -0.0231886 -3.14346 0.624131 9.68205 
7.03333 0.723694 0.616088 0.22907 0.210309 -4.00582 21.0772 4.92123 0.0686961 0.0869908 -0.0231886 -3.14346 0.624131 9.68205 
7.06666 0.723845 0.613453 0.230943 0.21538 -4.13177 20.9509 4.8175 0.0686961 0.0869908 -0.0231886 -3.14346 0.624131 9.68205 
7.09999 0.723899 0.610875 0.232795 0.220474 -4.25673 20.8228 4.71605 0.0686961 0.0869908 -0.0231886 -3.14346 0.624131 9.68205 
7.13333 0.723854 0.608355 0.234627 0.225588 -4.38066 20.6929 4.618 0.0686961 0.0869908 -0.0231886 -3.14346 0.624131 9.68205 
7.16666 0.72371 0.605894 0.236442 0.230719 -4.50357 20.5613 4.5244 0.0686961 0.0869908 -0.0231886 -3.14346 0.624131 9.68205 
7.19999 0.723465 0.603495 0.238244 0.235866 -4.62543 20.428 4.43629 0.0686961 0.0869908 -0.0231886 -3.14346 0.624131 9.68205 
7.23333 0.723117 0.601159 0.240033 0.241024 -4.74624 20.293 4.35463 0.0686961 0.0869908 -0.0231886 -3.14346 0.624131 9.68205 
7.26666 0.722668 0.598888 0.241814 0.246192 -4.86597 20.1563 4.2803 0.0686961 0.0869908 -0.0231886 -3.14346 0.624131 9.68205 
7.29999 0.722114 0.596683 0.243588 0.251366 -4.98462 20.0179 4.21413 0.0686961 0.0869908 -0.0231886 -3.14346 0.624131 9.68205 
7.33333 0.721457 0.594546 0.245358 0.256543 -5.10217 19.8779 4.15682 0.0686961 0.0869908 -0.0231886 -3.14346 0.624131 9.68205 
7.36666 0.720696 0.592477 0.247127 0.261721 -5.2186 19.7362 4.10902 0.0686961 0.0869908 -0.0231886 -3.14346 0.624131 9.68205 
7.39999 0.719829 0.590477 0.248897 0.266896 -5.33392 19.5929 4.07122 0.0686961 0.0869908 -0.0231886 -3.14346 0.624131 9.68205 
7.43333 0.718858 0.588548 0.25067 0.272065 -5.4481 19.448 4.04386 0.0686961 0.0869908 -0.0231886 -3.14346 0.624131 9.68205 
7.46666 0.717781 0.58669 0.25245 0.277226 -5.56112 19.3016 4.02722 0.0686961 0.0869908 -0.0231886 -3.14346 0.624131 9.68205 
7.49999 0.716599 0.584904 0.254238 0.282376 -5.67299 19.1535 4.02149 0.0686961 0.0869908 -0.0231886 -3.14346 0.624131 9.68205 
7.53333 0.715312 0.58319 0.256038 0.28751 -5.78368 19.0039 4.02673 0.0686961 0.0869908 -0.0231886 -3.14346 0.624131 9.68205 
7.56666 0.713921 0.581549 0.25785 0.292627 -5.89318 18.8527 4.04287 0.0686961 0.0869908 -0.0231886 -3.14346 0.624131 9.68205 
7.59999 0.712425 0.579982 0.259679 0.297723 -6.00148 18.7 4.06974 0.0686961 0.0869908 -0.0231886 -3.14346 0.624131 9.68205 
7.63333 0.710825 0.578487 0.261525 0.302796 -6.10857 18.5458 4.10703 0.0686961 0.0869908 -0.0231886 -3.14346 0.624131 9.68205 
7.66666 0.709122 0.577066 0.263391 0.307841 -6.21444 18.3902 4.15435 0.0686961 0.0869908 -0.0231886 -3.14346 0.624131 9.68205 
7.69999 0.707316 0.575718 0.26528 0.312857 -6.31908 18.233 4.21117 0.0686961 0.0869908 -0.0231886 -3.14346 0.624131 9.68205 
7.73333 0.705408 0.574444 0.267194 0.317839 -6.42246 18.0744 4.27686 0.0686961 0.0869908 -0.0231886 -3.14346 0.624131 9.68205 
7.76666 0.703399 0.573242 0.269134 0.322786 -6.52459 17.9143 4.35071 0.0686961 0.0869908 -0.0231886 -3.14346 0.624131 9.68205 
7.79999 0.701291 0.572112 0.271102 0.327693 -6.62545 17.7529 4.4319 0.0686961 0.0869908 -0.0231886 -3.14346 0.624131 9.68205 
7.83333 0.699084 0.571053 0.273102 0.332559 -6.72503 17.59 4.51954 0.0686961 0.0869908 -0.0231886 -3.14346 0.624131 9.68205 
7.86666 0.696779 0.570065 0.275134 0.337381 -6.82332 17.4257 4.61267 0.0686961 0.0869908 -0.0231886 -3.14346 0.624131 9.68205 
7.89999 0.694378 0.569148 0.277201 0.342154 -6.92031 17.2601 4.71026 0.0686961 0.0869908 -0.0231886 -3.14346 0.624131 9.68205 
7.93333 0.691883 0.568299 0.279303 0.346877 -7.01598 17.0931 4.81126 0.0686961 0.0869908 -0.0231886 -3.14346 0.624131 9.68205 
7.96666 0.689295 0.567517 0.281444 0.351548 -7.11033 16.9248 4.91455 0.0686961 0.0869908 -0.0231886 -3.14346 0.624131 9.68205 
7.99999 0.686615 0.566803 0.283625 0.356162 -7.20334 16.7552 5.01899 0.0686961 0.0869908 -0.0231886 -3.14346 0.624131 9.68205 
8.03333 0.683845 0.566153 0.285847 0.360718 -7.29501 16.5843 5.12345 0.0686961 0.0869908 -0.0231886 -3.14346 0.624131 9.68205 
8.06666 0.680988 0.565567 0.288112 0.365214 -7.38533 16.4122 5.22678 0.0686961 0.0869908 -0.0231886 -3.14346 0.624131 9.68205 
8.09999 0.678044 0.565043 0.290421 0.369646 -7.47429 16.2387 5.32784 0.0686961 0.0869908 -0.0231886 -3.14346 0.624131 9.68205 
8.13333 0.675017 0.564579 0.292776 0.374012 -7.56187 16.0641 5.42552 0.0686961 0.0869908 -0.0231886 -3.14346 0.624131 9.68205 
8.16666 0.671907 0.564174 0.295178 0.37831 -7.64806 15.8882 5.51877 0.0686961 0.0869908 -0.0231886 -3.14346 0.624131 9.68205 
8.2 0.668718 0.563825 0.297628 0.382538 -7.73287 15.7111 5.60654 0.0686961 0.0869908 -0.0231886 -3.14346 0.624131 9.68205 
8.23333 0.665451 0.56353 0.300128 0.386693 -7.81627 15.5329 5.6879 0.0686961 0.0869908 -0.0231886 -3.14346 0.624131 9.68205 
8.26666 0.662109 0.563287 0.302678 0.390774 -7.89826 15.3535 5.76193 0.0686961 0.0869908 -0.0231886 -3.14346 0.624131 9.68205 
8.3 0.658694 0.563095 0.30528 0.394779 -7.97883 15.1729 5.82783 0.0686961 0.0869908 -0.0231886 -3.14346 0.624131 9.68205 
8.33333 0.655209 0.562949 0.307934 0.398706 -8.05797 14.9913 5.88488 0.0686961 0.0869908 -0.0231886 -3.14346 0.624131 9.68205 
8.36666 0.651655 0.562849 0.310642 0.402552 -8.13567 14.8086 5.93245 0.0686961 0.0869908 -0.0231886 -3.14346 0.624131 9.68205 
8.4 0.648036 0.562791 0.313404 0.406317 -8.21192 14.6247 5.97003 0.0686961 0.0869908 -0.0231886 -3.14346 0.624131 9.68205 
8.43333 0.644354 0.562772 0.316221 0.41 -8.28673 14.4399 5.9972 0.0686961 0.0869908 -0.0231886 -3.14346 0.624131 9.68205 
8.46667 0.640612 0.562791 0.319093 0.413597 -8.36006 14.2539 6.01366 0.0686961 0.0869908 -0.0231886 -3.14346 0.624131 9.68205 
8.5 0.636812 0.562843 0.322022 0.417109 -8.43193 14.067 6.01924 0.0686961 0.0869908 -0.0231886 -3.14346 0.624131 9.68205 
8.53333 0.632957 0.562926 0.325007 0.420535 -8.50232 13.8791 6.01387 0.0686961 0.0869908 -0.0231886 -3.14346 0.624131 9.68205 
8.56667 0.629051 0.563038 0.328049 0.423872 -8.57122 13.6902 5.99762 0.0686961 0.0869908 -0.0231886 -3.14346 0.624131 9.68205 
8.6 0.625095 0.563174 0.331148 0.427121 -8.63863 13.5004 5.97066 0.0686961 0.0869908 -0.0231886 -3.14346 0.624131 9.68205 
8.63334 0.621092 0.563333 0.334304 0.43028 -8.70453 13.3096 5.9333 0.0686961 0.0869908 -0.0231886 -3.14346 0.624131 9.68205 
8.66667 0.617046 0.56351 0.337518 0.43335 -8.76893 13.1179 5.88593 0.0686961 0.0869908 -0.0231886 -3.14346 0.624131 9.68205 
8.7 0.61296 0.563702 0.340789 0.436329 -8.83181 12.9254 5.82909 0.0686961 0.0869908 -0.0231886 -3.14346 0.624131 9.68205 
8.73334 0.608836 0.563906 0.344118 0.439217 -8.89317 12.7319 5.76339 0.0686961 0.0869908 -0.0231886 -3.14346 0.624131 9.68205 
8.76667 0.604676 0.56412 0.347504 0.442014 -8.953 12.5377 5.68957 0.0686961 0.0869908 -0.0231886 -3.14346 0.624131 9.68205 
8.8 0.600485 0.564338 0.350948 0.44472 -9.01129 12.3426 5.60842 0.0686961 0.0869908 -0.0231886 -3.14346 0.624131 9.68205 
8.83334 0.596265 0.564559 0.354447 0.447334 -9.06804 12.1467 5.52084 0.0686961 0.0869908 -0.0231886 -3.14346 0.624131 9.68205 
8.86667 0.592019 0.564778 0.358004 0.449858 -9.12324 11.95 5.42779 0.0686961 0.0869908 -0.0231886 -3.14346 0.624131 9.68205 
8.90001 0.58775 0.564992 0.361616 0.452291 -9.17689 11.7525 5.3303 0.0686961 0.0869908 -0.0231886 -3.14346 0.624131 9.68205 
8.93334 0.583461 0.565198 0.365283 0.454634 -9.22898 11.5544 5.22943 0.0686961 0.0869908 -0.0231886 -3.14346 0.624131 9.68205 
8.96667 0.579155 0.565392 0.369005 0.456888 -9.2795 11.3555 5.12629 0.0686961 0.0869908 -0.0231886 -3.14346 0.624131 9.68205 
9.00001 0.574835 0.56557 0.372781 0.459053 -9.32846 11.1559 5.02201 0.0686961 0.0869908 -0.0231886 -3.14346 0.624131 9.68205 
9.03334 0.570503 0.56573 0.37661 0.46113 -9.37583 10.9556 4.91774 0.0686961 0.0869908 -0.0231886 -3.14346 0.624131 9.68205 
9.06667 0.566163 0.565867 0.380491 0.463121 -9.42162 10.7547 4.81463 0.0686961 0.0869908 -0.0231886 -3.14346 0.624131 9.68205 
9.10001 0.561817 0.565979 0.384423 0.465025 -9.46583 10.5532 4.7138 0.0686961 0.0869908 -0.0231886 -3.14346 0.624131 9.68205 
9.13334 0.557469 0.566061 0.388405 0.466846 -9.50845 10.3511 4.61636 0.0686961 0.0869908 -0.0231886 -3.14346 0.624131 9.68205 
9.16668 0.553122 0.566111 0.392435 0.468583 -9.54947 10.1483 4.52339 0.0686961 0.0869908 -0.0231886 -3.14346 0.624131 9.68205 
9.20001 0.548777 0.566124 0.396513 0.470239 -9.58889 9.94506 4.4359 0.0686961 0.0869908 -0.0231886 -3.14346 0.624131 9.68205 
9.23334 0.544438 0.566099 0.400637 0.471815 -9.6267 9.74125 4.35486 0.0686961 0.0869908 -0.0231886 -3.14346 0.624131 9.68205 
9.26668 0.540107 0.566031 0.404806 0.473314 -9.66291 9.53692 4.28116 0.0686961 0.0869908 -0.0231886 -3.14346 0.624131 9.68205 
9.30001 0.535788 0.565917 0.409017 0.474736 -9.6975 9.3321 4.2156 0.0686961 0.0869908 -0.0231886 -3.14346 0.624131 9.68205 
9.33334 0.531483 0.565754 0.41327 0.476084 -9.73048 9.12681 4.15891 0.0686961 0.0869908 -0.0231886 -3.14346 0.624131 9.68205 
9.36668 0.527194 0.565539 0.417563 0.477361 -9.76184 8.92107 4.11172 0.0686961 0.0869908 -0.0231886 -3.14346 0.624131 9.68205 
9.40001 0.522924 0.565269 0.421894 0.478568 -9.79158 8.71491 4.07454 0.0686961 0.0869908 -0.0231886 -3.14346 0.624131 9.68205 
9.43335 0.518675 0.564941 0.426261 0.479707 -9.81969 8.50834 4.04779 0.0686961 0.0869908 -0.0231886 -3.14346 0.624131 9.68205 
9.46668 0.514451 0.564552 0.430663 0.480782 -9.84617 8.3014 4.03175 0.0686961 0.0869908 -0.0231886 -3.14346 0.624131 9.68205 
9.50001 0.510253 0.564099 0.435096 0.481794 -9.87102 8.0941 4.02662 0.0686961 0.0869908 -0.0231886 -3.14346 0.624131 9.68205 
9.53335 0.506084 0.563579 0.43956 0.482747 -9.89424 7.88647 4.03244 0.0686961 0.0869908 -0.0231886 -3.14346 0.624131 9.68205 
9.56668 0.501945 0.562991 0.444052 0.483643 -9.91582 7.67853 4.04917 0.0686961 0.0869908 -0.0231886 -3.14346 0.624131 9.68205 
9.60001 0.49784 0.562331 0.448569 0.484484 -9.93577 7.4703 4.07661 0.0686961 0.0869908 -0.0231886 -3.14346 0.624131 9.68205 
9.63335 0.49377 0.561597 0.45311 0.485274 -9.95407 7.26181 4.11447 0.0686961 0.0869908 -0.0231886 -3.14346 0.624131 9.68205 
9.66668 0.489737 0.560787 0.457673 0.486016 -9.97073 7.05307 4.16235 0.0686961 0.0869908 -0.0231886 -3.14346 0.624131 9.68205 
9.70002 0.485743 0.559898 0.462254 0.486713 -9.98575 6.84412 4.21971 0.0686961 0.0869908 -0.0231886 -3.14346 0.624131 9.68205 
9.73335 0.481791 0.558929 0.466851 0.487367 -9.99913 6.63497 4.28594 0.0686961 0.0869908 -0.0231886 -3.14346 0.624131 9.68205 
9.76668 0.477882 0.557877 0.471462 0.487982 -10.0109 6.42565 4.36031 0.0686961 0.0869908 -0.0231886 -3.14346 0.624131 9.68205 
9.80002 0.474017 0.556741 0.476085 0.48856 -10.0209 6.21618 4.442 0.0686961 0.0869908 -0.0231886 -3.14346 0.624131 9.68205 
9.83335 0.470199 0.555518 0.480716 0.489106 -10.0294 6.00658 4.53014 0.0686961 0.0869908 -0.0231886 -3.14346 0.624131 9.68205 
9.86668 0.466428 0.554208 0.485353 0.489623 -10.0362 5.79688 4.62376 0.0686961 0.0869908 -0.0231886 -3.14346 0.624131 9.68205 
9.90002 0.462708 0.552809 0.489994 0.490113 -10.0413 5.5871 4.72183 0.0686961 0.0869908 -0.0231886 -3.14346 0.624131 9.68205 
9.93335 0.459038 0.551319 0.494635 0.490579 -10.0448 5.37726 4.82328 0.0686961 0.0869908 -0.0231886 -3.14346 0.624131 9.68205 
9.96669 0.45542 0.549738 0.499274 0.491026 -10.0466 5.16738 4.92701 0.0686961 0.0869908 -0.0231886 -3.14346 0.624131 9.68205 
10 0.451856 0.548064 0.503908 0.491457 -10.0468 4.9575 5.03188 0.0686961 0.0869908 -0.0231886 -3.14346 0.624131 9.68205 
10.0334 0.448346 0.546296 0.508534 0.491874 -10.0454 4.74762 5.13674 0.0686961 0.0869908 -0.0231886 -3.14346 0.624131 9.68205 
10.0667 0.444892 0.544433 0.513149 0.492282 -10.0423 4.53778 5.24046 0.0686961 0.0869908 -0.0231886 -3.14346 0.624131 9.68205 
10.1 0.441495 0.542476 0.517751 0.492682 -10.0375 4.328 5.3419 0.0686961 0.0869908 -0.0231886 -3.14346 0.624131 9.68205 
10.1334 0.438156 0.540423 0.522336 0.49308 -10.0311 4.11829 5.43994 0.0686961 0.0869908 -0.0231886 -3.14346 0.624131 9.68205 
10.1667 0.434874 0.538274 0.526902 0.493477 -10.0231 3.90869 5.53352 0.0686961 0.0869908 -0.0231886 -3.14346 0.624131 9.68205 
10.2 0.431652 0.536028 0.531446 0.493878 -10.0134 3.69922 5.62162 0.0686961 0.0869908 -0.0231886 -3.14346 0.624131 9.68205 
10.2334 0.428489 0.533686 0.535964 0.494286 -10.0021 3.48989 5.70328 0.0686961 0.0869908 -0.0231886 -3.14346 0.624131 9.68205 
10.2667 0.425387 0.531248 0.540454 0.494702 -9.98911 3.28073 5.77759 0.0686961 0.0869908 -0.0231886 -3.14346 0.624131 9.68205 
10.3 0.422345 0.528714 0.544913 0.495132 -9.97451 3.07177 5.84376 0.0686961 0.0869908 -0.0231886 -3.14346 0.624131 9.68205 
10.3334 0.419364 0.526084 0.549338 0.495578 -9.95827 2.86303 5.90106 0.0686961 0.0869908 -0.0231886 -3.14346 0.624131 9.68205 
10.3667 0.416444 0.523358 0.553726 0.496042 -9.94039 2.65452 5.94887 0.0686961 0.0869908 -0.0231886 -3.14346 0.624131 9.68205 
10.4 0.413585 0.520537 0.558075 0.496529 -9.92089 2.44628 5.98665 0.0686961 0.0869908 -0.0231886 -3.14346 0.624131 9.68205 
10.4334 0.410788 0.517622 0.56238 0.49704 -9.89975 2.23832 6.01401 0.0686961 0.0869908 -0.0231886 -3.14346 0.624131 9.68205 
10.4667 0.408052 0.514614 0.56664 0.497579 -9.87699 2.03066 6.03065 0.0686961 0.0869908 -0.0231886 -3.14346 0.624131 9.68205 
10.5 0.405376 0.511513 0.570852 0.498149 -9.8526 1.82334 6.03638 0.0686961 0.0869908 -0.0231886 -3.14346 0.624131 9.68205 
10.5334 0.402762 0.508321 0.575012 0.498752 -9.82659 1.61637 6.03115 0.0686961 0.0869908 -0.0231886 -3.14346 0.624131 9.68205 
10.5667 0.400208 0.505039 0.579119 0.499391 -9.79897 1.40977 6.01502 0.0686961 0.0869908 -0.0231886 -3.14346 0.624131 9.68205 
10.6 0.397714 0.501667 0.583168 0.500068 -9.76973 1.20357 5.98816 0.0686961 0.0869908 -0.0231886 -3.14346 0.624131 9.68205 
10.6334 0.395279 0.498209 0.587159 0.500786 -9.73888 0.997787 5.95087 0.0686961 0.0869908 -0.0231886 -3.14346 0.624131 9.68205 
10.6667 0.392903 0.494664 0.591087 0.501548 -9.70642 0.792446 5.90357 0.0686961 0.0869908 -0.0231886 -3.14346 0.624131 9.68205 
10.7 0.390585 0.491035 0.594951 0.502356 -9.67236 0.587568 5.84677 0.0686961 0.0869908 -0.0231886 -3.14346 0.624131 9.68205 
10.7334 0.388325 0.487324 0.598747 0.503211 -9.6367 0.383175 5.78109 0.0686961 0.0869908 -0.0231886 -3.14346 0.624131 9.68205 
10.7667 0.38612 0.483531 0.602474 0.504117 -9.59945 0.179289 5.70727 0.0686961 0.0869908 -0.0231886 -3.14346 0.624131 9.68205 
10.8 0.383971 0.47966 0.606129 0.505074 -9.5606 -0.0240669 5.62611 0.0686961 0.0869908 -0.0231886 -3.14346 0.624131 9.68205 
10.8334 0.381876 0.475713 0.609709 0.506086 -9.52017 -0.226872 5.5385 0.0686961 0.0869908 -0.0231886 -3.14346 0.624131 9.68205 
10.8667 0.379834 0.47169 0.613213 0.507153 -9.47816 -0.429105 5.4454 0.0686961 0.0869908 -0.0231886 -3.14346 0.624131 9.68205 
10.9 0.377844 0.467596 0.616638 0.508278 -9.43456 -0.630742 5.34784 0.0686961 0.0869908 -0.0231886 -3.14346 0.624131 9.68205 
10.9334 0.375904 0.463431 0.619981 0.509462 -9.3894 -0.831764 5.24689 0.0686961 0.0869908 -0.0231886 -3.14346 0.624131 9.68205 
10.9667 0.374013 0.459198 0.623242 0.510706 -9.34267 -1.03215 5.14364 0.0686961 0.0869908 -0.0231886 -3.14346 0.624131 9.68205 
11 0.372169 0.454901 0.626418 0.512012 -9.29437 -1.23187 5.03925 0.0686961 0.0869908 -0.0231886 -3.14346 0.624131 9.68205 
11.0334 0.370371 0.45054 0.629506 0.513382 -9.24452 -1.43091 4.93484 0.0686961 0.0869908 -0.0231886 -3.14346 0.624131 9.68205 
11.0667 0.368616 0.44612 0.632506 0.514816 -9.19312 -1.62925 4.83157 0.0686961 0.0869908 -0.0231886 -3.14346 0.624131 9.68205 
11.1 0.366904 0.441641 0.635416 0.516315 -9.14017 -1.82687 4.73057 0.0686961 0.0869908 -0.0231886 -3.14346 0.624131 9.68205 
11.1334 0.365232 0.437109 0.638233 0.51788 -9.08569 -2.02374 4.63295 0.0686961 0.0869908 -0.0231886 -3.14346 0.624131 9.68205 
11.1667 0.363598 0.432524 0.640957 0.519513 -9.02966 -2.21985 4.53978 0.0686961 0.0869908 -0.0231886 -3.14346 0.624131 9.68205 
11.2 0.362001 0.427889 0.643586 0.521213 -8.97211 -2.41517 4.45207 0.0686961 0.0869908 -0.0231886 -3.14346 0.624131 9.68205 
11.2334 0.360437 0.423209 0.646119 0.522982 -8.91304 -2.60968 4.37079 0.0686961 0.0869908 -0.0231886 -3.14346 0.624131 9.68205 
11.2667 0.358906 0.418484 0.648554 0.524819 -8.85245 -2.80336 4.29684 0.0686961 0.0869908 -0.0231886 -3.14346 0.624131 9.68205 
11.3 0.357404 0.413719 0.650891 0.526725 -8.79035 -2.99619 4.23102 0.0686961 0.0869908 -0.0231886 -3.14346 0.624131 9.68205 
11.3334 0.35593 0.408917 0.653129 0.528701 -8.72675 -3.18815 4.17405 0.0686961 0.0869908 -0.0231886 -3.14346 0.624131 9.68205 
11.3667 0.35448 0.404079 0.655266 0.530745 -8.66166 -3.37922 4.12656 0.0686961 0.0869908 -0.0231886 -3.14346 0.624131 9.68205 
11.4 0.353053 0.39921 0.657302 0.532859 -8.59507 -3.56938 4.08907 0.0686961 0.0869908 -0.0231886 -3.14346 0.624131 9.68205 
11.4334 0.351647 0.394312 0.659236 0.535042 -8.527 -3.7586 4.06198 0.0686961 0.0869908 -0.0231886 -3.14346 0.624131 9.68205 
11.4667 0.350257 0.389388 0.661068 0.537294 -8.45746 -3.94688 4.04561 0.0686961 0.0869908 -0.0231886 -3.14346 0.624131 9.68205 
11.5 0.348883 0.384442 0.662798 0.539615 -8.38645 -4.13417 4.04012 0.0686961 0.0869908 -0.0231886 -3.14346 0.624131 9.68205 
11.5334 0.347521 0.379476 0.664425 0.542003 -8.31398 -4.32048 4.04558 0.0686961 0.0869908 -0.0231886 -3.14346 0.624131 9.68205 
11.5667 0.346168 0.374492 0.665949 0.544459 -8.24005 -4.50577 4.06192 0.0686961 0.0869908 -0.0231886 -3.14346 0.624131 9.68205 
11.6 0.344822 0.369495 0.66737 0.546981 -8.16468 -4.69002 4.08896 0.0686961 0.0869908 -0.0231886 -3.14346 0.624131 9.68205 
11.6334 0.343481 0.364488 0.668688 0.549569 -8.08788 -4.87323 4.12642 0.0686961 0.0869908 -0.0231886 -3.14346 0.624131 9.68205 
11.6667 0.34214 0.359472 0.669904 0.552221 -8.00964 -5.05536 4.17387 0.0686961 0.0869908 -0.0231886 -3.14346 0.624131 9.68205 
11.7 0.340798 0.354451 0.671018 0.554937 -7.92998 -5.23639 4.2308 0.0686961 0.0869908 -0.0231886 -3.14346 0.624131 9.68205 
11.7334 0.339452 0.349428 0.672031 0.557716 -7.84891 -5.41631 4.29658 0.0686961 0.0869908 -0.0231886 -3.14346 0.624131 9.68205 
11.7667 0.338099 0.344406 0.672942 0.560556 -7.76644 -5.5951 4.3705 0.0686961 0.0869908 -0.0231886 -3.14346 0.624131 9.68205 
11.8 0.336735 0.339388 0.673753 0.563456 -7.68257 -5.77274 4.45173 0.0686961 0.0869908 -0.0231886 -3.14346 0.624131 9.68205 
11.8334 0.335358 0.334375 0.674465 0.566414 -7.59731 -5.9492 4.53939 0.0686961 0.0869908 -0.0231886 -3.14346 0.624131 9.68205 
11.8667 0.333966 0.329373 0.675079 0.569429 -7.51067 -6.12447 4.63251 0.0686961 0.0869908 -0.0231886 -3.14346 0.624131 9.68205 
11.9 0.332555 0.324381 0.675596 0.572498 -7.42267 -6.29854 4.73008 0.0686961 0.0869908 -0.0231886 -3.14346 0.624131 9.68205 
11.9334 0.331122 0.319405 0.676017 0.575622 -7.3333 -6.47137 4.83102 0.0686961 0.0869908 -0.0231886 -3.14346 0.624131 9.68205 
11.9667 0.329665 0.314445 0.676344 0.578796 -7.24258 -6.64295 4.93423 0.0686961 0.0869908 -0.0231886 -3.14346 0.624131 9.68205 
12 0.32818 0.309505 0.676578 0.58202 -7.15052 -6.81327 5.03858 0.0686961 0.0869908 -0.0231886 -3.14346 0.624131 9.68205 
12.0334 0.326666 0.304587 0.67672 0.585291 -7.05713 -6.9823 5.14291 0.0686961 0.0869908 -0.0231886 -3.14346 0.624131 9.68205 
12.0667 0.325118 0.299693 0.676774 0.588608 -6.96241 -7.15003 5.24608 0.0686961 0.0869908 -0.0231886 -3.14346 0.624131 9.68205 
12.1 0.323535 0.294826 0.67674 0.591967 -6.86638 -7.31643 5.34697 0.0686961 0.0869908 -0.0231886 -3.14346 0.624131 9.68205 
12.1334 0.321914 0.289988 0.676621 0.595367 -6.76905 -7.48149 5.44445 0.0686961 0.0869908 -0.0231886 -3.14346 0.624131 9.68205 
12.1667 0.320251 0.285181 0.676419 0.598806 -6.67043 -7.64519 5.53747 0.0686961 0.0869908 -0.0231886 -3.14346 0.624131 9.68205 
12.2 0.318545 0.280408 0.676135 0.60228 -6.57052 -7.80751 5.625 0.0686961 0.0869908 -0.0231886 -3.14346 0.624131 9.68205 
12.2334 0.316792 0.27567 0.675773 0.605788 -6.46934 -7.96843 5.70608 0.0686961 0.0869908 -0.0231886 -3.14346 0.624131 9.68205 
12.2667 0.314991 0.270969 0.675335 0.609327 -6.3669 -8.12794 5.77982 0.0686961 0.0869908 -0.0231886 -3.14346 0.624131 9.68205 
12.3001 0.313139 0.266307 0.674824 0.612893 -6.26321 -8.28602 5.84541 0.0686961 0.0869908 -0.0231886 -3.14346 0.624131 9.68205 
12.3334 0.311233 0.261685 0.674241 0.616485 -6.15828 -8.44265 5.90212 0.0686961 0.0869908 -0.0231886 -3.14346 0.624131 9.68205 
12.3667 0.309271 0.257107 0.67359 0.6201 -6.05212 -8.59781 5.94934 0.0686961 0.0869908 -0.0231886 -3.14346 0.624131 9.68205 
12.4001 0.307251 0.252572 0.672874 0.623735 -5.94475 -8.75149 5.98654 0.0686961 0.0869908 -0.0231886 -3.14346 0.624131 9.68205 
12.4334 0.30517 0.248083 0.672096 0.627386 -5.83616 -8.90366 6.01331 0.0686961 0.0869908 -0.0231886 -3.14346 0.624131 9.68205 
12.4667 0.303028 0.243641 0.671258 0.631052 -5.72639 -9.05432 6.02935 0.0686961 0.0869908 -0.0231886 -3.14346 0.624131 9.68205 
12.5001 0.300821 0.239247 0.670364 0.634728 -5.61543 -9.20344 6.0345 0.0686961 0.0869908 -0.0231886 -3.14346 0.624131 9.68205 
12.5334 0.298548 0.234902 0.669417 0.638413 -5.5033 -9.35101 6.02867 0.0686961 0.0869908 -0.0231886 -3.14346 0.624131 9.68205 
12.5667 0.296208 0.230608 0.66842 0.642103 -5.39 -9.49701 6.01195 0.0686961 0.0869908 -0.0231886 -3.14346 0.624131 9.68205 
12.6001 0.293798 0.226366 0.667376 0.645795 -5.27557 -9.64142 5.98451 0.0686961 0.0869908 -0.0231886 -3.14346 0.624131 9.68205 
12.6334 0.291316 0.222176 0.666289 0.649485 -5.16 -9.78423 5.94664 0.0686961 0.0869908 -0.0231886 -3.14346 0.624131 9.68205 
12.6667 0.288763 0.21804 0.665162 0.653172 -5.0433 -9.92542 5.89875 0.0686961 0.0869908 -0.0231886 -3.14346 0.624131 9.68205 
12.7001 0.286135 0.213957 0.663999 0.656851 -4.9255 -10.065 5.84138 0.0686961 0.0869908 -0.0231886 -3.14346 0.624131 9.68205 
12.7334 0.283433 0.20993 0.662803 0.66052 -4.8066 -10.2029 5.77514 0.0686961 0.0869908 -0.0231886 -3.14346 0.624131 9.68205 
12.7667 0.280654 0.205957 0.661578 0.664176 -4.68661 -10.3391 5.70075 0.0686961 0.0869908 -0.0231886 -3.14346 0.624131 9.68205 
12.8001 0.277798 0.20204 0.660327 0.667815 -4.56555 -10.4737 5.61903 0.0686961 0.0869908 -0.0231886 -3.14346 0.624131 9.68205 
12.8334 0.274865 0.19818 0.659053 0.671433 -4.44344 -10.6066 5.53087 0.0686961 0.0869908 -0.0231886 -3.14346 0.624131 9.68205 
12.8667 0.271853 0.194375 0.657761 0.675029 -4.32028 -10.7377 5.43723 0.0686961 0.0869908 -0.0231886 -3.14346 0.624131 9.68205 
12.9001 0.268762 0.190627 0.656454 0.678599 -4.19608 -10.8672 5.33914 0.0686961 0.0869908 -0.0231886 -3.14346 0.624131 9.68205 
12.9334 0.265591 0.186935 0.655135 0.682139 -4.07088 -10.9949 5.23765 0.0686961 0.0869908 -0.0231886 -3.14346 0.624131 9.68205 
12.9667 0.262341 0.1833 0.653809 0.685648 -3.94466 -11.1208 5.1339 0.0686961 0.0869908 -0.0231886 -3.14346 0.624131 9.68205 
13.0001 0.25901 0.179721 0.652478 0.68912 -3.81746 -11.245 5.029 0.0686961 0.0869908 -0.0231886 -3.14346 0.624131 9.68205 
13.0334 0.255599 0.176198 0.651147 0.692554 -3.68928 -11.3673 4.9241 0.0686961 0.0869908 -0.0231886 -3.14346 0.624131 9.68205 
13.0667 0.252108 0.172731 0.649818 0.695947 -3.56013 -11.4879 4.82035 0.0686961 0.0869908 -0.0231886 -3.14346 0.624131 9.68205 
13.1001 0.248538 0.16932 0.648496 0.699294 -3.43004 -11.6067 4.71888 0.0686961 0.0869908 -0.0231886 -3.14346 0.624131 9.68205 
13.1334 0.244888 0.165964 0.647184 0.702595 -3.29902 -11.7237 4.6208 0.0686961 0.0869908 -0.0231886 -3.14346 0.624131 9.68205 
13.1667 0.241159 0.162662 0.645885 0.705844 -3.16707 -11.8388 4.52718 0.0686961 0.0869908 -0.0231886 -3.14346 0.624131 9.68205 
13.2001 0.237352 0.159414 0.644603 0.70904 -3.03423 -11.9521 4.43904 0.0686961 0.0869908 -0.0231886 -3.14346 0.624131 9.68205 
13.2334 0.233467 0.156219 0.643341 0.71218 -2.90049 -12.0635 4.35734 0.0686961 0.0869908 -0.0231886 -3.14346 0.624131 9.68205 
13.2667 0.229506 0.153077 0.642103 0.715261 -2.76587 -12.173 4.28299 0.0686961 0.0869908 -0.0231886 -3.14346 0.624131 9.68205 
13.3001 0.225469 0.149986 0.640892 0.71828 -2.6304 -12.2807 4.21678 0.0686961 0.0869908 -0.0231886 -3.14346 0.624131 9.68205 
13.3334 0.221357 0.146946 0.639711 0.721234 -2.49408 -12.3864 4.15944 0.0686961 0.0869908 -0.0231886 -3.14346 0.624131 9.68205 
13.3667 0.217172 0.143956 0.638562 0.724121 -2.35693 -12.4902 4.11159 0.0686961 0.0869908 -0.0231886 -3.14346 0.624131 9.68205 
13.4001 0.212915 0.141014 0.637451 0.726938 -2.21897 -12.5921 4.07376 0.0686961 0.0869908 -0.0231886 -3.14346 0.624131 9.68205 
13.4334 0.208588 0.13812 0.636378 0.729683 -2.0802 -12.6921 4.04636 0.0686961 0.0869908 -0.0231886 -3.14346 0.624131 9.68205 
13.4667 0.204192 0.135273 0.635348 0.732353 -1.94066 -12.7902 4.02968 0.0686961 0.0869908 -0.0231886 -3.14346 0.624131 9.68205 
13.5001 0.199729 0.13247 0.634362 0.734945 -1.80034 -12.8862 4.0239 0.0686961 0.0869908 -0.0231886 -3.14346 0.624131 9.68205 
13.5334 0.195201 0.129711 0.633424 0.737459 -1.65927 -12.9803 4.02909 0.0686961 0.0869908 -0.0231886 -3.14346 0.624131 9.68205 
13.5667 0.19061 0.126995 0.632537 0.73989 -1.51747 -13.0725 4.04518 0.0686961 0.0869908 -0.0231886 -3.14346 0.624131 9.68205 
13.6001 0.185957 0.12432 0.631702 0.742238 -1.37494 -13.1626 4.072 0.0686961 0.0869908 -0.0231886 -3.14346 0.624131 9.68205 
13.6334 0.181246 0.121685 0.630922 0.7445 -1.23171 -13.2508 4.10924 0.0686961 0.0869908 -0.0231886 -3.14346 0.624131 9.68205 
13.6667 0.176477 0.119087 0.6302 0.746674 -1.08779 -13.3369 4.15649 0.0686961 0.0869908 -0.0231886 -3.14346 0.624131 9.68205 
13.7001 0.171654 0.116527 0.629538 0.748758 -0.943201 -13.421 4.21325 0.0686961 0.0869908 -0.0231886 -3.14346 0.624131 9.68205 
13.7334 0.16678 0.114001 0.628938 0.75075 -0.797952 -13.5031 4.27887 0.0686961 0.0869908 -0.0231886 -3.14346 0.624131 9.68205 
13.7667 0.161855 0.111508 0.628401 0.752649 -0.652062 -13.5832 4.35265 0.0686961 0.0869908 -0.0231886 -3.14346 0.624131 9.68205 
13.8001 0.156884 0.109047 0.62793 0.754453 -0.505548 -13.6612 4.43376 0.0686961 0.0869908 -0.0231886 -3.14346 0.624131 9.68205 
13.8334 0.151868 0.106617 0.627526 0.756161 -0.358427 -13.7371 4.52133 0.0686961 0.0869908 -0.0231886 -3.14346 0.624131 9.68205 
13.8667 0.146811 0.104214 0.627192 0.757771 -0.210714 -13.811 4.61438 0.0686961 0.0869908 -0.0231886 -3.14346 0.624131 9.68205 
13.9001 0.141715 0.101837 0.626927 0.759281 -0.0624259 -13.8829 4.71189 0.0686961 0.0869908 -0.0231886 -3.14346 0.624131 9.68205 
13.9334 0.136583 0.0994853 0.626735 0.760691 0.08642 -13.9526 4.8128 0.0686961 0.0869908 -0.0231886 -3.14346 0.624131 9.68205 
13.9667 0.131418 0.0971559 0.626615 0.762 0.235808 -14.0203 4.91599 0.0686961 0.0869908 -0.0231886 -3.14346 0.624131 9.68205 
14.0001 0.126223 0.0948472 0.626569 0.763206 0.38572 -14.0858 5.02034 0.0686961 0.0869908 -0.0231886 -3.14346 0.624131 9.68205 
14.0334 0.121 0.0925572 0.626598 0.764308 0.53614 -14.1493 5.12469 0.0686961 0.0869908 -0.0231886 -3.14346 0.624131 9.68205 
14.0667 0.115754 0.0902841 0.626703 0.765306 0.687052 -14.2107 5.22791 0.0686961 0.0869908 -0.0231886 -3.14346 0.624131 9.68205 
14.1001 0.110487 0.0880257 0.626885 0.766198 0.838438 -14.2699 5.32886 0.0686961 0.0869908 -0.0231886 -3.14346 0.624131 9.68205 
14.1334 0.105201 0.0857802 0.627143 0.766985 0.990281 -14.3271 5.42644 0.0686961 0.0869908 -0.0231886 -3.14346 0.624131 9.68205 
14.1667 0.0999014 0.0835454 0.627478 0.767666 1.14257 -14.3821 5.51956 0.0686961 0.0869908 -0.0231886 -3.14346 0.624131 9.68205 
14.2001 0.0945895 0.0813193 0.62789 0.768241 1.29527 -14.435 5.60722 0.0686961 0.0869908 -0.0231886 -3.14346 0.624131 9.68205 
14.2334 0.0892691 0.0790999 0.628381 0.768708 1.44839 -14.4857 5.68845 0.0686961 0.0869908 -0.0231886 -3.14346 0.624131 9.68205 
14.2667 0.0839432 0.076885 0.628948 0.769069 1.60189 -14.5343 5.76236 0.0686961 0.0869908 -0.0231886 -3.14346 0.624131 9.68205 
14.3001 0.0786151 0.0746726 0.629593 0.769322 1.75577 -14.5807 5.82813 0.0686961 0.0869908 -0.0231886 -3.14346 0.624131 9.68205 
14.3334 0.0732877 0.0724605 0.630315 0.769468 1.91 -14.625 5.88506 0.0686961 0.0869908 -0.0231886 -3.14346 0.624131 9.68205 
14.3667 0.0679642 0.0702467 0.631113 0.769508 2.06457 -14.6672 5.9325 0.0686961 0.0869908 -0.0231886 -3.14346 0.624131 9.68205 
14.4001 0.0626478 0.0680289 0.631987 0.769441 2.21946 -14.7071 5.96995 0.0686961 0.0869908 -0.0231886 -3.14346 0.624131 9.68205 
14.4334 0.0573415 0.0658051 0.632936 0.769268 2.37465 -14.7449 5.99699 0.0686961 0.0869908 -0.0231886 -3.14346 0.624131 9.68205 
14.4667 0.0520483 0.0635732 0.633959 0.76899 2.53013 -14.7806 6.01332 0.0686961 0.0869908 -0.0231886 -3.14346 0.624131 9.68205 
14.5001 0.0467713 0.0613309 0.635056 0.768606 2.68588 -14.814 6.01877 0.0686961 0.0869908 -0.0231886 -3.14346 0.624131 9.68205 
14.5334 0.0415135 0.0590763 0.636224 0.768118 2.84188 -14.8453 6.01327 0.0686961 0.0869908 -0.0231886 -3.14346 0.624131 9.68205 
14.5667 0.0362777 0.0568071 0.637463 0.767527 2.99811 -14.8744 5.99689 0.0686961 0.0869908 -0.0231886 -3.14346 0.624131 9.68205 
14.6001 0.0310669 0.0545212 0.638771 0.766833 3.15456 -14.9013 5.96981 0.0686961 0.0869908 -0.0231886 -3.14346 0.624131 9.68205 
14.6334 0.0258839 0.0522166 0.640147 0.766038 3.31122 -14.9261 5.93232 0.0686961 0.0869908 -0.0231886 -3.14346 0.624131 9.68205 
14.6667 0.0207315 0.0498911 0.641589 0.765143 3.46805 -14.9486 5.88483 0.0686961 0.0869908 -0.0231886 -3.14346 0.624131 9.68205 
14.7001 0.0156123 0.0475426 0.643096 0.764149 3.62505 -14.9689 5.82787 0.0686961 0.0869908 -0.0231886 -3.14346 0.624131 9.68205 
14.7334 0.010529 0.0451692 0.644664 0.763057 3.78219 -14.9871 5.76206 0.0686961 0.0869908 -0.0231886 -3.14346 0.624131 9.68205 
14.7668 0.00548426 0.0427688 0.646293 0.76187 3.93947 -15.003 5.68812 0.0686961 0.0869908 -0.0231886 -3.14346 0.624131 9.68205 
14.8001 0.000480471 0.0403393 0.647981 0.760588 4.09686 -15.0168 5.60686 0.0686961 0.0869908 -0.0231886 -3.14346 0.624131 9.68205 
14.8334 -0.00447994 0.0378788 0.649724 0.759213 4.25434 -15.0283 5.51918 0.0686961 0.0869908 -0.0231886 -3.14346 0.624131 9.68205 
14.8668 -0.00939463 0.0353853 0.65152 0.757747 4.4119 -15.0377 5.42603 0.0686961 0.0869908 -0.0231886 -3.14346 0.624131 9.68205 
14.9001 -0.0142614 0.0328569 0.653368 0.756193 4.56952 -15.0448 5.32844 0.0686961 0.0869908 -0.0231886 -3.14346 0.624131 9.68205 
14.9334 -0.019078 0.0302918 0.655264 0.754551 4.72719 -15.0498 5.22748 0.0686961 0.0869908 -0.0231886 -3.14346 0.624131 9.68205 
14.9668 -0.0238426 0.027688 0.657206 0.752824 4.88488 -15.0525 5.12425 0.0686961 0.0869908 -0.0231886 -3.14346 0.624131 9.68205 
15.0001 -0.028553 0.0250439 0.659192 0.751015 5.04257 -15.0531 5.01989 0.0686961 0.0869908 -0.0231886 -3.14346 0.624131 9.68205 
15.0334 -0.0332075 0.0223576 0.661217 0.749125 5.20026 -15.0514 4.91555 0.0686961 0.0869908 -0.0231886 -3.14346 0.624131 9.68205 
15.0668 -0.0378044 0.0196274 0.66328 0.747158 5.35792 -15.0475 4.81236 0.0686961 0.0869908 -0.0231886 -3.14346 0.624131 9.68205 
15.1001 -0.0423419 0.0168518 0.665378 0.745114 5.51554 -15.0415 4.71147 0.0686961 0.0869908 -0.0231886 -3.14346 0.624131 9.68205 
15.1334 -0.0468187 0.0140292 0.667507 0.742998 5.67309 -15.0332 4.61397 0.0686961 0.0869908 -0.0231886 -3.14346 0.624131 9.68205 
15.1668 -0.0512332 0.0111579 0.669664 0.740811 5.83057 -15.0227 4.52094 0.0686961 0.0869908 -0.0231886 -3.14346 0.624131 9.68205 
15.2001 -0.0555843 0.00823656 0.671846 0.738557 5.98795 -15.0101 4.4334 0.0686961 0.0869908 -0.0231886 -3.14346 0.624131 9.68205 
15.2334 -0.0598706 0.00526379 0.67405 0.736237 6.14521 -14.9952 4.35231 0.0686961 0.0869908 -0.0231886 -3.14346 0.624131 9.68205 
15.2668 -0.0640913 0.00223827 0.676272 0.733855 6.30235 -14.9781 4.27857 0.0686961 0.0869908 -0.0231886 -3.14346 0.624131 9.68205 
15.3001 -0.0682453 -0.00084127 0.67851 0.731414 6.45933 -14.9589 4.21298 0.0686961 0.0869908 -0.0231886 -3.14346 0.624131 9.68205 
15.3334 -0.0723318 -0.00397598 0.680759 0.728917 6.61615 -14.9374 4.15626 0.0686961 0.0869908 -0.0231886 -3.14346 0.624131 9.68205 
15.3668 -0.0763502 -0.00716697 0.683016 0.726366 6.77279 -14.9138 4.10904 0.0686961 0.0869908 -0.0231886 -3.14346 0.624131 9.68205 
15.4001 -0.0802998 -0.0104152 0.685279 0.723765 6.92922 -14.888 4.07184 0.0686961 0.0869908 -0.0231886 -3.14346 0.624131 9.68205 
15.4334 -0.0841803 -0.0137217 0.687543 0.721118 7.08544 -14.8599 4.04506 0.0686961 0.0869908 -0.0231886 -3.14346 0.624131 9.68205 
15.4668 -0.0879914 -0.0170872 0.689804 0.718426 7.24142 -14.8298 4.02901 0.0686961 0.0869908 -0.0231886 -3.14346 0.624131 9.68205 
15.5001 -0.0917327 -0.0205124 0.69206 0.715693 7.39715 -14.7974 4.02386 0.0686961 0.0869908 -0.0231886 -3.14346 0.624131 9.68205 
15.5334 -0.0954044 -0.023998 0.694307 0.712923 7.55261 -14.7628 4.02968 0.0686961 0.0869908 -0.0231886 -3.14346 0.624131 9.68205 
15.5668 -0.0990063 -0.0275447 0.696541 0.710119 7.70779 -14.7261 4.0464 0.0686961 0.0869908 -0.0231886 -3.14346 0.624131 9.68205 
15.6001 -0.102539 -0.0311527 0.698759 0.707284 7.86266 -14.6873 4.07384 0.0686961 0.0869908 -0.0231886 -3.14346 0.624131 9.68205 
15.6334 -0.106002 -0.0348225 0.700957 0.704422 8.01721 -14.6462 4.1117 0.0686961 0.0869908 -0.0231886 -3.14346 0.624131 9.68205 
15.6668 -0.109396 -0.0385542 0.703132 0.701535 8.17142 -14.603 4.15957 0.0686961 0.0869908 -0.0231886 -3.14346 0.624131 9.68205 
15.7001 -0.112722 -0.0423482 0.70528 0.698628 8.32527 -14.5577 4.21694 0.0686961 0.0869908 -0.0231886 -3.14346 0.624131 9.68205 
15.7334 -0.115981 -0.0462043 0.707398 0.695703 8.47876 -14.5102 4.28317 0.0686961 0.0869908 -0.0231886 -3.14346 0.624131 9.68205 
15.7668 -0.119172 -0.0501225 0.709482 0.692764 8.63186 -14.4606 4.35755 0.0686961 0.0869908 -0.0231886 -3.14346 0.624131 9.68205 
15.8001 -0.122297 -0.0541026 0.711528 0.689814 8.78455 -14.4088 4.43925 0.0686961 0.0869908 -0.0231886 -3.14346 0.624131 9.68205 
15.8334 -0.125358 -0.0581444 0.713535 0.686857 8.93682 -14.3549 4.5274 0.0686961 0.0869908 -0.0231886 -3.14346 0.624131 9.68205 
15.8668 -0.128354 -0.0622474 0.715497 0.683896 9.08865 -14.2989 4.62103 0.0686961 0.0869908 -0.0231886 -3.14346 0.624131 9.68205 
15.9001 -0.131287 -0.0664111 0.717412 0.680935 9.24003 -14.2408 4.71911 0.0686961 0.0869908 -0.0231886 -3.14346 0.624131 9.68205 
15.9334 -0.134159 -0.070635 0.719277 0.677977 9.39094 -14.1806 4.82057 0.0686961 0.0869908 -0.0231886 -3.14346 0.624131 9.68205 
15.9668 -0.136971 -0.0749182 0.721088 0.675024 9.54135 -14.1182 4.92431 0.0686961 0.0869908 -0.0231886 -3.14346 0.624131 9.68205 
16.0001 -0.139723 -0.0792597 0.722843 0.672081 9.69126 -14.0538 5.02919 0.0686961 0.0869908 -0.0231886 -3.14346 0.624131 9.68205 
16.0334 -0.142419 -0.0836589 0.724538 0.669151 9.84065 -13.9873 5.13406 0.0686961 0.0869908 -0.0231886 -3.14346 0.624131 9.68205 
16.0668 -0.145059 -0.0881145 0.72617 0.666237 9.9895 -13.9187 5.23779 0.0686961 0.0869908 -0.0231886 -3.14346 0.624131 9.68205 
16.1001 -0.147645 -0.0926254 0.727736 0.663342 10.1378 -13.848 5.33923 0.0686961 0.0869908 -0.0231886 -3.14346 0.624131 9.68205 
16.1334 -0.150179 -0.0971904 0.729234 0.660468 10.2855 -13.7753 5.43729 0.0686961 0.0869908 -0.0231886 -3.14346 0.624131 9.68205 
16.1668 -0.152663 -0.101808 0.73066 0.65762 10.4327 -13.7005 5.53088 0.0686961 0.0869908 -0.0231886 -3.14346 0.624131 9.68205 
16.2001 -0.155098 -0.106477 0.732013 0.654801 10.5792 -13.6236 5.61899 0.0686961 0.0869908 -0.0231886 -3.14346 0.624131 9.68205 
16.2334 -0.157487 -0.111195 0.733289 0.652012 10.7251 -13.5448 5.70066 0.0686961 0.0869908 -0.0231886 -3.14346 0.624131 9.68205 
16.2668 -0.159832 -0.115961 0.734487 0.649258 10.8704 -13.4638 5.77499 0.0686961 0.0869908 -0.0231886 -3.14346 0.624131 9.68205 
16.3001 -0.162135 -0.120773 0.735603 0.646541 11.0151 -13.3809 5.84118 0.0686961 0.0869908 -0.0231886 -3.14346 0.624131 9.68205 
16.3334 -0.164398 -0.125629 0.736635 0.643863 11.159 -13.296 5.89849 0.0686961 0.0869908 -0.0231886 -3.14346 0.624131 9.68205 
16.3668 -0.166622 -0.130528 0.737581 0.641228 11.3023 -13.209 5.94632 0.0686961 0.0869908 -0.0231886 -3.14346 0.624131 9.68205 
16.4001 -0.168812 -0.135466 0.73844 0.638638 11.4449 -13.1201 5.98413 0.0686961 0.0869908 -0.0231886 -3.14346 0.624131 9.68205 
16.4334 -0.170968 -0.140442 0.739209 0.636095 11.5868 -13.0292 6.01151 0.0686961 0.0869908 -0.0231886 -3.14346 0.624131 9.68205 
16.4668 -0.173093 -0.145454 0.739886 0.633602 11.728 -12.9363 6.02818 0.0686961 0.0869908 -0.0231886 -3.14346 0.624131 9.68205 
16.5001 -0.175189 -0.150499 0.740469 0.631161 11.8684 -12.8415 6.03394 0.0686961 0.0869908 -0.0231886 -3.14346 0.624131 9.68205 
16.5334 -0.177259 -0.155575 0.740958 0.628775 12.0081 -12.7447 6.02874 0.0686961 0.0869908 -0.0231886 -3.14346 0.624131 9.68205 
16.5668 -0.179305 -0.16068 0.741349 0.626445 12.147 -12.6459 6.01264 0.0686961 0.0869908 -0.0231886 -3.14346 0.624131 9.68205 
16.6001 -0.18133 -0.16581 0.741643 0.624174 12.2851 -12.5453 5.98582 0.0686961 0.0869908 -0.0231886 -3.14346 0.624131 9.68205 
16.6334 -0.183335 -0.170963 0.741837 0.621963 12.4224 -12.4427 5.94858 0.0686961 0.0869908 -0.0231886 -3.14346 0.624131 9.68205 
16.6668 -0.185324 -0.176137 0.74193 0.619815 12.5589 -12.3382 5.90132 0.0686961 0.0869908 -0.0231886 -3.14346 0.624131 9.68205 
16.7001 -0.187299 -0.181328 0.741922 0.61773 12.6945 -12.2318 5.84457 0.0686961 0.0869908 -0.0231886 -3.14346 0.624131 9.68205 
16.7334 -0.189262 -0.186534 0.741811 0.615712 12.8293 -12.1236 5.77895 0.0686961 0.0869908 -0.0231886 -3.14346 0.624131 9.68205 
16.7668 -0.191216 -0.191752 0.741597 0.61376 12.9633 -12.0135 5.70518 0.0686961 0.0869908 -0.0231886 -3.14346 0.624131 9.68205 
16.8001 -0.193162 -0.196979 0.741279 0.611877 13.0964 -11.9015 5.62408 0.0686961 0.0869908 -0.0231886 -3.14346 0.624131 9.68205 
16.8334 -0.195105 -0.202213 0.740856 0.610063 13.2286 -11.7876 5.53653 0.0686961 0.0869908 -0.0231886 -3.14346 0.624131 9.68205 
16.8668 -0.197045 -0.20745 0.740327 0.60832 13.3598 -11.672 5.4435 0.0686961 0.0869908 -0.0231886 -3.14346 0.624131 9.68205 
16.9001 -0.198985 -0.212686 0.739693 0.606649 13.4902 -11.5545 5.34601 0.0686961 0.0869908 -0.0231886 -3.14346 0.624131 9.68205 
16.9334 -0.200928 -0.21792 0.738954 0.605051 13.6197 -11.4352 5.24513 0.0686961 0.0869908 -0.0231886 -3.14346 0.624131 9.68205 
16.9668 -0.202876 -0.223148 0.738108 0.603525 13.7482 -11.3141 5.14196 0.0686961 0.0869908 -0.0231886 -3.14346 0.624131 9.68205 
17.0001 -0.204832 -0.228367 0.737156 0.602074 13.8757 -11.1913 5.03765 0.0686961 0.0869908 -0.0231886 -3.14346 0.624131 9.68205 
17.0334 -0.206797 -0.233574 0.736099 0.600697 14.0023 -11.0667 4.93332 0.0686961 0.0869908 -0.0231886 -3.14346 0.624131 9.68205 
17.0667 -0.208773 -0.238766 0.734936 0.599395 14.1279 -10.9403 4.83014 0.0686961 0.0869908 -0.0231886 -3.14346 0.624131 9.68205 
17.1001 -0.210764 -0.243939 0.733667 0.598168 14.2525 -10.8122 4.72923 0.0686961 0.0869908 -0.0231886 -3.14346 0.624131 9.68205 
17.1334 -0.212771 -0.249091 0.732294 0.597015 14.3761 -10.6823 4.6317 0.0686961 0.0869908 -0.0231886 -3.14346 0.624131 9.68205 
17.1667 -0.214797 -0.254219 0.730817 0.595938 14.4986 -10.5508 4.53862 0.0686961 0.0869908 -0.0231886 -3.14346 0.624131 9.68205 
17.2001 -0.216843 -0.259319 0.729236 0.594935 14.6201 -10.4175 4.45101 0.0686961 0.0869908 -0.0231886 -3.14346 0.624131 9.68205 
17.2334 -0.218912 -0.264389 0.727552 0.594006 14.7406 -10.2826 4.36983 0.0686961 0.0869908 -0.0231886 -3.14346 0.624131 9.68205 
17.2667 -0.221005 -0.269425 0.725767 0.593152 14.86 -10.146 4.29597 0.0686961 0.0869908 -0.0231886 -3.14346 0.624131 9.68205 
17.3001 -0.223125 -0.274424 0.723881 0.59237 14.9784 -10.0078 4.23025 0.0686961 0.0869908 -0.0231886 -3.14346 0.624131 9.68205 
17.3334 -0.225274 -0.279385 0.721895 0.591662 15.0956 -9.86787 4.17339 0.0686961 0.0869908 -0.0231886 -3.14346 0.624131 9.68205 
17.3667 -0.227453 -0.284302 0.719811 0.591024 15.2118 -9.72636 4.126 0.0686961 0.0869908 -0.0231886 -3.14346 0.624131 9.68205 
17.4001 -0.229664 -0.289175 0.717629 0.590458 15.3268 -9.58325 4.08861 0.0686961 0.0869908 -0.0231886 -3.14346 0.624131 9.68205 
17.4334 -0.231909 -0.294 0.715352 0.589961 15.4407 -9.43855 4.06163 0.0686961 0.0869908 -0.0231886 -3.14346 0.624131 9.68205 
17.4667 -0.23419 -0.298774 0.712981 0.589532 15.5535 -9.29227 4.04536 0.0686961 0.0869908 -0.0231886 -3.14346 0.624131 9.68205 
17.5001 -0.236508 -0.303494 0.710517 0.58917 15.6651 -9.14443 4.03998 0.0686961 0.0869908 -0.0231886 -3.14346 0.624131 9.68205 
17.5334 -0.238865 -0.308159 0.707962 0.588873 15.7756 -8.99505 4.04554 0.0686961 0.0869908 -0.0231886 -3.14346 0.624131 9.68205 
17.5667 -0.241263 -0.312765 0.705318 0.58864 15.8849 -8.84414 4.06198 0.0686961 0.0869908 -0.0231886 -3.14346 0.624131 9.68205 
17.6001 -0.243703 -0.31731 0.702587 0.588469 15.993 -8.69172 4.08914 0.0686961 0.0869908 -0.0231886 -3.14346 0.624131 9.68205 
17.6334 -0.246186 -0.321792 0.69977 0.588357 16.0999 -8.5378 4.12669 0.0686961 0.0869908 -0.0231886 -3.14346 0.624131 9.68205 
17.6667 -0.248714 -0.326208 0.69687 0.588304 16.2056 -8.38241 4.17425 0.0686961 0.0869908 -0.0231886 -3.14346 0.624131 9.68205 
17.7001 -0.251287 -0.330556 0.693889 0.588307 16.3101 -8.22555 4.23128 0.0686961 0.0869908 -0.0231886 -3.14346 0.624131 9.68205 
17.7334 -0.253908 -0.334834 0.690829 0.588364 16.4134 -8.06725 4.29716 0.0686961 0.0869908 -0.0231886 -3.14346 0.624131 9.68205 
17.7667 -0.256577 -0.33904 0.687693 0.588471 16.5154 -7.90752 4.37117 0.0686961 0.0869908 -0.0231886 -3.14346 0.624131 9.68205 
17.8001 -0.259296 -0.343172 0.684482 0.588628 16.6161 -7.74638 4.4525 0.0686961 0.0869908 -0.0231886 -3.14346 0.624131 9.68205 
17.8334 -0.262065 -0.347228 0.681199 0.588831 16.7156 -7.58384 4.54026 0.0686961 0.0869908 -0.0231886 -3.14346 0.624131 9.68205 
17.8667 -0.264885 -0.351207 0.677847 0.589078 16.8139 -7.41993 4.63348 0.0686961 0.0869908 -0.0231886 -3.14346 0.624131 9.68205 
17.9001 -0.267758 -0.355108 0.674427 0.589366 16.9108 -7.25465 4.73114 0.0686961 0.0869908 -0.0231886 -3.14346 0.624131 9.68205 
17.9334 -0.270684 -0.358927 0.670944 0.589692 17.0064 -7.08804 4.83218 0.0686961 0.0869908 -0.0231886 -3.14346 0.624131 9.68205 
17.9667 -0.273663 -0.362665 0.667398 0.590053 17.1008 -6.9201 4.93547 0.0686961 0.0869908 -0.0231886 -3.14346 0.624131 9.68205 
18.0001 -0.276696 -0.36632 0.663794 0.590447 17.1938 -6.75086 5.03991 0.0686961 0.0869908 -0.0231886 -3.14346 0.624131 9.68205 
18.0334 -0.279784 -0.36989 0.660133 0.590869 17.2855 -6.58033 5.14432 0.0686961 0.0869908 -0.0231886 -3.14346 0.624131 9.68205 
18.0667 -0.282928 -0.373376 0.656418 0.591318 17.3758 -6.40852 5.24758 0.0686961 0.0869908 -0.0231886 -3.14346 0.624131 9.68205 
18.1001 -0.286127 -0.376775 0.652653 0.59179 17.4649 -6.23547 5.34855 0.0686961 0.0869908 -0.0231886 -3.14346 0.624131 9.68205 
18.1334 -0.289382 -0.380088 0.64884 0.592282 17.5525 -6.06119 5.44612 0.0686961 0.0869908 -0.0231886 -3.14346 0.624131 9.68205 
18.1667 -0.292693 -0.383314 0.644982 0.59279 17.6388 -5.88568 5.53922 0.0686961 0.0869908 -0.0231886 -3.14346 0.624131 9.68205 
18.2001 -0.296061 -0.386452 0.641082 0.593311 17.7237 -5.70899 5.62683 0.0686961 0.0869908 -0.0231886 -3.14346 0.624131 9.68205 
18.2334 -0.299485 -0.389502 0.637142 0.593841 17.8072 -5.53112 5.70799 0.0686961 0.0869908 -0.0231886 -3.14346 0.624131 9.68205 
18.2667 -0.302965 -0.392464 0.633166 0.594378 17.8894 -5.35209 5.7818 0.0686961 0.0869908 -0.0231886 -3.14346 0.624131 9.68205 
18.3001 -0.306501 -0.395338 0.629157 0.594917 17.9701 -5.17192 5.84747 0.0686961 0.0869908 -0.0231886 -3.14346 0.624131 9.68205 
18.3334 -0.310094 -0.398123 0.625118 0.595456 18.0494 -4.99063 5.90425 0.0686961 0.0869908 -0.0231886 -3.14346 0.624131 9.68205 
18.3667 -0.313742 -0.400821 0.621051 0.59599 18.1273 -4.80824 5.95154 0.0686961 0.0869908 -0.0231886 -3.14346 0.624131 9.68205 
18.4001 -0.317445 -0.403432 0.61696 0.596517 18.2037 -4.62478 5.98881 0.0686961 0.0869908 -0.0231886 -3.14346 0.624131 9.68205 
18.4334 -0.321204 -0.405955 0.612847 0.597032 18.2788 -4.44025 6.01565 0.0686961 0.0869908 -0.0231886 -3.14346 0.624131 9.68205 
18.4667 -0.325016 -0.408392 0.608716 0.597532 18.3523 -4.25468 6.03176 0.0686961 0.0869908 -0.0231886 -3.14346 0.624131 9.68205 
18.5001 -0.328883 -0.410744 0.60457 0.598014 18.4244 -4.06809 6.03696 0.0686961 0.0869908 -0.0231886 -3.14346 0.624131 9.68205 
18.5334 -0.332802 -0.413011 0.600411 0.598474 18.4951 -3.8805 6.0312 0.0686961 0.0869908 -0.0231886 -3.14346 0.624131 9.68205 
18.5667 -0.336773 -0.415195 0.596243 0.598908 18.5642 -3.69193 6.01454 0.0686961 0.0869908 -0.0231886 -3.14346 0.624131 9.68205 
18.6001 -0.340796 -0.417297 0.592068 0.599313 18.6319 -3.5024 5.98715 0.0686961 0.0869908 -0.0231886 -3.14346 0.624131 9.68205 
18.6334 -0.344869 -0.419317 0.58789 0.599686 18.6981 -3.31193 5.94934 0.0686961 0.0869908 -0.0231886 -3.14346 0.624131 9.68205 
18.6667 -0.348991 -0.421258 0.583711 0.600023 18.7628 -3.12054 5.90151 0.0686961 0.0869908 -0.0231886 -3.14346 0.624131 9.68205 
18.7001 -0.35316 -0.423121 0.579535 0.600321 18.826 -2.92826 5.84419 0.0686961 0.0869908 -0.0231886 -3.14346 0.624131 9.68205 
18.7334 -0.357377 -0.424908 0.575363 0.600577 18.8877 -2.73509 5.77799 0.0686961 0.0869908 -0.0231886 -3.14346 0.624131 9.68205 
18.7667 -0.361639 -0.42662 0.571199 0.600786 18.9478 -2.54107 5.70365 0.0686961 0.0869908 -0.0231886 -3.14346 0.624131 9.68205 
18.8001 -0.365945 -0.42826 0.567046 0.600946 19.0065 -2.34621 5.62197 0.0686961 0.0869908 -0.0231886 -3.14346 0.624131 9.68205 
18.8334 -0.370293 -0.429829 0.562907 0.601054 19.0636 -2.15054 5.53385 0.0686961 0.0869908 -0.0231886 -3.14346 0.624131 9.68205 
18.8667 -0.374682 -0.43133 0.558783 0.601107 19.1191 -1.95408 5.44025 0.0686961 0.0869908 -0.0231886 -3.14346 0.624131 9.68205 
18.9001 -0.379111 -0.432764 0.554678 0.601101 19.1731 -1.75685 5.34218 0.0686961 0.0869908 -0.0231886 -3.14346 0.624131 9.68205 
18.9334 -0.383576 -0.434135 0.550594 0.601034 19.2256 -1.55886 5.24073 0.0686961 0.0869908 -0.0231886 -3.14346 0.624131 9.68205 
18.9667 -0.388078 -0.435444 0.546534 0.600903 19.2765 -1.36015 5.137 0.0686961 0.0869908 -0.0231886 -3.14346 0.624131 9.68205 
19.0001 -0.392612 -0.436695 0.542501 0.600705 19.3258 -1.16073 5.03212 0.0686961 0.0869908 -0.0231886 -3.14346 0.624131 9.68205 
19.0334 -0.397179 -0.437889 0.538496 0.600437 19.3736 -0.96063 4.92724 0.0686961 0.0869908 -0.0231886 -3.14346 0.624131 9.68205 
19.0667 -0.401775 -0.43903 0.534522 0.600097 19.4197 -0.759865 4.8235 0.0686961 0.0869908 -0.0231886 -3.14346 0.624131 9.68205 
19.1001 -0.406398 -0.440119 0.530581 0.599682 19.4643 -0.558459 4.72204 0.0686961 0.0869908 -0.0231886 -3.14346 0.624131 9.68205 
19.1334 -0.411047 -0.441161 0.526676 0.59919 19.5073 -0.356434 4.62396 0.0686961 0.0869908 -0.0231886 -3.14346 0.624131 9.68205 
19.1667 -0.415719 -0.442158 0.522809 0.598619 19.5487 -0.153813 4.53034 0.0686961 0.0869908 -0.0231886 -3.14346 0.624131 9.68205 
19.2001 -0.420411 -0.443113 0.518982 0.597966 19.5886 0.0493815 4.44219 0.0686961 0.0869908 -0.0231886 -3.14346 0.624131 9.68205 
19.2334 -0.425122 -0.444028 0.515196 0.59723 19.6268 0.253128 4.36049 0.0686961 0.0869908 -0.0231886 -3.14346 0.624131 9.68205 
19.2667 -0.429848 -0.444907 0.511454 0.596408 19.6634 0.457403 4.28612 0.0686961 0.0869908 -0.0231886 -3.14346 0.624131 9.68205 
19.3 -0.434588 -0.445753 0.507758 0.595499 19.6984 0.662184 4.21989 0.0686961 0.0869908 -0.0231886 -3.14346 0.624131 9.68205 
19.3334 -0.439338 -0.446569 0.504109 0.594502 19.7317 0.86745 4.16253 0.0686961 0.0869908 -0.0231886 -3.14346 0.624131 9.68205 
19.3667 -0.444096 -0.447359 0.500509 0.593413 19.7635 1.07318 4.11465 0.0686961 0.0869908 -0.0231886 -3.14346 0.624131 9.68205 
19.4 -0.44886 -0.448125 0.49696 0.592233 19.7936 1.27934 4.07679 0.0686961 0.0869908 -0.0231886 -3.14346 0.624131 9.68205 
19.4334 -0.453626 -0.44887 0.493463 0.59096 19.8221 1.48592 4.04935 0.0686961 0.0869908 -0.0231886 -3.14346 0.624131 9.68205 
19.4667 -0.458392 -0.449598 0.490019 0.589592 19.849 1.69289 4.03263 0.0686961 0.0869908 -0.0231886 -3.14346 0.624131 9.68205 
19.5 -0.463156 -0.450312 0.486631 0.58813 19.8742 1.90024 4.0268 0.0686961 0.0869908 -0.0231886 -3.14346 0.624131 9.68205 
19.5334 -0.467914 -0.451015 0.483298 0.586571 19.8978 2.10793 4.03194 0.0686961 0.0869908 -0.0231886 -3.14346 0.624131 9.68205 
19.5667 -0.472663 -0.451711 0.480023 0.584915 19.9197 2.31594 4.04797 0.0686961 0.0869908 -0.0231886 -3.14346 0.624131 9.68205 
19.6 -0.477401 -0.452402 0.476806 0.583161 19.94 2.52425 4.07473 0.0686961 0.0869908 -0.0231886 -3.14346 0.624131 9.68205 
19.6334 -0.482124 -0.453092 0.473649 0.58131 19.9587 2.73284 4.1119 0.0686961 0.0869908 -0.0231886 -3.14346 0.624131 9.68205 
19.6667 -0.486831 -0.453784 0.470551 0.57936 19.9757 2.94169 4.1591 0.0686961 0.0869908 -0.0231886 -3.14346 0.624131 9.68205 
19.7 -0.491517 -0.45448 0.467515 0.577311 19.9911 3.15076 4.21578 0.0686961 0.0869908 -0.0231886 -3.14346 0.624131 9.68205 
19.7334 -0.49618 -0.455185 0.46454 0.575164 20.0048 3.36004 4.28133 0.0686961 0.0869908 -0.0231886 -3.14346 0.624131 9.68205 
19.7667 0.500817 0.455901 -0.461628 -0.572919 20.0169 3.56951 4.35503 0.0686961 0.0869908 -0.0231886 -3.14346 0.624131 9.68205 
19.8 0.505426 0.456631 -0.458778 -0.570575 20.0273 3.77914 4.43607 0.0686961 0.0869908 -0.0231886 -3.14346 0.624131 9.68205 
19.8334 0.510002 0.457378 -0.455991 -0.568133 20.036 3.98891 4.52355 0.0686961 0.0869908 -0.0231886 -3.14346 0.624131 9.68205 
19.8667 0.514544 0.458145 -0.453267 -0.565594 20.0431 4.19879 4.61651 0.0686961 0.0869908 -0.0231886 -3.14346 0.624131 9.68205 
19.9 0.519048 0.458935 -0.450607 -0.562957 20.0486 4.40876 4.71394 0.0686961 0.0869908 -0.0231886 -3.14346 0.624131 9.68205 
19.9334 0.523511 0.459751 -0.448011 -0.560225 20.0523 4.6188 4.81476 0.0686961 0.0869908 -0.0231886 -3.14346 0.624131 9.68205 
19.9667 0.527931 0.460595 -0.445478 -0.557396 20.0544 4.82888 4.91787 0.0686961 0.0869908 -0.0231886 -3.14346 0.624131 9.68205 
