0.000000000 20.05000 5.03681 5.03384 0.52436 -0.47439 -0.52436 0.47439
0.033333335 20.04901 5.24677 5.13804 0.52507 -0.47007 -0.52360 0.47873
0.066666670 20.04637 5.45671 5.24108 0.52571 -0.46579 -0.52276 0.48309
0.100000001 20.04208 5.66661 5.34184 0.52630 -0.46155 -0.52186 0.48749
0.133333340 20.03614 5.87645 5.43921 0.52683 -0.45733 -0.52089 0.49190
0.166666672 20.02854 6.08619 5.53212 0.52731 -0.45316 -0.51984 0.49634
0.200000003 20.01929 6.29583 5.61954 0.52775 -0.44902 -0.51872 0.50079
0.233333334 20.00838 6.50533 5.70053 0.52813 -0.44493 -0.51752 0.50526
0.266666681 19.99583 6.71468 5.77418 0.52848 -0.44088 -0.51625 0.50974
0.300000012 19.98162 6.92384 5.83968 0.52878 -0.43687 -0.51489 0.51422
0.333333343 19.96577 7.13280 5.89632 0.52905 -0.43291 -0.51344 0.51872
0.366666675 19.94827 7.34154 5.94348 0.52928 -0.42900 -0.51192 0.52322
0.400000006 19.92912 7.55002 5.98062 0.52949 -0.42513 -0.51030 0.52772
0.433333337 19.90833 7.75823 6.00734 0.52967 -0.42132 -0.50860 0.53222
0.466666669 19.88589 7.96614 6.02334 0.52983 -0.41756 -0.50681 0.53672
0.500000000 19.86182 8.17373 6.02845 0.52997 -0.41384 -0.50494 0.54121
0.533333361 19.83611 8.38098 6.02260 0.53009 -0.41019 -0.50297 0.54569
0.566666722 19.80876 8.58787 6.00586 0.53020 -0.40658 -0.50090 0.55016
0.600000083 19.77978 8.79437 5.97841 0.53030 -0.40304 -0.49875 0.55461
0.633333445 19.74917 9.00045 5.94053 0.53039 -0.39955 -0.49650 0.55904
0.666666806 19.71693 9.20610 5.89265 0.53049 -0.39611 -0.49416 0.56346
0.700000167 19.68308 9.41129 5.83529 0.53058 -0.39274 -0.49173 0.56784
0.733333528 19.64760 9.61600 5.76906 0.53068 -0.38942 -0.48920 0.57221
0.766666889 19.61051 9.82021 5.69470 0.53078 -0.38616 -0.48658 0.57654
0.800000250 19.57180 10.02390 5.61301 0.53090 -0.38296 -0.48386 0.58083
0.833333611 19.53149 10.22703 5.52489 0.53103 -0.37981 -0.48105 0.58509
0.866666973 19.48958 10.42959 5.43129 0.53118 -0.37673 -0.47815 0.58932
0.900000334 19.44607 10.63156 5.33324 0.53135 -0.37370 -0.47516 0.59350
0.933333695 19.40097 10.83292 5.23182 0.53154 -0.37074 -0.47207 0.59763
0.966667056 19.35428 11.03363 5.12812 0.53176 -0.36783 -0.46889 0.60172
1.000000358 19.30600 11.23368 5.02329 0.53201 -0.36499 -0.46562 0.60576
1.033333659 19.25615 11.43305 4.91846 0.53229 -0.36220 -0.46226 0.60975
1.066666961 19.20473 11.63172 4.81478 0.53261 -0.35947 -0.45882 0.61368
1.100000262 19.15174 11.82965 4.71340 0.53296 -0.35679 -0.45529 0.61755
1.133333564 19.09719 12.02684 4.61540 0.53336 -0.35418 -0.45167 0.62136
1.166666865 19.04108 12.22326 4.52187 0.53379 -0.35162 -0.44797 0.62510
1.200000167 18.98343 12.41888 4.43383 0.53428 -0.34912 -0.44418 0.62878
1.233333468 18.92424 12.61369 4.35224 0.53481 -0.34667 -0.44032 0.63239
1.266666770 18.86351 12.80766 4.27799 0.53539 -0.34427 -0.43638 0.63593
1.300000072 18.80126 13.00077 4.21189 0.53603 -0.34193 -0.43236 0.63940
1.333333373 18.73748 13.19300 4.15467 0.53671 -0.33964 -0.42826 0.64279
1.366666675 18.67219 13.38434 4.10694 0.53746 -0.33740 -0.42410 0.64610
1.399999976 18.60539 13.57475 4.06923 0.53826 -0.33521 -0.41986 0.64933
1.433333278 18.53710 13.76421 4.04196 0.53913 -0.33307 -0.41555 0.65248
1.466666579 18.46732 13.95272 4.02541 0.54005 -0.33097 -0.41118 0.65554
1.499999881 18.39605 14.14023 4.01977 0.54104 -0.32892 -0.40675 0.65852
1.533333182 18.32331 14.32675 4.02510 0.54209 -0.32691 -0.40226 0.66140
1.566666484 18.24910 14.51223 4.04134 0.54321 -0.32495 -0.39770 0.66420
1.599999785 18.17343 14.69667 4.06830 0.54439 -0.32303 -0.39310 0.66691
1.633333087 18.09631 14.88004 4.10570 0.54564 -0.32114 -0.38844 0.66952
1.666666389 18.01776 15.06232 4.15312 0.54696 -0.31929 -0.38373 0.67204
1.699999690 17.93777 15.24350 4.21003 0.54835 -0.31747 -0.37897 0.67446
1.733332992 17.85636 15.42354 4.27583 0.54981 -0.31569 -0.37417 0.67679
1.766666293 17.77353 15.60244 4.34978 0.55135 -0.31394 -0.36933 0.67901
1.799999595 17.68930 15.78017 4.43107 0.55295 -0.31222 -0.36444 0.68114
1.833332896 17.60367 15.95672 4.51882 0.55462 -0.31052 -0.35953 0.68316
1.866666198 17.51666 16.13206 4.61205 0.55636 -0.30885 -0.35458 0.68509
1.899999499 17.42827 16.30617 4.70975 0.55818 -0.30719 -0.34960 0.68691
1.933332801 17.33852 16.47904 4.81086 0.56007 -0.30556 -0.34460 0.68863
1.966666102 17.24741 16.65064 4.91425 0.56203 -0.30395 -0.33957 0.69024
1.999999404 17.15496 16.82096 5.01880 0.56406 -0.30234 -0.33452 0.69175
2.033332825 17.06117 16.98998 5.12336 0.56615 -0.30076 -0.32946 0.69316
2.066666126 16.96605 17.15767 5.22679 0.56832 -0.29917 -0.32438 0.69446
2.099999428 16.86963 17.32403 5.32795 0.57056 -0.29760 -0.31929 0.69566
2.133332729 16.77190 17.48903 5.42574 0.57287 -0.29603 -0.31419 0.69676
2.166666031 16.67287 17.65266 5.51909 0.57524 -0.29446 -0.30909 0.69775
2.199999332 16.57257 17.81489 5.60697 0.57768 -0.29290 -0.30398 0.69864
2.233332634 16.47100 17.97571 5.68842 0.58018 -0.29132 -0.29887 0.69942
2.266665936 16.36816 18.13510 5.76255 0.58275 -0.28974 -0.29377 0.70010
2.299999237 16.26408 18.29305 5.82855 0.58538 -0.28815 -0.28868 0.70069
2.333332539 16.15877 18.44953 5.88570 0.58807 -0.28655 -0.28359 0.70117
2.366665840 16.05223 18.60453 5.93337 0.59082 -0.28494 -0.27852 0.70155
2.399999142 15.94448 18.75803 5.97105 0.59363 -0.28331 -0.27346 0.70183
2.433332443 15.83552 18.91002 5.99831 0.59649 -0.28165 -0.26841 0.70201
2.466665745 15.72539 19.06047 6.01487 0.59941 -0.27998 -0.26339 0.70210
2.499999046 15.61407 19.20938 6.02054 0.60238 -0.27828 -0.25839 0.70210
2.533332348 15.50159 19.35672 6.01527 0.60539 -0.27655 -0.25341 0.70200
2.566665649 15.38796 19.50248 5.99911 0.60846 -0.27478 -0.24847 0.70181
2.599998951 15.27320 19.64665 5.97224 0.61157 -0.27299 -0.24355 0.70153
2.633332253 15.15730 19.78920 5.93496 0.61472 -0.27116 -0.23866 0.70116
2.666665554 15.04030 19.93012 5.88768 0.61792 -0.26929 -0.23381 0.70071
2.699998856 14.92220 20.06940 5.83092 0.62115 -0.26738 -0.22899 0.70018
2.733332157 14.80301 20.20702 5.76531 0.62441 -0.26542 -0.22421 0.69956
2.766665459 14.68274 20.34297 5.69156 0.62771 -0.26342 -0.21947 0.69887
2.799998760 14.56142 20.47723 5.61049 0.63104 -0.26138 -0.21477 0.69810
2.833332062 14.43905 20.60978 5.52298 0.63439 -0.25928 -0.21012 0.69726
2.866665363 14.31565 20.74062 5.43001 0.63777 -0.25712 -0.20551 0.69635
2.899998665 14.19123 20.86972 5.33258 0.64117 -0.25492 -0.20095 0.69537
2.933331966 14.06580 20.99708 5.23178 0.64459 -0.25265 -0.19644 0.69432
2.966665268 13.93938 21.12268 5.12870 0.64803 -0.25033 -0.19197 0.69322
2.999998569 13.81199 21.24650 5.02448 0.65147 -0.24794 -0.18756 0.69205
3.033331871 13.68363 21.36854 4.92027 0.65493 -0.24549 -0.18320 0.69083
3.066665173 13.55433 21.48877 4.81721 0.65839 -0.24298 -0.17889 0.68955
3.099998474 13.42409 21.60719 4.71643 0.66185 -0.24040 -0.17463 0.68823
3.133331776 13.29293 21.72378 4.61904 0.66532 -0.23776 -0.17043 0.68686
3.166665077 13.16086 21.83854 4.52611 0.66878 -0.23504 -0.16629 0.68545
3.199998379 13.02791 21.95144 4.43866 0.67223 -0.23225 -0.16220 0.68400
3.233331680 12.89407 22.06248 4.35766 0.67568 -0.22940 -0.15816 0.68251
3.266664982 12.75938 22.17164 4.28399 0.67911 -0.22647 -0.15419 0.68099
3.299998283 12.62384 22.27892 4.21846 0.68252 -0.22346 -0.15027 0.67945
3.333331585 12.48747 22.38429 4.16180 0.68592 -0.22039 -0.14641 0.67787
3.366664886 12.35029 22.48776 4.11463 0.68929 -0.21723 -0.14261 0.67628
3.399998188 12.21230 22.58930 4.07746 0.69264 -0.21401 -0.13886 0.67467
3.433331490 12.07353 22.68891 4.05072 0.69595 -0.21070 -0.13517 0.67304
3.466664791 11.93399 22.78657 4.03470 0.69924 -0.20732 -0.13154 0.67140
3.499998093 11.79369 22.88229 4.02957 0.70249 -0.20386 -0.12797 0.66976
3.533331394 11.65266 22.97604 4.03540 0.70570 -0.20033 -0.12446 0.66811
3.566664696 11.51090 23.06781 4.05212 0.70887 -0.19672 -0.12100 0.66646
3.599997997 11.36843 23.15760 4.07956 0.71199 -0.19303 -0.11760 0.66481
3.633331299 11.22528 23.24540 4.11741 0.71507 -0.18927 -0.11425 0.66318
3.666664600 11.08144 23.33120 4.16527 0.71809 -0.18543 -0.11096 0.66155
3.699997902 10.93695 23.41498 4.22262 0.72107 -0.18152 -0.10772 0.65993
3.733331203 10.79181 23.49675 4.28883 0.72398 -0.17753 -0.10453 0.65834
3.766664505 10.64604 23.57648 4.36318 0.72684 -0.17347 -0.10140 0.65676
3.799997807 10.49967 23.65418 4.44486 0.72963 -0.16933 -0.09832 0.65521
3.833331108 10.35269 23.72984 4.53297 0.73236 -0.16513 -0.09529 0.65369
3.866664410 10.20514 23.80344 4.62656 0.73502 -0.16085 -0.09231 0.65219
3.899997711 10.05702 23.87498 4.72460 0.73761 -0.15651 -0.08937 0.65073
3.933331013 9.90835 23.94445 4.82602 0.74012 -0.15210 -0.08649 0.64931
3.966664314 9.75915 24.01184 4.92971 0.74257 -0.14762 -0.08365 0.64793
3.999997616 9.60944 24.07716 5.03454 0.74493 -0.14308 -0.08085 0.64658
4.033330917 9.45923 24.14038 5.13937 0.74721 -0.13848 -0.07810 0.64529
4.066664219 9.30854 24.20151 5.24305 0.74941 -0.13381 -0.07538 0.64404
4.099997520 9.15738 24.26054 5.34444 0.75153 -0.12909 -0.07271 0.64285
4.133330822 9.00577 24.31746 5.44244 0.75356 -0.12432 -0.07008 0.64170
4.166664124 8.85373 24.37226 5.53598 0.75550 -0.11948 -0.06748 0.64061
4.199997425 8.70128 24.42495 5.62403 0.75735 -0.11460 -0.06492 0.63959
4.233330727 8.54842 24.47551 5.70564 0.75911 -0.10967 -0.06239 0.63862
4.266664028 8.39518 24.52395 5.77990 0.76078 -0.10469 -0.05989 0.63771
4.299997330 8.24158 24.57025 5.84602 0.76235 -0.09966 -0.05742 0.63687
4.333330631 8.08762 24.61441 5.90327 0.76382 -0.09460 -0.05498 0.63609
4.366663933 7.93334 24.65642 5.95102 0.76519 -0.08949 -0.05256 0.63538
4.399997234 7.77873 24.69629 5.98875 0.76647 -0.08435 -0.05017 0.63474
4.433330536 7.62383 24.73401 6.01605 0.76764 -0.07918 -0.04781 0.63417
4.466663837 7.46865 24.76957 6.03263 0.76871 -0.07398 -0.04546 0.63368
4.499997139 7.31319 24.80297 6.03831 0.76968 -0.06875 -0.04313 0.63325
4.533330441 7.15749 24.83421 6.03302 0.77054 -0.06349 -0.04081 0.63290
4.566663742 7.00156 24.86328 6.01682 0.77130 -0.05821 -0.03852 0.63263
4.599997044 6.84541 24.89019 5.98990 0.77196 -0.05292 -0.03623 0.63243
4.633330345 6.68906 24.91492 5.95255 0.77250 -0.04760 -0.03395 0.63231
4.666663647 6.53253 24.93748 5.90518 0.77295 -0.04228 -0.03169 0.63227
4.699996948 6.37583 24.95787 5.84831 0.77328 -0.03695 -0.02943 0.63230
4.733330250 6.21899 24.97607 5.78257 0.77351 -0.03161 -0.02717 0.63241
4.766663551 6.06201 24.99210 5.70867 0.77363 -0.02627 -0.02492 0.63260
4.799996853 5.90491 25.00595 5.62744 0.77364 -0.02093 -0.02266 0.63287
4.833330154 5.74772 25.01761 5.53975 0.77355 -0.01559 -0.02040 0.63322
4.866663456 5.59045 25.02709 5.44658 0.77335 -0.01026 -0.01814 0.63364
4.899996758 5.43311 25.03438 5.34894 0.77304 -0.00493 -0.01588 0.63414
4.933330059 5.27573 25.03949 5.24790 0.77263 0.00037 -0.01360 0.63472
4.966663361 5.11831 25.04242 5.14457 0.77211 0.00567 -0.01132 0.63537
4.999996662 4.96088 25.04315 5.04009 0.77148 0.01094 -0.00902 0.63609
5.033329964 4.80345 25.04170 4.93560 0.77075 0.01619 -0.00671 0.63689
5.066663265 4.64605 25.03806 4.83224 0.76992 0.02142 -0.00438 0.63776
5.099996567 4.48867 25.03224 4.73115 0.76899 0.02662 -0.00204 0.63870
5.133329868 4.33136 25.02423 4.63343 0.76795 0.03179 0.00033 0.63972
5.166663170 4.17411 25.01403 4.54016 0.76682 0.03693 0.00272 0.64079
5.199996471 4.01694 25.00165 4.45236 0.76558 0.04203 0.00513 0.64194
5.233329773 3.85989 24.98709 4.37098 0.76425 0.04709 0.00757 0.64315
5.266663074 3.70295 24.97035 4.29692 0.76283 0.05211 0.01004 0.64442
5.299996376 3.54615 24.95142 4.23100 0.76130 0.05708 0.01253 0.64576
5.333329678 3.38950 24.93032 4.17393 0.75969 0.06201 0.01506 0.64715
5.366662979 3.23302 24.90704 4.12633 0.75799 0.06689 0.01762 0.64859
5.399996281 3.07674 24.88159 4.08873 0.75619 0.07172 0.02022 0.65009
5.433329582 2.92065 24.85396 4.06154 0.75431 0.07650 0.02286 0.65165
5.466662884 2.76479 24.82417 4.04506 0.75234 0.08122 0.02553 0.65324
5.499996185 2.60917 24.79220 4.03946 0.75030 0.08589 0.02825 0.65489
5.533329487 2.45380 24.75808 4.04481 0.74817 0.09049 0.03100 0.65658
5.566662788 2.29870 24.72179 4.06104 0.74596 0.09503 0.03381 0.65831
5.599996090 2.14389 24.68335 4.08798 0.74368 0.09952 0.03665 0.66007
5.633329391 1.98939 24.64276 4.12533 0.74132 0.10393 0.03954 0.66187
5.666662693 1.83521 24.60001 4.17268 0.73889 0.10828 0.04248 0.66370
5.699995995 1.68137 24.55513 4.22950 0.73640 0.11257 0.04548 0.66556
5.733329296 1.52788 24.50810 4.29518 0.73384 0.11679 0.04852 0.66745
5.766662598 1.37476 24.45893 4.36899 0.73122 0.12093 0.05161 0.66935
5.799995899 1.22204 24.40764 4.45012 0.72854 0.12501 0.05475 0.67127
5.833329201 1.06972 24.35422 4.53768 0.72580 0.12902 0.05795 0.67321
5.866662502 0.91782 24.29867 4.63071 0.72301 0.13295 0.06121 0.67516
5.899995804 0.76636 24.24102 4.72819 0.72016 0.13682 0.06452 0.67711
5.933329105 0.61536 24.18125 4.82904 0.71727 0.14061 0.06789 0.67907
5.966662407 0.46483 24.11938 4.93216 0.71434 0.14433 0.07131 0.68104
5.999995708 0.31479 24.05541 5.03642 0.71136 0.14797 0.07479 0.68299
6.033329010 0.16525 23.98935 5.14067 0.70834 0.15154 0.07833 0.68494
6.066662312 0.01624 23.92121 5.24377 0.70529 0.15504 0.08193 0.68688
6.099995613 -0.13224 23.85099 5.34459 0.70221 0.15847 0.08559 0.68881
6.133328915 -0.28016 23.77870 5.44200 0.69910 0.16182 0.08931 0.69072
6.166662216 -0.42751 23.70435 5.53496 0.69596 0.16510 0.09309 0.69261
6.199995518 -0.57428 23.62795 5.62243 0.69281 0.16831 0.09692 0.69448
6.233328819 -0.72044 23.54949 5.70346 0.68963 0.17145 0.10082 0.69631
6.266662121 -0.86598 23.46900 5.77714 0.68644 0.17452 0.10478 0.69812
6.299995422 -1.01088 23.38648 5.84268 0.68323 0.17751 0.10879 0.69989
6.333328724 -1.15513 23.30193 5.89935 0.68002 0.18045 0.11287 0.70162
6.366662025 -1.29871 23.21538 5.94653 0.67680 0.18331 0.11700 0.70331
6.399995327 -1.44161 23.12681 5.98370 0.67358 0.18611 0.12119 0.70496
6.433328629 -1.58381 23.03626 6.01044 0.67036 0.18884 0.12544 0.70656
6.466661930 -1.72529 22.94372 6.02646 0.66715 0.19151 0.12975 0.70810
6.499995232 -1.86604 22.84920 6.03158 0.66394 0.19412 0.13411 0.70959
6.533328533 -2.00604 22.75272 6.02574 0.66074 0.19667 0.13852 0.71102
6.566661835 -2.14528 22.65428 6.00900 0.65756 0.19916 0.14299 0.71240
6.599995136 -2.28374 22.55390 5.98154 0.65439 0.20159 0.14751 0.71370
6.633328438 -2.42140 22.45159 5.94366 0.65124 0.20397 0.15208 0.71495
6.666661739 -2.55825 22.34735 5.89578 0.64812 0.20630 0.15670 0.71612
6.699995041 -2.69428 22.24120 5.83840 0.64502 0.20858 0.16137 0.71722
6.733328342 -2.82946 22.13316 5.77216 0.64195 0.21081 0.16609 0.71824
6.766661644 -2.96379 22.02322 5.69778 0.63892 0.21299 0.17085 0.71919
6.799994946 -3.09725 21.91141 5.61606 0.63592 0.21513 0.17565 0.72005
6.833328247 -3.22982 21.79773 5.52791 0.63295 0.21723 0.18050 0.72084
6.866661549 -3.36150 21.68220 5.43428 0.63003 0.21928 0.18538 0.72154
6.899994850 -3.49225 21.56484 5.33620 0.62714 0.22131 0.19030 0.72215
6.933328152 -3.62207 21.44565 5.23473 0.62431 0.22329 0.19526 0.72267
6.966661453 -3.75095 21.32464 5.13099 0.62152 0.22525 0.20025 0.72311
6.999994755 -3.87887 21.20183 5.02611 0.61878 0.22717 0.20526 0.72345
7.033328056 -4.00582 21.07724 4.92123 0.61609 0.22907 0.21031 0.72369
7.066661358 -4.13177 20.95088 4.81750 0.61345 0.23094 0.21538 0.72385
7.099994659 -4.25673 20.82276 4.71605 0.61087 0.23279 0.22047 0.72390
7.133327961 -4.38066 20.69289 4.61800 0.60835 0.23463 0.22559 0.72385
7.166661263 -4.50357 20.56129 4.52440 0.60589 0.23644 0.23072 0.72371
7.199994564 -4.62543 20.42798 4.43629 0.60350 0.23824 0.23587 0.72346
7.233327866 -4.74624 20.29297 4.35463 0.60116 0.24003 0.24102 0.72312
7.266661167 -4.86597 20.15627 4.28030 0.59889 0.24181 0.24619 0.72267
7.299994469 -4.98462 20.01791 4.21413 0.59668 0.24359 0.25137 0.72211
7.333327770 -5.10217 19.87788 4.15682 0.59455 0.24536 0.25654 0.72146
7.366661072 -5.21860 19.73622 4.10902 0.59248 0.24713 0.26172 0.72070
7.399994373 -5.33392 19.59294 4.07122 0.59048 0.24890 0.26690 0.71983
7.433327675 -5.44810 19.44804 4.04386 0.58855 0.25067 0.27207 0.71886
7.466660976 -5.56112 19.30156 4.02722 0.58669 0.25245 0.27723 0.71778
7.499994278 -5.67299 19.15350 4.02149 0.58490 0.25424 0.28238 0.71660
7.533327579 -5.78368 19.00388 4.02673 0.58319 0.25604 0.28751 0.71531
7.566660881 -5.89318 18.85272 4.04287 0.58155 0.25785 0.29263 0.71392
7.599994183 -6.00148 18.70004 4.06974 0.57998 0.25968 0.29772 0.71242
7.633327484 -6.10857 18.54585 4.10703 0.57849 0.26152 0.30280 0.71082
7.666660786 -6.21444 18.39016 4.15435 0.57707 0.26339 0.30784 0.70912
7.699994087 -6.31908 18.23301 4.21117 0.57572 0.26528 0.31286 0.70732
7.733327389 -6.42246 18.07439 4.27686 0.57444 0.26719 0.31784 0.70541
7.766660690 -6.52459 17.91434 4.35071 0.57324 0.26913 0.32279 0.70340
7.799993992 -6.62545 17.75287 4.43190 0.57211 0.27110 0.32769 0.70129
7.833327293 -6.72503 17.59000 4.51954 0.57105 0.27310 0.33256 0.69908
7.866660595 -6.82332 17.42574 4.61267 0.57007 0.27513 0.33738 0.69678
7.899993896 -6.92031 17.26012 4.71026 0.56915 0.27720 0.34215 0.69438
7.933327198 -7.01598 17.09315 4.81126 0.56830 0.27930 0.34688 0.69188
7.966660500 -7.11033 16.92485 4.91455 0.56752 0.28144 0.35155 0.68929
7.999993801 -7.20334 16.75524 5.01899 0.56680 0.28363 0.35616 0.68661
8.033327103 -7.29501 16.58434 5.12345 0.56615 0.28585 0.36072 0.68385
8.066660881 -7.38533 16.41217 5.22678 0.56557 0.28811 0.36521 0.68099
8.099994659 -7.47429 16.23874 5.32784 0.56504 0.29042 0.36965 0.67804
8.133328438 -7.56187 16.06408 5.42552 0.56458 0.29278 0.37401 0.67502
8.166662216 -7.64806 15.88820 5.51877 0.56417 0.29518 0.37831 0.67191
8.199995995 -7.73287 15.71113 5.60654 0.56382 0.29763 0.38254 0.66872
8.233329773 -7.81627 15.53289 5.68790 0.56353 0.30013 0.38669 0.66545
8.266663551 -7.89826 15.35349 5.76193 0.56329 0.30268 0.39077 0.66211
8.299997330 -7.97883 15.17295 5.82783 0.56309 0.30528 0.39478 0.65869
8.333331108 -8.05797 14.99130 5.88488 0.56295 0.30793 0.39871 0.65521
8.366664886 -8.13567 14.80855 5.93245 0.56285 0.31064 0.40255 0.65166
8.399998665 -8.21192 14.62473 5.97003 0.56279 0.31340 0.40632 0.64804
8.433332443 -8.28673 14.43986 5.99720 0.56277 0.31622 0.41000 0.64435
8.466666222 -8.36006 14.25395 6.01366 0.56279 0.31909 0.41360 0.64061
8.500000000 -8.43193 14.06702 6.01924 0.56284 0.32202 0.41711 0.63681
8.533333778 -8.50232 13.87911 6.01387 0.56293 0.32501 0.42053 0.63296
8.566667557 -8.57122 13.69022 5.99762 0.56304 0.32805 0.42387 0.62905
8.600001335 -8.63863 13.50038 5.97066 0.56317 0.33115 0.42712 0.62509
8.633335114 -8.70453 13.30961 5.93330 0.56333 0.33430 0.43028 0.62109
8.666668892 -8.76893 13.11794 5.88593 0.56351 0.33752 0.43335 0.61705
8.700002670 -8.83181 12.92537 5.82909 0.56370 0.34079 0.43633 0.61296
8.733336449 -8.89317 12.73194 5.76339 0.56391 0.34412 0.43922 0.60884
8.766670227 -8.95300 12.53766 5.68957 0.56412 0.34750 0.44201 0.60468
8.800004005 -9.01129 12.34256 5.60842 0.56434 0.35095 0.44472 0.60049
8.833337784 -9.06804 12.14666 5.52084 0.56456 0.35445 0.44733 0.59627
8.866671562 -9.12324 11.94998 5.42779 0.56478 0.35800 0.44986 0.59202
8.900005341 -9.17689 11.75254 5.33030 0.56499 0.36162 0.45229 0.58775
8.933339119 -9.22898 11.55436 5.22943 0.56520 0.36528 0.45463 0.58346
8.966672897 -9.27950 11.35547 5.12629 0.56539 0.36901 0.45689 0.57916
9.000006676 -9.32846 11.15588 5.02201 0.56557 0.37278 0.45905 0.57483
9.033340454 -9.37583 10.95563 4.91774 0.56573 0.37661 0.46113 0.57050
9.066674232 -9.42162 10.75472 4.81463 0.56587 0.38049 0.46312 0.56616
9.100008011 -9.46583 10.55319 4.71380 0.56598 0.38442 0.46503 0.56182
9.133341789 -9.50845 10.35106 4.61636 0.56606 0.38840 0.46685 0.55747
9.166675568 -9.54947 10.14834 4.52339 0.56611 0.39243 0.46858 0.55312
9.200009346 -9.58889 9.94506 4.43590 0.56612 0.39651 0.47024 0.54878
9.233343124 -9.62670 9.74125 4.35486 0.56610 0.40064 0.47182 0.54444
9.266676903 -9.66291 9.53692 4.28116 0.56603 0.40481 0.47331 0.54011
9.300010681 -9.69750 9.33210 4.21560 0.56592 0.40902 0.47474 0.53579
9.333344460 -9.73048 9.12681 4.15891 0.56575 0.41327 0.47608 0.53148
9.366678238 -9.76184 8.92107 4.11172 0.56554 0.41756 0.47736 0.52719
9.400012016 -9.79158 8.71491 4.07454 0.56527 0.42189 0.47857 0.52292
9.433345795 -9.81969 8.50834 4.04779 0.56494 0.42626 0.47971 0.51868
9.466679573 -9.84617 8.30140 4.03175 0.56455 0.43066 0.48078 0.51445
9.500013351 -9.87102 8.09410 4.02662 0.56410 0.43510 0.48179 0.51025
9.533347130 -9.89424 7.88647 4.03244 0.56358 0.43956 0.48275 0.50608
9.566680908 -9.91582 7.67853 4.04917 0.56299 0.44405 0.48364 0.50195
9.600014687 -9.93577 7.47030 4.07661 0.56233 0.44857 0.48448 0.49784
9.633348465 -9.95407 7.26181 4.11447 0.56160 0.45311 0.48527 0.49377
9.666682243 -9.97073 7.05307 4.16235 0.56079 0.45767 0.48602 0.48974
9.700016022 -9.98575 6.84412 4.21971 0.55990 0.46225 0.48671 0.48574
9.733349800 -9.99913 6.63497 4.28594 0.55893 0.46685 0.48737 0.48179
9.766683578 -10.01086 6.42565 4.36031 0.55788 0.47146 0.48798 0.47788
9.800017357 -10.02094 6.21618 4.44200 0.55674 0.47608 0.48856 0.47402
9.833351135 -10.02937 6.00658 4.53014 0.55552 0.48072 0.48911 0.47020
9.866684914 -10.03616 5.79688 4.62376 0.55421 0.48535 0.48962 0.46643
9.900018692 -10.04130 5.58710 4.72183 0.55281 0.48999 0.49011 0.46271
9.933352470 -10.04479 5.37726 4.82328 0.55132 0.49463 0.49058 0.45904
9.966686249 -10.04663 5.16738 4.92701 0.54974 0.49927 0.49103 0.45542
10.000020027 -10.04682 4.95750 5.03188 0.54806 0.50391 0.49146 0.45186
10.033353806 -10.04537 4.74762 5.13674 0.54630 0.50853 0.49187 0.44835
10.066687584 -10.04226 4.53778 5.24046 0.54443 0.51315 0.49228 0.44489
10.100021362 -10.03752 4.32800 5.34190 0.54248 0.51775 0.49268 0.44150
10.133355141 -10.03112 4.11829 5.43994 0.54042 0.52234 0.49308 0.43816
10.166688919 -10.02308 3.90869 5.53352 0.53827 0.52690 0.49348 0.43487
10.200022697 -10.01340 3.69922 5.62162 0.53603 0.53145 0.49388 0.43165
10.233356476 -10.00207 3.48989 5.70328 0.53369 0.53596 0.49429 0.42849
10.266690254 -9.98911 3.28073 5.77759 0.53125 0.54045 0.49470 0.42539
10.300024033 -9.97451 3.07177 5.84376 0.52871 0.54491 0.49513 0.42235
10.333357811 -9.95827 2.86303 5.90106 0.52608 0.54934 0.49558 0.41936
10.366691589 -9.94039 2.65452 5.94887 0.52336 0.55373 0.49604 0.41644
10.400025368 -9.92089 2.44628 5.98665 0.52054 0.55807 0.49653 0.41359
10.433359146 -9.89975 2.23832 6.01401 0.51762 0.56238 0.49704 0.41079
10.466692924 -9.87699 2.03066 6.03065 0.51461 0.56664 0.49758 0.40805
10.500026703 -9.85260 1.82334 6.03638 0.51151 0.57085 0.49815 0.40538
10.533360481 -9.82659 1.61637 6.03115 0.50832 0.57501 0.49875 0.40276
10.566694260 -9.79897 1.40977 6.01502 0.50504 0.57912 0.49939 0.40021
10.600028038 -9.76973 1.20357 5.98816 0.50167 0.58317 0.50007 0.39771
10.633361816 -9.73888 0.99779 5.95087 0.49821 0.58716 0.50079 0.39528
10.666695595 -9.70642 0.79245 5.90357 0.49466 0.59109 0.50155 0.39290
10.700029373 -9.67236 0.58757 5.84677 0.49104 0.59495 0.50236 0.39059
10.733363152 -9.63670 0.38317 5.78109 0.48732 0.59875 0.50321 0.38832
10.766696930 -9.59945 0.17929 5.70727 0.48353 0.60247 0.50412 0.38612
10.800030708 -9.56060 -0.02407 5.62611 0.47966 0.60613 0.50507 0.38397
10.833364487 -9.52017 -0.22687 5.53850 0.47571 0.60971 0.50609 0.38188
10.866698265 -9.47816 -0.42910 5.44540 0.47169 0.61321 0.50715 0.37983
10.900032043 -9.43456 -0.63074 5.34784 0.46760 0.61664 0.50828 0.37784
10.933365822 -9.38940 -0.83176 5.24689 0.46343 0.61998 0.50946 0.37590
10.966699600 -9.34267 -1.03215 5.14364 0.45920 0.62324 0.51071 0.37401
11.000033379 -9.29437 -1.23187 5.03925 0.45490 0.62642 0.51201 0.37217
11.033367157 -9.24452 -1.43091 4.93484 0.45054 0.62951 0.51338 0.37037
11.066700935 -9.19312 -1.62925 4.83157 0.44612 0.63251 0.51482 0.36862
11.100034714 -9.14017 -1.82687 4.73057 0.44164 0.63542 0.51631 0.36690
11.133368492 -9.08569 -2.02374 4.63295 0.43711 0.63823 0.51788 0.36523
11.166702271 -9.02966 -2.21985 4.53978 0.43252 0.64096 0.51951 0.36360
11.200036049 -8.97211 -2.41517 4.45207 0.42789 0.64359 0.52121 0.36200
11.233369827 -8.91304 -2.60968 4.37079 0.42321 0.64612 0.52298 0.36044
11.266703606 -8.85245 -2.80336 4.29684 0.41848 0.64855 0.52482 0.35891
11.300037384 -8.79035 -2.99619 4.23102 0.41372 0.65089 0.52673 0.35740
11.333371162 -8.72675 -3.18815 4.17405 0.40892 0.65313 0.52870 0.35593
11.366704941 -8.66166 -3.37922 4.12656 0.40408 0.65527 0.53075 0.35448
11.400038719 -8.59507 -3.56938 4.08907 0.39921 0.65730 0.53286 0.35305
11.433372498 -8.52700 -3.75860 4.06198 0.39431 0.65924 0.53504 0.35165
11.466706276 -8.45746 -3.94688 4.04561 0.38939 0.66107 0.53729 0.35026
11.500040054 -8.38645 -4.13417 4.04012 0.38444 0.66280 0.53961 0.34888
11.533373833 -8.31398 -4.32048 4.04558 0.37948 0.66442 0.54200 0.34752
11.566707611 -8.24005 -4.50577 4.06192 0.37449 0.66595 0.54446 0.34617
11.600041389 -8.16468 -4.69002 4.08896 0.36950 0.66737 0.54698 0.34482
11.633375168 -8.08788 -4.87323 4.12642 0.36449 0.66869 0.54957 0.34348
11.666708946 -8.00964 -5.05536 4.17387 0.35947 0.66990 0.55222 0.34214
11.700042725 -7.92998 -5.23639 4.23080 0.35445 0.67102 0.55494 0.34080
11.733376503 -7.84891 -5.41631 4.29658 0.34943 0.67203 0.55772 0.33945
11.766710281 -7.76644 -5.59510 4.37050 0.34441 0.67294 0.56056 0.33810
11.800044060 -7.68257 -5.77274 4.45173 0.33939 0.67375 0.56346 0.33673
11.833377838 -7.59731 -5.94920 4.53939 0.33438 0.67447 0.56641 0.33536
11.866711617 -7.51067 -6.12447 4.63251 0.32937 0.67508 0.56943 0.33397
11.900045395 -7.42267 -6.29854 4.73008 0.32438 0.67560 0.57250 0.33255
11.933379173 -7.33330 -6.47137 4.83102 0.31940 0.67602 0.57562 0.33112
11.966712952 -7.24258 -6.64295 4.93423 0.31444 0.67634 0.57880 0.32966
12.000046730 -7.15052 -6.81327 5.03858 0.30950 0.67658 0.58202 0.32818
12.033380508 -7.05713 -6.98230 5.14291 0.30459 0.67672 0.58529 0.32667
12.066714287 -6.96241 -7.15003 5.24608 0.29969 0.67677 0.58861 0.32512
12.100048065 -6.86638 -7.31643 5.34697 0.29483 0.67674 0.59197 0.32354
12.133381844 -6.76905 -7.48149 5.44445 0.28999 0.67662 0.59537 0.32191
12.166715622 -6.67043 -7.64519 5.53747 0.28518 0.67642 0.59881 0.32025
12.200049400 -6.57052 -7.80751 5.62500 0.28041 0.67614 0.60228 0.31854
12.233383179 -6.46934 -7.96843 5.70608 0.27567 0.67577 0.60579 0.31679
12.266716957 -6.36690 -8.12794 5.77982 0.27097 0.67534 0.60933 0.31499
12.300050735 -6.26321 -8.28602 5.84541 0.26631 0.67482 0.61289 0.31314
12.333384514 -6.15828 -8.44265 5.90212 0.26169 0.67424 0.61649 0.31123
12.366718292 -6.05212 -8.59781 5.94934 0.25711 0.67359 0.62010 0.30927
12.400052071 -5.94475 -8.75149 5.98654 0.25257 0.67287 0.62373 0.30725
12.433385849 -5.83616 -8.90366 6.01331 0.24808 0.67210 0.62739 0.30517
12.466719627 -5.72639 -9.05432 6.02935 0.24364 0.67126 0.63105 0.30303
12.500053406 -5.61543 -9.20344 6.03450 0.23925 0.67036 0.63473 0.30082
12.533387184 -5.50330 -9.35101 6.02867 0.23490 0.66942 0.63841 0.29855
12.566720963 -5.39000 -9.49701 6.01195 0.23061 0.66842 0.64210 0.29621
12.600054741 -5.27557 -9.64142 5.98451 0.22637 0.66738 0.64579 0.29380
12.633388519 -5.16000 -9.78423 5.94664 0.22218 0.66629 0.64949 0.29132
12.666722298 -5.04330 -9.92542 5.89875 0.21804 0.66516 0.65317 0.28876
12.700056076 -4.92550 -10.06498 5.84138 0.21396 0.66400 0.65685 0.28614
12.733389854 -4.80660 -10.20289 5.77514 0.20993 0.66280 0.66052 0.28343
12.766723633 -4.68661 -10.33914 5.70075 0.20596 0.66158 0.66418 0.28065
12.800057411 -4.56555 -10.47370 5.61903 0.20204 0.66033 0.66781 0.27780
12.833391190 -4.44344 -10.60657 5.53087 0.19818 0.65905 0.67143 0.27486
12.866724968 -4.32028 -10.73773 5.43723 0.19437 0.65776 0.67503 0.27185
12.900058746 -4.19608 -10.86716 5.33914 0.19063 0.65645 0.67860 0.26876
12.933392525 -4.07088 -10.99486 5.23765 0.18694 0.65514 0.68214 0.26559
12.966726303 -3.94466 -11.12079 5.13390 0.18330 0.65381 0.68565 0.26234
13.000060081 -3.81746 -11.24496 5.02900 0.17972 0.65248 0.68912 0.25901
13.033393860 -3.68928 -11.36735 4.92410 0.17620 0.65115 0.69255 0.25560
13.066727638 -3.56013 -11.48794 4.82035 0.17273 0.64982 0.69595 0.25211
13.100061417 -3.43004 -11.60672 4.71888 0.16932 0.64850 0.69929 0.24854
13.133395195 -3.29902 -11.72368 4.62080 0.16596 0.64718 0.70259 0.24489
13.166728973 -3.16707 -11.83880 4.52718 0.16266 0.64588 0.70584 0.24116
13.200062752 -3.03423 -11.95207 4.43904 0.15941 0.64460 0.70904 0.23735
13.233396530 -2.90049 -12.06347 4.35734 0.15622 0.64334 0.71218 0.23347
13.266730309 -2.76587 -12.17301 4.28299 0.15308 0.64210 0.71526 0.22951
13.300064087 -2.63040 -12.28065 4.21678 0.14999 0.64089 0.71828 0.22547
13.333397865 -2.49408 -12.38640 4.15944 0.14695 0.63971 0.72123 0.22136
13.366731644 -2.35693 -12.49023 4.11159 0.14396 0.63856 0.72412 0.21717
13.400065422 -2.21897 -12.59214 4.07376 0.14101 0.63745 0.72694 0.21292
13.433399200 -2.08020 -12.69212 4.04636 0.13812 0.63638 0.72968 0.20859
13.466732979 -1.94066 -12.79015 4.02968 0.13527 0.63535 0.73235 0.20419
13.500066757 -1.80034 -12.88623 4.02390 0.13247 0.63436 0.73495 0.19973
13.533400536 -1.65927 -12.98033 4.02909 0.12971 0.63342 0.73746 0.19520
13.566734314 -1.51747 -13.07246 4.04518 0.12700 0.63254 0.73989 0.19061
13.600068092 -1.37494 -13.16261 4.07200 0.12432 0.63170 0.74224 0.18596
13.633401871 -1.23171 -13.25075 4.10924 0.12168 0.63092 0.74450 0.18125
13.666735649 -1.08779 -13.33689 4.15649 0.11909 0.63020 0.74667 0.17648
13.700069427 -0.94320 -13.42101 4.21325 0.11653 0.62954 0.74876 0.17165
13.733403206 -0.79795 -13.50310 4.27887 0.11400 0.62894 0.75075 0.16678
13.766736984 -0.65206 -13.58316 4.35265 0.11151 0.62840 0.75265 0.16186
13.800070763 -0.50555 -13.66117 4.43376 0.10905 0.62793 0.75445 0.15688
13.833404541 -0.35843 -13.73713 4.52133 0.10662 0.62753 0.75616 0.15187
13.866738319 -0.21071 -13.81103 4.61438 0.10421 0.62719 0.75777 0.14681
13.900072098 -0.06243 -13.88286 4.71189 0.10184 0.62693 0.75928 0.14171
13.933405876 0.08642 -13.95261 4.81280 0.09949 0.62673 0.76069 0.13658
13.966739655 0.23581 -14.02027 4.91599 0.09716 0.62662 0.76200 0.13142
14.000073433 0.38572 -14.08585 5.02034 0.09485 0.62657 0.76321 0.12622
14.033407211 0.53614 -14.14932 5.12469 0.09256 0.62660 0.76431 0.12100
14.066740990 0.68705 -14.21069 5.22791 0.09028 0.62670 0.76531 0.11575
14.100074768 0.83844 -14.26994 5.32886 0.08803 0.62688 0.76620 0.11049
14.133408546 0.99028 -14.32707 5.42644 0.08578 0.62714 0.76699 0.10520
14.166742325 1.14257 -14.38208 5.51956 0.08355 0.62748 0.76767 0.09990
14.200076103 1.29527 -14.43496 5.60722 0.08132 0.62789 0.76824 0.09459
14.233409882 1.44839 -14.48570 5.68845 0.07910 0.62838 0.76871 0.08927
14.266743660 1.60189 -14.53429 5.76236 0.07689 0.62895 0.76907 0.08394
14.300077438 1.75577 -14.58074 5.82813 0.07467 0.62959 0.76932 0.07862
14.333411217 1.91000 -14.62503 5.88506 0.07246 0.63031 0.76947 0.07329
14.366744995 2.06457 -14.66716 5.93250 0.07025 0.63111 0.76951 0.06796
14.400078773 2.21946 -14.70714 5.96995 0.06803 0.63199 0.76944 0.06265
14.433412552 2.37465 -14.74494 5.99699 0.06581 0.63294 0.76927 0.05734
14.466746330 2.53013 -14.78057 6.01332 0.06357 0.63396 0.76899 0.05205
14.500080109 2.68588 -14.81403 6.01877 0.06133 0.63506 0.76861 0.04677
14.533413887 2.84188 -14.84531 6.01327 0.05908 0.63622 0.76812 0.04151
14.566747665 2.99811 -14.87441 5.99689 0.05681 0.63746 0.76753 0.03628
14.600081444 3.15456 -14.90132 5.96981 0.05452 0.63877 0.76683 0.03107
14.633415222 3.31122 -14.92605 5.93232 0.05222 0.64015 0.76604 0.02588
14.666749001 3.46805 -14.94859 5.88483 0.04989 0.64159 0.76514 0.02073
14.700082779 3.62505 -14.96893 5.82787 0.04754 0.64310 0.76415 0.01561
14.733416557 3.78219 -14.98708 5.76206 0.04517 0.64466 0.76306 0.01053
14.766750336 3.93947 -15.00303 5.68812 0.04277 0.64629 0.76187 0.00548
14.800084114 4.09686 -15.01678 5.60686 0.04034 0.64798 0.76059 0.00048
14.833417892 4.25434 -15.02833 5.51918 0.03788 0.64972 0.75921 -0.00448
14.866751671 4.41190 -15.03768 5.42603 0.03539 0.65152 0.75775 -0.00939
14.900085449 4.56952 -15.04483 5.32844 0.03286 0.65337 0.75619 -0.01426
14.933419228 4.72719 -15.04978 5.22748 0.03029 0.65526 0.75455 -0.01908
14.966753006 4.88488 -15.05252 5.12425 0.02769 0.65721 0.75282 -0.02384
15.000086784 5.04257 -15.05306 5.01989 0.02504 0.65919 0.75102 -0.02855
15.033420563 5.20026 -15.05140 4.91555 0.02236 0.66122 0.74913 -0.03321
15.066754341 5.35792 -15.04753 4.81236 0.01963 0.66328 0.74716 -0.03780
15.100088120 5.51554 -15.04147 4.71147 0.01685 0.66538 0.74511 -0.04234
15.133421898 5.67309 -15.03320 4.61397 0.01403 0.66751 0.74300 -0.04682
15.166755676 5.83057 -15.02272 4.52094 0.01116 0.66966 0.74081 -0.05123
15.200089455 5.98795 -15.01006 4.43340 0.00824 0.67185 0.73856 -0.05558
15.233423233 6.14521 -14.99519 4.35231 0.00526 0.67405 0.73624 -0.05987
15.266757011 6.30235 -14.97812 4.27857 0.00224 0.67627 0.73386 -0.06409
15.300090790 6.45933 -14.95887 4.21298 -0.00084 0.67851 0.73141 -0.06825
15.333424568 6.61615 -14.93742 4.15626 -0.00398 0.68076 0.72892 -0.07233
15.366758347 6.77279 -14.91378 4.10904 -0.00717 0.68302 0.72637 -0.07635
15.400092125 6.92922 -14.88795 4.07184 -0.01042 0.68528 0.72377 -0.08030
15.433425903 7.08544 -14.85994 4.04506 -0.01372 0.68754 0.72112 -0.08418
15.466759682 7.24142 -14.82975 4.02901 -0.01709 0.68980 0.71843 -0.08799
15.500093460 7.39715 -14.79739 4.02386 -0.02051 0.69206 0.71569 -0.09173
15.533427238 7.55261 -14.76285 4.02968 -0.02400 0.69431 0.71292 -0.09540
15.566761017 7.70779 -14.72614 4.04640 -0.02754 0.69654 0.71012 -0.09901
15.600094795 7.86266 -14.68727 4.07384 -0.03115 0.69876 0.70728 -0.10254
15.633428574 8.01721 -14.64623 4.11170 -0.03482 0.70096 0.70442 -0.10600
15.666762352 8.17142 -14.60304 4.15957 -0.03855 0.70313 0.70154 -0.10940
15.700096130 8.32527 -14.55770 4.21694 -0.04235 0.70528 0.69863 -0.11272
15.733429909 8.47876 -14.51022 4.28317 -0.04620 0.70740 0.69570 -0.11598
15.766763687 8.63186 -14.46059 4.35755 -0.05012 0.70948 0.69276 -0.11917
15.800097466 8.78455 -14.40883 4.43925 -0.05410 0.71153 0.68981 -0.12230
15.833431244 8.93682 -14.35494 4.52740 -0.05814 0.71353 0.68686 -0.12536
15.866765022 9.08865 -14.29893 4.62103 -0.06225 0.71550 0.68390 -0.12835
15.900098801 9.24003 -14.24080 4.71911 -0.06641 0.71741 0.68094 -0.13129
15.933432579 9.39094 -14.18056 4.82057 -0.07063 0.71928 0.67798 -0.13416
15.966766357 9.54135 -14.11823 4.92431 -0.07492 0.72109 0.67502 -0.13697
16.000099182 9.69126 -14.05379 5.02919 -0.07926 0.72284 0.67208 -0.13972
16.033432007 9.84065 -13.98727 5.13406 -0.08366 0.72454 0.66915 -0.14242
16.066764832 9.98950 -13.91867 5.23779 -0.08811 0.72617 0.66624 -0.14506
16.100097656 10.13779 -13.84800 5.33923 -0.09263 0.72774 0.66334 -0.14765
16.133430481 10.28552 -13.77526 5.43729 -0.09719 0.72923 0.66047 -0.15018
16.166763306 10.43266 -13.70047 5.53088 -0.10181 0.73066 0.65762 -0.15266
16.200096130 10.57920 -13.62363 5.61899 -0.10648 0.73201 0.65480 -0.15510
16.233428955 10.72512 -13.54476 5.70066 -0.11119 0.73329 0.65201 -0.15749
16.266761780 10.87041 -13.46385 5.77499 -0.11596 0.73449 0.64926 -0.15983
16.300094604 11.01505 -13.38092 5.84118 -0.12077 0.73560 0.64654 -0.16214
16.333427429 11.15903 -13.29598 5.89849 -0.12563 0.73663 0.64386 -0.16440
16.366760254 11.30232 -13.20904 5.94632 -0.13053 0.73758 0.64123 -0.16662
16.400093079 11.44492 -13.12011 5.98413 -0.13547 0.73844 0.63864 -0.16881
16.433425903 11.58681 -13.02920 6.01151 -0.14044 0.73921 0.63609 -0.17097
16.466758728 11.72797 -12.93631 6.02818 -0.14545 0.73989 0.63360 -0.17309
16.500091553 11.86840 -12.84147 6.03394 -0.15050 0.74047 0.63116 -0.17519
16.533424377 12.00806 -12.74467 6.02874 -0.15558 0.74096 0.62877 -0.17726
16.566757202 12.14695 -12.64594 6.01264 -0.16068 0.74135 0.62644 -0.17931
16.600090027 12.28506 -12.54528 5.98582 -0.16581 0.74164 0.62417 -0.18133
16.633422852 12.42236 -12.44270 5.94858 -0.17096 0.74184 0.62196 -0.18334
16.666755676 12.55885 -12.33822 5.90132 -0.17614 0.74193 0.61981 -0.18532
16.700088501 12.69451 -12.23184 5.84457 -0.18133 0.74192 0.61773 -0.18730
16.733421326 12.82933 -12.12358 5.77895 -0.18653 0.74181 0.61571 -0.18926
16.766754150 12.96328 -12.01346 5.70518 -0.19175 0.74160 0.61376 -0.19122
16.800086975 13.09636 -11.90147 5.62408 -0.19698 0.74128 0.61188 -0.19316
16.833419800 13.22856 -11.78764 5.53653 -0.20221 0.74086 0.61006 -0.19510
16.866752625 13.35985 -11.67198 5.44350 -0.20745 0.74033 0.60832 -0.19704
16.900085449 13.49022 -11.55450 5.34601 -0.21269 0.73969 0.60665 -0.19899
16.933418274 13.61967 -11.43522 5.24513 -0.21792 0.73895 0.60505 -0.20093
16.966751099 13.74817 -11.31414 5.14196 -0.22315 0.73811 0.60353 -0.20288
17.000083923 13.87572 -11.19128 5.03765 -0.22837 0.73716 0.60207 -0.20483
17.033416748 14.00230 -11.06665 4.93332 -0.23357 0.73610 0.60070 -0.20680
17.066749573 14.12789 -10.94028 4.83014 -0.23877 0.73494 0.59940 -0.20877
17.100082397 14.25248 -10.81216 4.72923 -0.24394 0.73367 0.59817 -0.21076
17.133415222 14.37606 -10.68232 4.63170 -0.24909 0.73229 0.59702 -0.21277
17.166748047 14.49863 -10.55077 4.53862 -0.25422 0.73082 0.59594 -0.21480
17.200080872 14.62015 -10.41752 4.45101 -0.25932 0.72924 0.59493 -0.21684
17.233413696 14.74062 -10.28260 4.36983 -0.26439 0.72755 0.59401 -0.21891
17.266746521 14.86003 -10.14600 4.29597 -0.26942 0.72577 0.59315 -0.22101
17.300079346 14.97837 -10.00775 4.23025 -0.27442 0.72388 0.59237 -0.22313
17.333412170 15.09562 -9.86787 4.17339 -0.27938 0.72190 0.59166 -0.22527
17.366744995 15.21177 -9.72636 4.12600 -0.28430 0.71981 0.59102 -0.22745
17.400077820 15.32681 -9.58325 4.08861 -0.28918 0.71763 0.59046 -0.22966
17.433410645 15.44072 -9.43855 4.06163 -0.29400 0.71535 0.58996 -0.23191
17.466743469 15.55349 -9.29227 4.04536 -0.29877 0.71298 0.58953 -0.23419
17.500076294 15.66512 -9.14443 4.03998 -0.30349 0.71052 0.58917 -0.23651
17.533409119 15.77559 -8.99505 4.04554 -0.30816 0.70796 0.58887 -0.23887
17.566741943 15.88488 -8.84414 4.06198 -0.31277 0.70532 0.58864 -0.24126
17.600074768 15.99299 -8.69172 4.08914 -0.31731 0.70259 0.58847 -0.24370
17.633407593 16.09990 -8.53780 4.12669 -0.32179 0.69977 0.58836 -0.24619
17.666740417 16.20561 -8.38241 4.17425 -0.32621 0.69687 0.58830 -0.24871
17.700073242 16.31009 -8.22555 4.23128 -0.33056 0.69389 0.58831 -0.25129
17.733406067 16.41335 -8.06725 4.29716 -0.33483 0.69083 0.58836 -0.25391
17.766738892 16.51537 -7.90752 4.37117 -0.33904 0.68769 0.58847 -0.25658
17.800071716 16.61613 -7.74638 4.45250 -0.34317 0.68448 0.58863 -0.25930
17.833404541 16.71563 -7.58384 4.54026 -0.34723 0.68120 0.58883 -0.26207
17.866737366 16.81385 -7.41993 4.63348 -0.35121 0.67785 0.58908 -0.26489
17.900070190 16.91079 -7.25465 4.73114 -0.35511 0.67443 0.58937 -0.26776
17.933403015 17.00644 -7.08804 4.83218 -0.35893 0.67094 0.58969 -0.27068
17.966735840 17.10077 -6.92010 4.93547 -0.36266 0.66740 0.59005 -0.27366
18.000068665 17.19380 -6.75086 5.03991 -0.36632 0.66379 0.59045 -0.27670
18.033401489 17.28549 -6.58033 5.14432 -0.36989 0.66013 0.59087 -0.27978
18.066734314 17.37585 -6.40852 5.24758 -0.37338 0.65642 0.59132 -0.28293
18.100067139 17.46486 -6.23547 5.34855 -0.37678 0.65265 0.59179 -0.28613
18.133399963 17.55251 -6.06119 5.44612 -0.38009 0.64884 0.59228 -0.28938
18.166732788 17.63880 -5.88568 5.53922 -0.38331 0.64498 0.59279 -0.29269
18.200065613 17.72371 -5.70899 5.62683 -0.38645 0.64108 0.59331 -0.29606
18.233398438 17.80723 -5.53112 5.70799 -0.38950 0.63714 0.59384 -0.29948
18.266731262 17.88936 -5.35209 5.78180 -0.39246 0.63317 0.59438 -0.30296
18.300064087 17.97009 -5.17192 5.84747 -0.39534 0.62916 0.59492 -0.30650
18.333396912 18.04940 -4.99063 5.90425 -0.39812 0.62512 0.59546 -0.31009
18.366729736 18.12728 -4.80824 5.95154 -0.40082 0.62105 0.59599 -0.31374
18.400062561 18.20374 -4.62478 5.98881 -0.40343 0.61696 0.59652 -0.31745
18.433395386 18.27875 -4.44025 6.01565 -0.40596 0.61285 0.59703 -0.32120
18.466728210 18.35232 -4.25468 6.03176 -0.40839 0.60872 0.59753 -0.32502
18.500061035 18.42443 -4.06809 6.03696 -0.41074 0.60457 0.59801 -0.32888
18.533393860 18.49507 -3.88050 6.03120 -0.41301 0.60041 0.59847 -0.33280
18.566726685 18.56424 -3.69193 6.01454 -0.41520 0.59624 0.59891 -0.33677
18.600059509 18.63192 -3.50240 5.98715 -0.41730 0.59207 0.59931 -0.34080
18.633392334 18.69812 -3.31193 5.94934 -0.41932 0.58789 0.59969 -0.34487
18.666725159 18.76281 -3.12054 5.90151 -0.42126 0.58371 0.60002 -0.34899
18.700057983 18.82600 -2.92826 5.84419 -0.42312 0.57953 0.60032 -0.35316
18.733390808 18.88768 -2.73509 5.77799 -0.42491 0.57536 0.60058 -0.35738
18.766723633 18.94784 -2.54107 5.70365 -0.42662 0.57120 0.60079 -0.36164
18.800056458 19.00647 -2.34621 5.62197 -0.42826 0.56705 0.60095 -0.36594
18.833389282 19.06357 -2.15054 5.53385 -0.42983 0.56291 0.60105 -0.37029
18.866722107 19.11912 -1.95408 5.44025 -0.43133 0.55878 0.60111 -0.37468
18.900054932 19.17313 -1.75685 5.34218 -0.43276 0.55468 0.60110 -0.37911
18.933387756 19.22559 -1.55886 5.24073 -0.43413 0.55059 0.60103 -0.38358
18.966720581 19.27648 -1.36015 5.13700 -0.43544 0.54653 0.60090 -0.38808
19.000053406 19.32581 -1.16073 5.03212 -0.43669 0.54250 0.60070 -0.39261
19.033386230 19.37356 -0.96063 4.92724 -0.43789 0.53850 0.60044 -0.39718
19.066719055 19.41974 -0.75986 4.82350 -0.43903 0.53452 0.60010 -0.40177
19.100051880 19.46433 -0.55846 4.72204 -0.44012 0.53058 0.59968 -0.40640
19.133384705 19.50734 -0.35643 4.62396 -0.44116 0.52668 0.59919 -0.41105
19.166717529 19.54875 -0.15381 4.53034 -0.44216 0.52281 0.59862 -0.41572
19.200050354 19.58856 0.04938 4.44219 -0.44311 0.51898 0.59797 -0.42041
19.233383179 19.62677 0.25313 4.36049 -0.44403 0.51520 0.59723 -0.42512
19.266716003 19.66337 0.45740 4.28612 -0.44491 0.51145 0.59641 -0.42985
19.300048828 19.69836 0.66218 4.21989 -0.44575 0.50776 0.59550 -0.43459
19.333381653 19.73173 0.86745 4.16253 -0.44657 0.50411 0.59450 -0.43934
19.366714478 19.76348 1.07318 4.11465 -0.44736 0.50051 0.59341 -0.44410
19.400047302 19.79360 1.27934 4.07679 -0.44812 0.49696 0.59223 -0.44886
19.433380127 19.82210 1.48592 4.04935 -0.44887 0.49346 0.59096 -0.45363
19.466712952 19.84896 1.69289 4.03263 -0.44960 0.49002 0.58959 -0.45839
19.500045776 19.87419 1.90024 4.02680 -0.45031 0.48663 0.58813 -0.46316
19.533378601 19.89779 2.10793 4.03194 -0.45102 0.48330 0.58657 -0.46791
19.566711426 19.91974 2.31594 4.04797 -0.45171 0.48002 0.58491 -0.47266
19.600044250 19.94005 2.52425 4.07473 -0.45240 0.47681 0.58316 -0.47740
19.633377075 19.95871 2.73284 4.11190 -0.45309 0.47365 0.58131 -0.48212
19.666709900 19.97573 2.94169 4.15910 -0.45378 0.47055 0.57936 -0.48683
19.700042725 19.99109 3.15076 4.21578 -0.45448 0.46751 0.57731 -0.49152
19.733375549 20.00480 3.36004 4.28133 -0.45519 0.46454 0.57516 -0.49618
19.766708374 20.01687 3.56951 4.35503 0.45590 -0.46163 -0.57292 0.50082
19.800041199 20.02727 3.77914 4.43607 0.45663 -0.45878 -0.57058 0.50543
19.833374023 20.03602 3.98891 4.52355 0.45738 -0.45599 -0.56813 0.51000
19.866706848 20.04311 4.19879 4.61651 0.45815 -0.45327 -0.56559 0.51454
19.900039673 20.04855 4.40876 4.71394 0.45894 -0.45061 -0.56296 0.51905
19.933372498 20.05233 4.61880 4.81476 0.45975 -0.44801 -0.56022 0.52351
19.966705322 20.05445 4.82888 4.91787 0.46059 -0.44548 -0.55740 0.52793
