-0.20327 -0.0108958 -0.222615 0.252426 
0.188542 0.00425901 0.188831 0.266113 
0.323243 -0.110692 0.334933 0.318127 
-0.313863 -0.136921 -0.355768 0.295826 
-0.20327 -0.0108958 0.188542 0.00425901 
0.188542 0.00425901 0.323243 -0.110692 
0.323243 -0.110692 -0.313863 -0.136921 
-0.313863 -0.136921 -0.20327 -0.0108958 
-0.222615 0.252426 -0.288174 0.462543 
-0.288174 0.462543 -0.355768 0.295826 
0.188831 0.266113 0.245571 0.477978 
0.245571 0.477978 0.334933 0.318127 
-0.288174 0.462543 0.245571 0.477978 
-0.222615 0.252426 0.188831 0.266113 
-0.355768 0.295826 0.334933 0.318127 
-0.25626 -0.07128 -0.281836 -0.100425 
-0.281836 -0.100425 -0.307917 0.189526 
-0.307917 0.189526 -0.278298 0.189466 
-0.278298 0.189466 -0.25626 -0.07128 
-0.226106 0.0786615 -0.244645 0.0683456 
-0.244645 0.0683456 -0.254346 0.189418 
-0.254346 0.189418 -0.234576 0.189377 
-0.234576 0.189377 -0.226106 0.0786615 
