-0.131887 -0.0321927 -0.134049 0.220831 
0.258088 -0.0526184 0.276801 0.214669 
0.324616 -0.212108 0.362484 0.227237 
-0.299063 -0.165975 -0.316457 0.236126 
-0.131887 -0.0321927 0.258088 -0.0526184 
0.258088 -0.0526184 0.324616 -0.212108 
0.324616 -0.212108 -0.299063 -0.165975 
-0.299063 -0.165975 -0.131887 -0.0321927 
-0.134049 0.220831 -0.207328 0.410661 
-0.207328 0.410661 -0.316457 0.236126 
0.276801 0.214669 0.323633 0.417668 
0.323633 0.417668 0.362484 0.227237 
-0.207328 0.410661 0.323633 0.417668 
-0.134049 0.220831 0.276801 0.214669 
-0.316457 0.236126 0.362484 0.227237 
-0.213184 -0.0972504 -0.251629 -0.128016 
-0.251629 -0.128016 -0.260666 0.144061 
-0.260666 0.144061 -0.219394 0.149296 
-0.219394 0.149296 -0.213184 -0.0972504 
-0.156007 0.0512421 -0.183447 0.0383742 
-0.183447 0.0383742 -0.185593 0.153583 
-0.185593 0.153583 -0.157401 0.157159 
-0.157401 0.157159 -0.156007 0.0512421 
