0.273483 -0.396411 0.239112 -0.0767855 
0.710336 -0.630438 0.616005 -0.02236 
-0.262097 -0.842698 -0.293804 -0.0821227 
-0.231072 -0.469303 -0.247929 -0.111991 
0.273483 -0.396411 0.710336 -0.630438 
0.710336 -0.630438 -0.262097 -0.842698 
-0.262097 -0.842698 -0.231072 -0.469303 
-0.231072 -0.469303 0.273483 -0.396411 
0.239112 -0.0767855 -0.00536187 0.0772791 
-0.00536187 0.0772791 -0.247929 -0.111991 
0.616005 -0.02236 0.172857 0.273112 
0.172857 0.273112 -0.293804 -0.0821227 
-0.00536187 0.0772791 0.172857 0.273112 
0.239112 -0.0767855 0.616005 -0.02236 
-0.247929 -0.111991 -0.293804 -0.0821227 
-0.0161508 -0.438254 -0.121235 -0.453435 
-0.121235 -0.453435 -0.137563 -0.182333 
-0.137563 -0.182333 -0.0354284 -0.173309 
-0.0354284 -0.173309 -0.0161508 -0.438254 
0.168543 -0.281131 0.073327 -0.292167 
0.073327 -0.292167 0.0625134 -0.164655 
0.0625134 -0.164655 0.156515 -0.156349 
0.156515 -0.156349 0.168543 -0.281131 
