0 0 0 1 0.255909 -0.405066 
0 0 6.5 1 0.225954 -0.0894346 
10 0 0 1 0.723924 -0.59601 
10 0 6.5 1 0.630746 -0.0191347 
10 10 0 1 -0.183637 -0.814278 
10 10 6.5 1 -0.204081 -0.03654 
0 10 0 1 -0.243339 -0.476306 
0 10 6.5 1 -0.250184 -0.108762 
0 5 10 1 -0.00532807 0.0703588 
10 5 10 1 0.237244 0.279544 
0 6 0 1 -0.0255282 -0.445226 
0 8 0 1 -0.131038 -0.460282 
0 8 5 1 -0.140917 -0.183119 
0 6 5 1 -0.0394108 -0.176713 
0 2 2.5 1 0.156975 -0.288846 
0 4 2.5 1 0.0649061 -0.298236 
0 4 5 1 0.0563734 -0.170669 
0 2 5 1 0.146906 -0.164956 
0.5 0.5 -0.5 1 0.249262 -0.439984 
0.5 0.5 6 1 0.218642 -0.112136 
10.5 0.5 -0.5 1 0.742418 -0.675241 
10.5 0.5 6 1 0.641923 -0.0562624 
10.5 10.5 -0.5 1 -0.241324 -0.943288 
10.5 10.5 6 1 -0.256461 -0.0873454 
0.5 10.5 -0.5 1 -0.271468 -0.519978 
0.5 10.5 6 1 -0.276958 -0.135789 
0.5 5.5 9.5 1 -0.0209683 0.0522135 
10.5 5.5 9.5 1 0.223566 0.258945 
0.5 6.5 -0.5 1 -0.043563 -0.484968 
0.5 8.5 -0.5 1 -0.153823 -0.501906 
0.5 8.5 4.5 1 -0.163084 -0.212468 
0.5 6.5 4.5 1 -0.0571938 -0.204945 
0.5 2.5 2 1 0.146782 -0.31997 
0.5 4.5 2 1 0.0510681 -0.330628 
0.5 4.5 4.5 1 0.0425152 -0.197862 
0.5 2.5 4.5 1 0.136569 -0.19118 
