0 0 0 1 0.344235 -0.54262 
0 0 6.5 1 0.27804 0.0607523 
10 0 0 1 -0.227453 -0.396926 
10 0 6.5 1 -0.260604 -0.0194308 
10 10 0 1 0.103182 -0.261332 
10 10 6.5 1 0.0767232 -0.00035762 
0 10 0 1 0.553094 -0.298588 
0 10 6.5 1 0.511186 0.0535057 
0 5 10 1 0.397814 0.289246 
10 5 10 1 -0.0772215 0.154895 
0 6 0 1 0.49461 -0.36692 
0 8 0 1 0.52651 -0.329648 
0 8 5 1 0.491575 -0.0331609 
0 6 5 1 0.456638 -0.0406893 
0 2 2.5 1 0.383751 -0.263709 
0 4 2.5 1 0.434686 -0.229867 
0 4 5 1 0.414048 -0.0498666 
0 2 5 1 0.360983 -0.0613012 
0.5 0.5 -0.5 1 0.322883 -0.556661 
0.5 0.5 6 1 0.261057 0.0115264 
10.5 0.5 -0.5 1 -0.219129 -0.411479 
10.5 0.5 6 1 -0.251144 -0.0480616 
10.5 10.5 -0.5 1 0.100122 -0.275166 
10.5 10.5 6 1 0.0743987 -0.0209971 
0.5 10.5 -0.5 1 0.532797 -0.315775 
0.5 10.5 6 1 0.492651 0.0240422 
0.5 5.5 9.5 1 0.379884 0.242483 
10.5 5.5 9.5 1 -0.0751537 0.125991 
0.5 6.5 -0.5 1 0.472938 -0.384466 
0.5 8.5 -0.5 1 0.505482 -0.347121 
0.5 8.5 4.5 1 0.472136 -0.0619136 
0.5 6.5 4.5 1 0.436841 -0.0718408 
0.5 2.5 2 1 0.36299 -0.290676 
0.5 4.5 2 1 0.413707 -0.255594 
0.5 4.5 4.5 1 0.394178 -0.0838406 
0.5 2.5 4.5 1 0.341569 -0.0986376 
