-0.671404 -0.378354 -0.600245 0.173478 
-0.247646 -0.241447 -0.214804 0.0616332 
0.233799 -0.317794 0.262704 0.0278549 
0.20352 -0.57559 0.263316 0.13577 
-0.671404 -0.378354 -0.247646 -0.241447 
-0.247646 -0.241447 0.233799 -0.317794 
0.233799 -0.317794 0.20352 -0.57559 
0.20352 -0.57559 -0.671404 -0.378354 
-0.600245 0.173478 -0.186068 0.475802 
-0.186068 0.475802 0.263316 0.13577 
-0.214804 0.0616332 0.0251513 0.21539 
0.0251513 0.21539 0.262704 0.0278549 
-0.186068 0.475802 0.0251513 0.21539 
-0.600245 0.173478 -0.214804 0.0616332 
0.263316 0.13577 0.262704 0.0278549 
-0.200437 -0.484525 -0.00940737 -0.527589 
-0.00940737 -0.527589 0.0400689 -0.00625236 
0.0400689 -0.00625236 -0.148714 0.00960207 
-0.148714 0.00960207 -0.200437 -0.484525 
-0.501545 -0.18419 -0.345806 -0.208065 
-0.345806 -0.208065 -0.319466 0.0239423 
-0.319466 0.0239423 -0.474654 0.0369754 
-0.474654 0.0369754 -0.501545 -0.18419 
