0.388499 -0.489069 0.320087 0.0816076 
-0.249579 -0.413254 -0.267388 -0.0197679 
0.0502387 -0.298278 0.0289044 -0.0379334 
0.493609 -0.310753 0.44936 0.0168499 
0.388499 -0.489069 -0.249579 -0.413254 
-0.249579 -0.413254 0.0502387 -0.298278 
0.0502387 -0.298278 0.493609 -0.310753 
0.493609 -0.310753 0.388499 -0.489069 
0.320087 0.0816076 0.374714 0.248254 
0.374714 0.248254 0.44936 0.0168499 
-0.267388 -0.0197679 -0.100755 0.128553 
-0.100755 0.128553 0.0289044 -0.0379334 
0.374714 0.248254 -0.100755 0.128553 
0.320087 0.0816076 -0.267388 -0.0197679 
0.44936 0.0168499 0.0289044 -0.0379334 
0.464688 -0.359818 0.480511 -0.332974 
0.480511 -0.332974 0.443469 -0.0547563 
0.443469 -0.0547563 0.424513 -0.0527328 
0.424513 -0.0527328 0.464688 -0.359818 
0.395891 -0.236368 0.422806 -0.218014 
0.422806 -0.218014 0.401334 -0.0502586 
0.401334 -0.0502586 0.372345 -0.0471641 
0.372345 -0.0471641 0.395891 -0.236368 
