0.285151 -0.309112 0.323091 0.0990397 
-0.377618 -0.277829 -0.328038 0.184343 
-0.300898 -0.164005 -0.272143 0.107561 
0.10231 -0.191623 0.126784 0.0603488 
0.285151 -0.309112 -0.377618 -0.277829 
-0.377618 -0.277829 -0.300898 -0.164005 
-0.300898 -0.164005 0.10231 -0.191623 
0.10231 -0.191623 0.285151 -0.309112 
0.323091 0.0990397 0.217696 0.241192 
0.217696 0.241192 0.126784 0.0603488 
-0.328038 0.184343 -0.273484 0.318157 
-0.273484 0.318157 -0.272143 0.107561 
0.217696 0.241192 -0.273484 0.318157 
0.323091 0.0990397 -0.328038 0.184343 
0.126784 0.0603488 -0.272143 0.107561 
0.155589 -0.225858 0.126738 -0.20732 
0.126738 -0.20732 0.147035 0.00285221 
0.147035 0.00285221 0.177571 0.0033331 
0.177571 0.0033331 0.155589 -0.225858 
0.245633 -0.134885 0.202198 -0.121746 
0.202198 -0.121746 0.214151 0.00390918 
0.214151 0.00390918 0.258767 0.00461181 
0.258767 0.00461181 0.245633 -0.134885 
