0.282381 -0.298722 0.321954 0.106444 
-0.37692 -0.271929 -0.328901 0.193646 
-0.30886 -0.154085 -0.28081 0.119108 
0.0943048 -0.180216 0.119255 0.0709981 
0.282381 -0.298722 -0.37692 -0.271929 
-0.37692 -0.271929 -0.30886 -0.154085 
-0.30886 -0.154085 0.0943048 -0.180216 
0.0943048 -0.180216 0.282381 -0.298722 
0.321954 0.106444 0.213296 0.250911 
0.213296 0.250911 0.119255 0.0709981 
-0.328901 0.193646 -0.279619 0.331289 
-0.279619 0.331289 -0.28081 0.119108 
0.213296 0.250911 -0.279619 0.331289 
0.321954 0.106444 -0.328901 0.193646 
0.119255 0.0709981 -0.28081 0.119108 
0.149299 -0.214867 0.119539 -0.196116 
0.119539 -0.196116 0.140275 0.0131273 
0.140275 0.0131273 0.171834 0.0131378 
0.171834 0.0131378 0.149299 -0.214867 
0.241976 -0.125589 0.197272 -0.111951 
0.197272 -0.111951 0.209597 0.0131505 
0.209597 0.0131505 0.255594 0.0131659 
0.255594 0.0131659 0.241976 -0.125589 
