-0.261314 -0.373488 -0.279205 0.284475 
-0.248053 -0.0957157 -0.25583 0.241829 
0.219538 -0.0775384 0.240678 0.224693 
0.566861 -0.291475 0.644603 0.244237 
-0.261314 -0.373488 -0.248053 -0.0957157 
-0.248053 -0.0957157 0.219538 -0.0775384 
0.219538 -0.0775384 0.566861 -0.291475 
0.566861 -0.291475 -0.261314 -0.373488 
-0.279205 0.284475 0.260026 0.644834 
0.260026 0.644834 0.644603 0.244237 
-0.25583 0.241829 0.0114958 0.421856 
0.0114958 0.421856 0.240678 0.224693 
0.260026 0.644834 0.0114958 0.421856 
-0.279205 0.284475 -0.25583 0.241829 
0.644603 0.244237 0.240678 0.224693 
0.274071 -0.320469 0.425923 -0.305432 
0.425923 -0.305432 0.474365 0.111413 
0.474365 0.111413 0.310829 0.112615 
0.310829 0.112615 0.274071 -0.320469 
-0.0648315 -0.130539 0.120915 -0.121553 
0.120915 -0.121553 0.132876 0.113923 
0.132876 0.113923 -0.0614901 0.115352 
-0.0614901 0.115352 -0.0648315 -0.130539 
