0.257042 -0.0256393 0.269436 0.353963 
-0.224779 -0.176388 -0.26586 0.448428 
-0.525382 -0.0384272 -0.572016 0.336947 
-0.0961354 0.03214 -0.106304 0.302659 
0.257042 -0.0256393 -0.224779 -0.176388 
-0.224779 -0.176388 -0.525382 -0.0384272 
-0.525382 -0.0384272 -0.0961354 0.03214 
-0.0961354 0.03214 0.257042 -0.0256393 
0.269436 0.353963 0.0474245 0.510971 
0.0474245 0.510971 -0.106304 0.302659 
-0.26586 0.448428 -0.48896 0.66948 
-0.48896 0.66948 -0.572016 0.336947 
0.0474245 0.510971 -0.48896 0.66948 
0.269436 0.353963 -0.26586 0.448428 
-0.106304 0.302659 -0.572016 0.336947 
0.0183553 0.0134095 -0.0422923 0.0233313 
-0.0422923 0.0233313 -0.0481727 0.241249 
-0.0481727 0.241249 0.0148783 0.245274 
0.0148783 0.245274 0.0183553 0.0134095 
0.167833 0.118777 0.0870234 0.12303 
0.0870234 0.12303 0.0868543 0.249869 
0.0868543 0.249869 0.169795 0.255164 
0.169795 0.255164 0.167833 0.118777 
