0 0 0 1 0.236912 -0.474297 
0 0 6.5 1 0.184468 0.149022 
10 0 0 1 -0.226 -0.285224 
10 0 6.5 1 -0.266034 0.0749966 
10 10 0 1 0.139731 -0.164311 
10 10 6.5 1 0.116318 0.100535 
0 10 0 1 0.587573 -0.226918 
0 10 6.5 1 0.563849 0.15709 
0 5 10 1 0.401786 0.421444 
10 5 10 1 -0.061574 0.258818 
0 6 0 1 0.485516 -0.298916 
0 8 0 1 0.540792 -0.259921 
0 8 5 1 0.520202 0.0581979 
0 6 5 1 0.461859 0.0478756 
0 2 2.5 1 0.32196 -0.194028 
0 4 2.5 1 0.405554 -0.157304 
0 4 5 1 0.391593 0.0354439 
0 2 5 1 0.305334 0.0201828 
0.5 0.5 -0.5 1 0.229888 -0.483468 
0.5 0.5 6 1 0.180754 0.0972084 
10.5 0.5 -0.5 1 -0.212078 -0.298097 
10.5 0.5 6 1 -0.250222 0.0474649 
10.5 10.5 -0.5 1 0.139442 -0.17737 
10.5 10.5 6 1 0.116715 0.0794671 
0.5 10.5 -0.5 1 0.568613 -0.242957 
0.5 10.5 6 1 0.545474 0.124441 
0.5 5.5 9.5 1 0.38739 0.366634 
10.5 5.5 9.5 1 -0.0550204 0.228918 
0.5 6.5 -0.5 1 0.468238 -0.314229 
0.5 8.5 -0.5 1 0.522416 -0.275759 
0.5 8.5 4.5 1 0.502427 0.0275864 
0.5 6.5 4.5 1 0.445408 0.0150782 
0.5 2.5 2 1 0.310541 -0.218993 
0.5 4.5 2 1 0.390734 -0.181856 
0.5 4.5 4.5 1 0.37737 0.000152881 
0.5 2.5 4.5 1 0.294777 -0.0179652 
