0.188535 -0.394114 0.178776 -0.0954115 
0.67837 -0.520243 0.619026 -0.0326286 
0.0191036 -0.695117 0.0184805 0.0525768 
-0.27392 -0.44574 -0.253592 -0.0663662 
0.188535 -0.394114 0.67837 -0.520243 
0.67837 -0.520243 0.0191036 -0.695117 
0.0191036 -0.695117 -0.27392 -0.44574 
-0.27392 -0.44574 0.188535 -0.394114 
0.178776 -0.0954115 -0.0118339 0.0806966 
-0.0118339 0.0806966 -0.253592 -0.0663662 
0.619026 -0.0326286 0.357681 0.270051 
0.357681 0.270051 0.0184805 0.0525768 
-0.0118339 0.0806966 0.357681 0.270051 
0.178776 -0.0954115 0.619026 -0.0326286 
-0.253592 -0.0663662 0.0184805 0.0525768 
-0.0612203 -0.421996 -0.161979 -0.433244 
-0.161979 -0.433244 -0.152739 -0.152025 
-0.152739 -0.152025 -0.0574465 -0.154683 
-0.0574465 -0.154683 -0.0612203 -0.421996 
0.110549 -0.2781 0.0295729 -0.281351 
0.0295729 -0.281351 0.0292118 -0.1571 
0.0292118 -0.1571 0.108358 -0.159308 
0.108358 -0.159308 0.110549 -0.2781 
