0 0 0 1 0.257616 -0.0998649 
0 0 6.5 1 0.28744 0.276564 
10 0 0 1 -0.291084 -0.222038 
10 0 6.5 1 -0.308245 0.340687 
10 10 0 1 -0.466942 -0.0487552 
10 10 6.5 1 -0.488477 0.287544 
0 10 0 1 -0.047815 -0.00294761 
0 10 6.5 1 -0.043087 0.256646 
0 5 10 1 0.0980761 0.446016 
10 5 10 1 -0.435812 0.564291 
0 6 0 1 0.0486237 -0.0335489 
0 8 0 1 -0.00275909 -0.0172445 
0 8 5 1 0.00293285 0.193032 
0 6 5 1 0.0569991 0.191424 
0 2 2.5 1 0.184578 0.0533206 
0 4 2.5 1 0.113555 0.0658114 
0 4 5 1 0.119619 0.189561 
0 2 5 1 0.192998 0.187378 
0.5 0.5 -0.5 1 0.215331 -0.123668 
0.5 0.5 6 1 0.241671 0.246433 
10.5 0.5 -0.5 1 -0.344107 -0.254988 
10.5 0.5 6 1 -0.366913 0.293637 
10.5 10.5 -0.5 1 -0.497378 -0.0705196 
10.5 10.5 6 1 -0.520673 0.260741 
0.5 10.5 -0.5 1 -0.0747874 -0.0202419 
0.5 10.5 6 1 -0.0714516 0.236344 
0.5 5.5 9.5 1 0.0617386 0.419111 
10.5 5.5 9.5 1 -0.479166 0.524886 
0.5 6.5 -0.5 1 0.0170352 -0.0529763 
0.5 8.5 -0.5 1 -0.0318629 -0.0355443 
0.5 8.5 4.5 1 -0.0274061 0.172157 
0.5 6.5 4.5 1 0.0239522 0.169048 
0.5 2.5 2 1 0.14552 0.0292651 
0.5 4.5 2 1 0.0781845 0.0434735 
0.5 4.5 4.5 1 0.0833543 0.165451 
0.5 2.5 4.5 1 0.152851 0.161243 
