0 0 0 1 -0.318639 -0.194566 
0 0 6.5 1 -0.351197 0.0873551 
10 0 0 1 0.080923 -0.130079 
10 0 6.5 1 0.0579007 0.11897 
10 10 0 1 0.31535 -0.218409 
10 10 6.5 1 0.284114 0.174172 
0 10 0 1 -0.311165 -0.348294 
0 10 6.5 1 -0.366994 0.132692 
0 5 10 1 -0.379847 0.301462 
10 5 10 1 0.1307 0.308839 
0 6 0 1 -0.315138 -0.266586 
0 8 0 1 -0.313396 -0.302412 
0 8 5 1 -0.350762 0.0199991 
0 6 5 1 -0.34837 0.0204989 
0 2 2.5 1 -0.331198 -0.0972992 
0 4 2.5 1 -0.331387 -0.109416 
0 4 5 1 -0.346458 0.0208985 
0 2 5 1 -0.344894 0.0212253 
0.5 0.5 -0.5 1 -0.292974 -0.217057 
0.5 0.5 6 1 -0.32554 0.068187 
10.5 0.5 -0.5 1 0.10805 -0.149151 
10.5 0.5 6 1 0.0851496 0.102489 
10.5 10.5 -0.5 1 0.362459 -0.250159 
10.5 10.5 6 1 0.331721 0.148897 
0.5 10.5 -0.5 1 -0.266924 -0.390314 
0.5 10.5 6 1 -0.322775 0.100417 
0.5 5.5 9.5 1 -0.347394 0.280452 
10.5 5.5 9.5 1 0.165554 0.291094 
0.5 6.5 -0.5 1 -0.280829 -0.297835 
0.5 8.5 -0.5 1 -0.274749 -0.338273 
0.5 8.5 4.5 1 -0.312124 -0.0101875 
0.5 6.5 4.5 1 -0.31407 -0.00625785 
0.5 2.5 2 1 -0.303181 -0.12063 
0.5 4.5 2 1 -0.300543 -0.135293 
0.5 4.5 4.5 1 -0.315619 -0.00312824 
0.5 2.5 4.5 1 -0.316882 -0.000576931 
