-0.212632 -0.0107046 -0.233904 0.254112 
0.179683 0.00833203 0.177677 0.269611 
0.322262 -0.0998514 0.33039 0.327874 
-0.316148 -0.133902 -0.360667 0.303368 
-0.212632 -0.0107046 0.179683 0.00833203 
0.179683 0.00833203 0.322262 -0.0998514 
0.322262 -0.0998514 -0.316148 -0.133902 
-0.316148 -0.133902 -0.212632 -0.0107046 
-0.233904 0.254112 -0.298263 0.467442 
-0.298263 0.467442 -0.360667 0.303368 
0.177677 0.269611 0.23532 0.482843 
0.23532 0.482843 0.33039 0.327874 
-0.298263 0.467442 0.23532 0.482843 
-0.233904 0.254112 0.177677 0.269611 
-0.360667 0.303368 0.33039 0.327874 
-0.26213 -0.0696135 -0.286087 -0.0981256 
-0.286087 -0.0981256 -0.314028 0.194547 
-0.314028 0.194547 -0.285916 0.193285 
-0.285916 0.193285 -0.26213 -0.0696135 
-0.235244 0.0800284 -0.252678 0.0703592 
-0.252678 0.0703592 -0.263216 0.192266 
-0.263216 0.192266 -0.244503 0.191426 
-0.244503 0.191426 -0.235244 0.0800284 
