-0.175504 -0.017614 -0.188621 0.241145 
0.214914 -0.0150919 0.222222 0.248204 
0.3249 -0.150629 0.346996 0.280554 
-0.307081 -0.15122 -0.340302 0.267905 
-0.175504 -0.017614 0.214914 -0.0150919 
0.214914 -0.0150919 0.3249 -0.150629 
0.3249 -0.150629 -0.307081 -0.15122 
-0.307081 -0.15122 -0.175504 -0.017614 
-0.188621 0.241145 -0.257233 0.441322 
-0.257233 0.441322 -0.340302 0.267905 
0.222222 0.248204 0.275833 0.454939 
0.275833 0.454939 0.346996 0.280554 
-0.257233 0.441322 0.275833 0.454939 
-0.188621 0.241145 0.222222 0.248204 
-0.340302 0.267905 0.346996 0.280554 
-0.238934 -0.0820229 -0.269294 -0.112851 
-0.269294 -0.112851 -0.289279 0.16902 
-0.289279 0.16902 -0.255281 0.172312 
-0.255281 0.172312 -0.238934 -0.0820229 
-0.198844 0.0685888 -0.220674 0.0564816 
-0.220674 0.0564816 -0.227653 0.174987 
-0.227653 0.174987 -0.204757 0.177204 
-0.204757 0.177204 -0.198844 0.0685888 
