-0.64385 -0.531913 -0.58869 -0.0893209 
-0.151459 -0.41939 -0.141122 -0.128397 
0.276516 -0.501101 0.259377 -0.10745 
-0.16737 -0.76311 -0.140815 -0.0289243 
-0.64385 -0.531913 -0.151459 -0.41939 
-0.151459 -0.41939 0.276516 -0.501101 
0.276516 -0.501101 -0.16737 -0.76311 
-0.16737 -0.76311 -0.64385 -0.531913 
-0.58869 -0.0893209 -0.392804 0.188248 
-0.392804 0.188248 -0.140815 -0.0289243 
-0.141122 -0.128397 0.0308604 0.0441497 
0.0308604 0.0441497 0.259377 -0.10745 
-0.392804 0.188248 0.0308604 0.0441497 
-0.58869 -0.0893209 -0.141122 -0.128397 
-0.140815 -0.0289243 0.259377 -0.10745 
-0.419021 -0.641004 -0.308239 -0.694757 
-0.308239 -0.694757 -0.276683 -0.182209 
-0.276683 -0.182209 -0.381485 -0.183109 
-0.381485 -0.183109 -0.419021 -0.641004 
-0.560066 -0.366481 -0.487207 -0.38272 
-0.487207 -0.38272 -0.467571 -0.183849 
-0.467571 -0.183849 -0.539545 -0.184468 
-0.539545 -0.184468 -0.560066 -0.366481 
