0 0 0 1 0.256454 -0.23447 
0 0 6.5 1 0.29885 0.141294 
10 0 0 1 -0.347379 -0.304117 
10 0 6.5 1 -0.332449 0.199128 
10 10 0 1 -0.399641 -0.112246 
10 10 6.5 1 -0.393127 0.186667 
0 10 0 1 0.00821506 -0.0976116 
0 10 6.5 1 0.0273894 0.151194 
0 5 10 1 0.149951 0.318874 
10 5 10 1 -0.365499 0.409631 
0 6 0 1 0.0841672 -0.139485 
0 8 0 1 0.0434314 -0.117027 
0 8 5 1 0.0601348 0.0865279 
0 6 5 1 0.103437 0.0798261 
0 2 2.5 1 0.201465 -0.0694592 
0 4 2.5 1 0.142906 -0.0488105 
0 4 5 1 0.154343 0.0719476 
0 2 5 1 0.215047 0.0625526 
0.5 0.5 -0.5 1 0.212615 -0.253889 
0.5 0.5 6 1 0.252029 0.114272 
10.5 0.5 -0.5 1 -0.391965 -0.328245 
10.5 0.5 6 1 -0.380444 0.161444 
10.5 10.5 -0.5 1 -0.425712 -0.12928 
10.5 10.5 6 1 -0.420332 0.16482 
0.5 10.5 -0.5 1 -0.0181755 -0.11205 
0.5 10.5 6 1 -0.000102067 0.133411 
0.5 5.5 9.5 1 0.114224 0.294508 
10.5 5.5 9.5 1 -0.4013 0.377282 
0.5 6.5 -0.5 1 0.0527172 -0.155619 
0.5 8.5 -0.5 1 0.0147257 -0.13227 
0.5 8.5 4.5 1 0.0304394 0.0683721 
0.5 6.5 4.5 1 0.0708038 0.0603132 
0.5 2.5 2 1 0.161802 -0.0899588 
0.5 4.5 2 1 0.10745 -0.0678565 
0.5 4.5 4.5 1 0.118154 0.0508595 
0.5 2.5 4.5 1 0.174474 0.0396148 
