-0.045343 -0.237995 -0.0783112 0.464244 
-0.248103 -0.04357 -0.278214 0.315795 
0.191553 0.0122451 0.191513 0.306984 
0.616022 -0.0895944 0.655982 0.401722 
-0.045343 -0.237995 -0.248103 -0.04357 
-0.248103 -0.04357 0.191553 0.0122451 
0.191553 0.0122451 0.616022 -0.0895944 
0.616022 -0.0895944 -0.045343 -0.237995 
-0.0783112 0.464244 0.369561 0.795539 
0.369561 0.795539 0.655982 0.401722 
-0.278214 0.315795 -0.0261221 0.502312 
-0.0261221 0.502312 0.191513 0.306984 
0.369561 0.795539 -0.0261221 0.502312 
-0.0783112 0.464244 -0.278214 0.315795 
0.655982 0.401722 0.191513 0.306984 
0.404093 -0.137148 0.516646 -0.111893 
0.516646 -0.111893 0.541215 0.281044 
0.541215 0.281044 0.421287 0.281905 
0.421287 0.281905 0.404093 -0.137148 
0.124434 0.0314777 0.279045 0.0490525 
0.279045 0.0490525 0.282838 0.282899 
0.282838 0.282899 0.121219 0.284058 
0.121219 0.284058 0.124434 0.0314777 
