-0.702567 -0.597801 -0.626901 -0.108282 
-0.198892 -0.446295 -0.176761 -0.14515 
0.256889 -0.547286 0.255556 -0.155487 
-0.0857039 -0.893213 -0.0460173 -0.108364 
-0.702567 -0.597801 -0.198892 -0.446295 
-0.198892 -0.446295 0.256889 -0.547286 
0.256889 -0.547286 -0.0857039 -0.893213 
-0.0857039 -0.893213 -0.702567 -0.597801 
-0.626901 -0.108282 -0.365621 0.170114 
-0.365621 0.170114 -0.0460173 -0.108364 
-0.176761 -0.14515 0.0195801 0.0180648 
0.0195801 0.0180648 0.255556 -0.155487 
-0.365621 0.170114 0.0195801 0.0180648 
-0.626901 -0.108282 -0.176761 -0.14515 
-0.0460173 -0.108364 0.255556 -0.155487 
-0.404401 -0.740591 -0.262209 -0.808686 
-0.262209 -0.808686 -0.218345 -0.255742 
-0.218345 -0.255742 -0.353069 -0.242543 
-0.353069 -0.242543 -0.404401 -0.740591 
-0.589256 -0.422594 -0.492475 -0.44939 
-0.492475 -0.44939 -0.465677 -0.231511 
-0.465677 -0.231511 -0.561203 -0.222152 
-0.561203 -0.222152 -0.589256 -0.422594 
