0.338593 -0.620719 0.338405 -0.134767 
-0.37752 -0.555389 -0.327793 -0.100085 
-0.192899 -0.398988 -0.170418 -0.127958 
0.227643 -0.431218 0.232407 -0.149595 
0.338593 -0.620719 -0.37752 -0.555389 
-0.37752 -0.555389 -0.192899 -0.398988 
-0.192899 -0.398988 0.227643 -0.431218 
0.227643 -0.431218 0.338593 -0.620719 
0.338405 -0.134767 0.27386 0.0321631 
0.27386 0.0321631 0.232407 -0.149595 
-0.327793 -0.100085 -0.214388 0.0511099 
-0.214388 0.0511099 -0.170418 -0.127958 
0.27386 0.0321631 -0.214388 0.0511099 
0.338405 -0.134767 -0.327793 -0.100085 
0.232407 -0.149595 -0.170418 -0.127958 
0.258509 -0.483937 0.241654 -0.455149 
0.241654 -0.455149 0.245163 -0.215989 
0.245163 -0.215989 0.261672 -0.220317 
0.261672 -0.220317 0.258509 -0.483937 
0.305903 -0.393507 0.280487 -0.36901 
0.280487 -0.36901 0.281743 -0.22558 
0.281743 -0.22558 0.306666 -0.232115 
0.306666 -0.232115 0.305903 -0.393507 
