-0.71531 -0.601086 -0.63501 -0.097953 
-0.213276 -0.439251 -0.187656 -0.136419 
0.249509 -0.542014 0.253973 -0.154812 
-0.0491183 -0.90299 -0.005937 -0.114273 
-0.71531 -0.601086 -0.213276 -0.439251 
-0.213276 -0.439251 0.249509 -0.542014 
0.249509 -0.542014 -0.0491183 -0.90299 
-0.0491183 -0.90299 -0.71531 -0.601086 
-0.63501 -0.097953 -0.349585 0.181405 
-0.349585 0.181405 -0.005937 -0.114273 
-0.187656 -0.136419 0.0166993 0.0238923 
0.0166993 0.0238923 0.253973 -0.154812 
-0.349585 0.181405 0.0166993 0.0238923 
-0.63501 -0.097953 -0.187656 -0.136419 
-0.005937 -0.114273 0.253973 -0.154812 
-0.389104 -0.748916 -0.236325 -0.818152 
-0.236325 -0.818152 -0.189829 -0.25972 
-0.189829 -0.25972 -0.334956 -0.243191 
-0.334956 -0.243191 -0.389104 -0.748916 
-0.591686 -0.422887 -0.485686 -0.451916 
-0.485686 -0.451916 -0.457352 -0.229251 
-0.457352 -0.229251 -0.561969 -0.217336 
-0.561969 -0.217336 -0.591686 -0.422887 
