0 0 0 1 -0.562285 -0.457719 
0 0 6.5 1 -0.536292 -0.0660027 
10 0 0 1 -0.0922827 -0.367851 
10 0 6.5 1 -0.0967217 -0.0909207 
10 10 0 1 0.294456 -0.428009 
10 10 6.5 1 0.261802 -0.0383262 
0 10 0 1 -0.236117 -0.627012 
0 10 6.5 1 -0.230085 0.036626 
0 5 10 1 -0.410112 0.204802 
10 5 10 1 0.0460988 0.0905078 
0 6 0 1 -0.410694 -0.536401 
0 8 0 1 -0.334492 -0.575952 
0 8 5 1 -0.322559 -0.117187 
0 6 5 1 -0.394652 -0.128482 
0 2 2.5 1 -0.510916 -0.307163 
0 4 2.5 1 -0.461964 -0.315212 
0 4 5 1 -0.453072 -0.137635 
0 2 5 1 -0.501371 -0.145202 
0.5 0.5 -0.5 1 -0.521364 -0.488755 
0.5 0.5 6 1 -0.498049 -0.0928295 
10.5 0.5 -0.5 1 -0.0616583 -0.389295 
10.5 0.5 6 1 -0.0676256 -0.110255 
10.5 10.5 -0.5 1 0.340249 -0.458877 
10.5 10.5 6 1 0.304271 -0.0650066 
0.5 10.5 -0.5 1 -0.161917 -0.682518 
0.5 10.5 6 1 -0.164263 -0.00677185 
0.5 5.5 9.5 1 -0.363782 0.174567 
10.5 5.5 9.5 1 0.0795823 0.0694435 
0.5 6.5 -0.5 1 -0.354676 -0.578609 
0.5 8.5 -0.5 1 -0.270643 -0.623908 
0.5 8.5 4.5 1 -0.26367 -0.157714 
0.5 6.5 4.5 1 -0.342488 -0.164813 
0.5 2.5 2 1 -0.467244 -0.339143 
0.5 4.5 2 1 -0.413662 -0.350399 
0.5 4.5 4.5 1 -0.406261 -0.170557 
0.5 2.5 4.5 1 -0.458921 -0.1753 
