0 0 0 1 0.292023 -0.281881 
0 0 6.5 1 0.253277 0.0634862 
10 0 0 1 0.323728 -0.53839 
10 0 6.5 1 0.243623 0.174399 
10 10 0 1 -0.588868 -0.515866 
10 10 6.5 1 -0.617962 0.0471673 
0 10 0 1 -0.198756 -0.299847 
0 10 6.5 1 -0.222876 0.00611179 
0 5 10 1 -0.0153005 0.201924 
10 5 10 1 -0.262285 0.420745 
0 6 0 1 -0.0169826 -0.293193 
0 8 0 1 -0.110059 -0.2966 
0 8 5 1 -0.130597 -0.0545665 
0 6 5 1 -0.0395809 -0.0453421 
0 2 2.5 1 0.169905 -0.154506 
0 4 2.5 1 0.0682761 -0.161534 
0 4 5 1 0.0559627 -0.0356588 
0 2 5 1 0.156381 -0.0254815 
0.5 0.5 -0.5 1 0.267508 -0.317012 
0.5 0.5 6 1 0.228532 0.0364752 
10.5 0.5 -0.5 1 0.272983 -0.624997 
10.5 0.5 6 1 0.191891 0.123238 
10.5 10.5 -0.5 1 -0.660739 -0.5822 
10.5 10.5 6 1 -0.688038 0.0027012 
0.5 10.5 -0.5 1 -0.22966 -0.331108 
0.5 10.5 6 1 -0.253576 -0.0187976 
0.5 5.5 9.5 1 -0.043472 0.179602 
10.5 5.5 9.5 1 -0.325698 0.386057 
0.5 6.5 -0.5 1 -0.0458139 -0.325895 
0.5 8.5 -0.5 1 -0.139994 -0.328566 
0.5 8.5 4.5 1 -0.160426 -0.0813641 
0.5 6.5 4.5 1 -0.0683623 -0.0726219 
0.5 2.5 2 1 0.143713 -0.185741 
0.5 4.5 2 1 0.0406925 -0.192112 
0.5 4.5 4.5 1 0.0283733 -0.063436 
0.5 2.5 4.5 1 0.130146 -0.0537718 
