0 0 0 1 0.172959 -0.401262 
0 0 6.5 1 0.167913 -0.105133 
10 0 0 1 0.662985 -0.531722 
10 0 6.5 1 0.613063 -0.057261 
10 10 0 1 0.0553886 -0.713583 
10 10 6.5 1 0.0587158 0.0309925 
0 10 0 1 -0.280316 -0.453603 
0 10 6.5 1 -0.254974 -0.0710066 
0 5 10 1 -0.0144369 0.0731268 
10 5 10 1 0.37656 0.242772 
0 6 0 1 -0.0698076 -0.429295 
0 8 0 1 -0.169091 -0.440759 
0 8 5 1 -0.156115 -0.158367 
0 6 5 1 -0.0623838 -0.161879 
0 2 2.5 1 0.0994488 -0.286051 
0 4 2.5 1 0.0208368 -0.288978 
0 4 5 1 0.0222446 -0.165051 
0 2 5 1 0.0990348 -0.167928 
0.5 0.5 -0.5 1 0.171026 -0.432504 
0.5 0.5 6 1 0.165916 -0.12444 
10.5 0.5 -0.5 1 0.689286 -0.591267 
10.5 0.5 6 1 0.634251 -0.0854418 
10.5 10.5 -0.5 1 0.0383649 -0.830371 
10.5 10.5 6 1 0.0443853 -0.00552075 
0.5 10.5 -0.5 1 -0.304546 -0.497193 
0.5 10.5 6 1 -0.276305 -0.0944385 
0.5 5.5 9.5 1 -0.0234336 0.0587518 
10.5 5.5 9.5 1 0.386047 0.229239 
0.5 6.5 -0.5 1 -0.0823805 -0.466973 
0.5 8.5 -0.5 1 -0.186878 -0.481187 
0.5 8.5 4.5 1 -0.172387 -0.184585 
0.5 6.5 4.5 1 -0.0740132 -0.186847 
0.5 2.5 2 1 0.0947243 -0.313789 
0.5 4.5 2 1 0.0127837 -0.318265 
0.5 4.5 4.5 1 0.0144413 -0.188881 
0.5 2.5 4.5 1 0.0944046 -0.190719 
