-0.304273 -0.145376 -0.337047 0.132657 
0.0931573 -0.0885302 0.0719661 0.16157 
0.313492 -0.171961 0.286825 0.225369 
-0.316687 -0.284335 -0.373555 0.188461 
-0.304273 -0.145376 0.0931573 -0.0885302 
0.0931573 -0.0885302 0.313492 -0.171961 
0.313492 -0.171961 -0.316687 -0.284335 
-0.316687 -0.284335 -0.304273 -0.145376 
-0.337047 0.132657 -0.373875 0.350254 
-0.373875 0.350254 -0.373555 0.188461 
0.0719661 0.16157 0.141227 0.357913 
0.141227 0.357913 0.286825 0.225369 
-0.373875 0.350254 0.141227 0.357913 
-0.337047 0.132657 0.0719661 0.16157 
-0.373555 0.188461 0.286825 0.225369 
-0.310105 -0.210658 -0.312996 -0.243013 
-0.312996 -0.243013 -0.350834 0.0734654 
-0.350834 0.0734654 -0.343674 0.0714342 
-0.343674 0.0714342 -0.310105 -0.210658 
-0.319434 -0.0484862 -0.322706 -0.0587384 
-0.322706 -0.0587384 -0.337946 0.0698091 
-0.337946 0.0698091 -0.333258 0.0684792 
-0.333258 0.0684792 -0.319434 -0.0484862 
