-0.192166 -0.327248 -0.215818 0.348985 
-0.247404 -0.0711115 -0.262766 0.274269 
0.21342 -0.0390486 0.228396 0.261735 
0.591237 -0.215731 0.660164 0.308137 
-0.192166 -0.327248 -0.247404 -0.0711115 
-0.247404 -0.0711115 0.21342 -0.0390486 
0.21342 -0.0390486 0.591237 -0.215731 
0.591237 -0.215731 -0.192166 -0.327248 
-0.215818 0.348985 0.305782 0.709822 
0.305782 0.709822 0.660164 0.308137 
-0.262766 0.274269 0.00171517 0.458849 
0.00171517 0.458849 0.228396 0.261735 
0.305782 0.709822 0.00171517 0.458849 
-0.215818 0.348985 -0.262766 0.274269 
0.660164 0.308137 0.228396 0.261735 
0.32307 -0.253904 0.463304 -0.233942 
0.463304 -0.233942 0.506416 0.176992 
0.506416 0.176992 0.355565 0.176766 
0.355565 0.176766 0.32307 -0.253904 
-0.000756311 -0.073609 0.177889 -0.0601406 
0.177889 -0.0601406 0.188001 0.176515 
0.188001 0.176515 0.000781618 0.176234 
0.000781618 0.176234 -0.000756311 -0.073609 
