0.401957 -0.50948 0.341116 0.0375783 
-0.273911 -0.449556 -0.275275 -0.0420524 
2.53956e-05 -0.341149 -0.0126527 -0.0789209 
0.438375 -0.3529 0.400727 -0.0392398 
0.401957 -0.50948 -0.273911 -0.449556 
-0.273911 -0.449556 2.53956e-05 -0.341149 
2.53956e-05 -0.341149 0.438375 -0.3529 
0.438375 -0.3529 0.401957 -0.50948 
0.341116 0.0375783 0.355992 0.183239 
0.355992 0.183239 0.400727 -0.0392398 
-0.275275 -0.0420524 -0.121435 0.0941248 
-0.121435 0.0941248 -0.0126527 -0.0789209 
0.355992 0.183239 -0.121435 0.0941248 
0.341116 0.0375783 -0.275275 -0.0420524 
0.400727 -0.0392398 -0.0126527 -0.0789209 
0.428401 -0.395783 0.433862 -0.372302 
0.433862 -0.372302 0.402086 -0.105075 
0.402086 -0.105075 0.393707 -0.10069 
0.393707 -0.10069 0.428401 -0.395783 
0.391233 -0.269296 0.402038 -0.255543 
0.402038 -0.255543 0.383465 -0.0953296 
0.383465 -0.0953296 0.37066 -0.0886282 
0.37066 -0.0886282 0.391233 -0.269296 
