-0.376014 -0.396497 -0.380667 0.244663 
-0.251139 -0.119819 -0.246407 0.208481 
0.226473 -0.129246 0.256069 0.178607 
0.516784 -0.384442 0.603272 0.182861 
-0.376014 -0.396497 -0.251139 -0.119819 
-0.251139 -0.119819 0.226473 -0.129246 
0.226473 -0.129246 0.516784 -0.384442 
0.516784 -0.384442 -0.376014 -0.396497 
-0.380667 0.244663 0.171315 0.59304 
0.171315 0.59304 0.603272 0.182861 
-0.246407 0.208481 0.0231956 0.378898 
0.0231956 0.378898 0.256069 0.178607 
0.171315 0.59304 0.0231956 0.378898 
-0.380667 0.244663 -0.246407 0.208481 
0.603272 0.182861 0.256069 0.178607 
0.183457 -0.388943 0.353741 -0.386644 
0.353741 -0.386644 0.407544 0.0495729 
0.407544 0.0495729 0.224939 0.0575512 
0.224939 0.0575512 0.183457 -0.388943 
-0.174625 -0.169013 0.0188496 -0.171706 
0.0188496 -0.171706 0.0333602 0.0659215 
0.0333602 0.0659215 -0.16787 0.0747136 
-0.16787 0.0747136 -0.174625 -0.169013 
