0 0 0 1 0.256246 -0.0374416 
0 0 6.5 1 0.260084 0.337184 
10 0 0 1 -0.184174 -0.212543 
10 0 6.5 1 -0.232212 0.424823 
10 10 0 1 -0.544221 -0.0775555 
10 10 6.5 1 -0.599351 0.310943 
0 10 0 1 -0.114594 0.010987 
0 10 6.5 1 -0.130712 0.283231 
0 5 10 1 0.0273269 0.491583 
10 5 10 1 -0.497469 0.652301 
0 6 0 1 0.0072137 -0.0049201 
0 8 0 1 -0.0571166 0.0034809 
0 8 5 1 -0.0677334 0.222281 
0 6 5 1 -0.00126336 0.227126 
0 2 2.5 1 0.161029 0.103671 
0 4 2.5 1 0.076927 0.106312 
0 4 5 1 0.0740252 0.232613 
0 2 5 1 0.160012 0.23888 
0.5 0.5 -0.5 1 0.217673 -0.0661928 
0.5 0.5 6 1 0.21878 0.305179 
10.5 0.5 -0.5 1 -0.246413 -0.259719 
10.5 0.5 6 1 -0.301873 0.368146 
10.5 10.5 -0.5 1 -0.58185 -0.107378 
10.5 10.5 6 1 -0.639562 0.277594 
0.5 10.5 -0.5 1 -0.142084 -0.0102335 
0.5 10.5 6 1 -0.15956 0.260289 
0.5 5.5 9.5 1 -0.00775117 0.463452 
10.5 5.5 9.5 1 -0.550979 0.606763 
0.5 6.5 -0.5 1 -0.0238518 -0.0286242 
0.5 8.5 -0.5 1 -0.0862857 -0.0189127 
0.5 8.5 4.5 1 -0.0980687 0.198432 
0.5 6.5 4.5 1 -0.0336553 0.201784 
0.5 2.5 2 1 0.124468 0.0757996 
0.5 4.5 2 1 0.0429597 0.0802352 
0.5 4.5 4.5 1 0.0392799 0.205579 
0.5 2.5 4.5 1 0.122548 0.209912 
