0.279054 -0.282128 0.244651 0.0386938 
0.601741 -0.522136 0.527478 0.112768 
-0.398642 -0.65092 -0.454926 0.0205688 
-0.220569 -0.338934 -0.250444 -0.00902569 
0.279054 -0.282128 0.601741 -0.522136 
0.601741 -0.522136 -0.398642 -0.65092 
-0.398642 -0.65092 -0.220569 -0.338934 
-0.220569 -0.338934 0.279054 -0.282128 
0.244651 0.0386938 -0.0167276 0.18743 
-0.0167276 0.18743 -0.250444 -0.00902569 
0.527478 0.112768 0.0147231 0.407895 
0.0147231 0.407895 -0.454926 0.0205688 
-0.0167276 0.18743 0.0147231 0.407895 
0.244651 0.0386938 0.527478 0.112768 
-0.250444 -0.00902569 -0.454926 0.0205688 
-0.0175538 -0.315852 -0.118522 -0.327331 
-0.118522 -0.327331 -0.142291 -0.0743533 
-0.142291 -0.0743533 -0.0420366 -0.0642936 
-0.0420366 -0.0642936 -0.0175538 -0.315852 
0.168233 -0.168356 0.0697116 -0.178897 
0.0697116 -0.178897 0.0571736 -0.0543387 
0.0571736 -0.0543387 0.155356 -0.044487 
0.155356 -0.044487 0.168233 -0.168356 
