-0.162025 -0.0225162 -0.17188 0.234151 
0.227916 -0.0267628 0.238726 0.237357 
0.325062 -0.171497 0.352118 0.261115 
-0.30414 -0.158287 -0.332718 0.254669 
-0.162025 -0.0225162 0.227916 -0.0267628 
0.227916 -0.0267628 0.325062 -0.171497 
0.325062 -0.171497 -0.30414 -0.158287 
-0.30414 -0.158287 -0.162025 -0.0225162 
-0.17188 0.234151 -0.241881 0.430019 
-0.241881 0.430019 -0.332718 0.254669 
0.238726 0.237357 0.290501 0.441834 
0.290501 0.441834 0.352118 0.261115 
-0.241881 0.430019 0.290501 0.441834 
-0.17188 0.234151 0.238726 0.237357 
-0.332718 0.254669 0.352118 0.261115 
-0.230734 -0.0881576 -0.26349 -0.119451 
-0.26349 -0.119451 -0.280245 0.158812 
-0.280245 0.158812 -0.24408 0.163306 
-0.24408 0.163306 -0.230734 -0.0881576 
-0.185585 0.0623636 -0.209073 0.0496471 
-0.209073 0.0496471 -0.214619 0.166967 
-0.214619 0.166967 -0.190154 0.170006 
-0.190154 0.170006 -0.185585 0.0623636 
