0.365411 -0.525685 0.296746 0.0682564 
-0.233814 -0.407193 -0.262425 -0.0233418 
0.0860919 -0.2769 0.0605772 -0.0162041 
0.534371 -0.303326 0.489986 0.0397802 
0.365411 -0.525685 -0.233814 -0.407193 
-0.233814 -0.407193 0.0860919 -0.2769 
0.0860919 -0.2769 0.534371 -0.303326 
0.534371 -0.303326 0.365411 -0.525685 
0.296746 0.0682564 0.390768 0.273681 
0.390768 0.273681 0.489986 0.0397802 
-0.262425 -0.0233418 -0.0850652 0.142523 
-0.0850652 0.142523 0.0605772 -0.0162041 
0.390768 0.273681 -0.0850652 0.142523 
0.296746 0.0682564 -0.262425 -0.0233418 
0.489986 0.0397802 0.0605772 -0.0162041 
0.487463 -0.365059 0.513088 -0.331336 
0.513088 -0.331336 0.476076 -0.041291 
0.476076 -0.041291 0.447338 -0.0453421 
0.447338 -0.0453421 0.487463 -0.365059 
0.392114 -0.254584 0.433851 -0.226113 
0.433851 -0.226113 0.412237 -0.0502902 
0.412237 -0.0502902 0.368395 -0.0564706 
0.368395 -0.0564706 0.392114 -0.254584 
