0.37323 -0.687351 0.351614 -0.165823 
-0.353815 -0.60717 -0.315168 -0.153049 
-0.136632 -0.444539 -0.123369 -0.171112 
0.293547 -0.476571 0.285022 -0.180062 
0.37323 -0.687351 -0.353815 -0.60717 
-0.353815 -0.60717 -0.136632 -0.444539 
-0.136632 -0.444539 0.293547 -0.476571 
0.293547 -0.476571 0.37323 -0.687351 
0.351614 -0.165823 0.303597 0.00861569 
0.303597 0.00861569 0.285022 -0.180062 
-0.315168 -0.153049 -0.186309 0.00295356 
-0.186309 0.00295356 -0.123369 -0.171112 
0.303597 0.00861569 -0.186309 0.00295356 
0.351614 -0.165823 -0.315168 -0.153049 
0.285022 -0.180062 -0.123369 -0.171112 
0.315405 -0.534391 0.30344 -0.50274 
0.30344 -0.50274 0.295754 -0.249744 
0.295754 -0.249744 0.306361 -0.254641 
0.306361 -0.254641 0.315405 -0.534391 
0.341954 -0.439808 0.324589 -0.412609 
0.324589 -0.412609 0.319314 -0.260621 
0.319314 -0.260621 0.335487 -0.268087 
0.335487 -0.268087 0.341954 -0.439808 
