-0.568487 -0.460959 -0.540277 -0.0659361 
-0.0968014 -0.37079 -0.100153 -0.0929371 
0.293134 -0.431583 0.261509 -0.0418319 
-0.231795 -0.632042 -0.224037 0.035966 
-0.568487 -0.460959 -0.0968014 -0.37079 
-0.0968014 -0.37079 0.293134 -0.431583 
0.293134 -0.431583 -0.231795 -0.632042 
-0.231795 -0.632042 -0.568487 -0.460959 
-0.540277 -0.0659361 -0.409116 0.205875 
-0.409116 0.205875 -0.224037 0.035966 
-0.100153 -0.0929371 0.0448066 0.0880511 
0.0448066 0.0880511 0.261509 -0.0418319 
-0.409116 0.205875 0.0448066 0.0880511 
-0.540277 -0.0659361 -0.100153 -0.0929371 
-0.224037 0.035966 0.261509 -0.0418319 
-0.411858 -0.540547 -0.33322 -0.580505 
-0.33322 -0.580505 -0.319697 -0.11828 
-0.319697 -0.11828 -0.394116 -0.129389 
-0.394116 -0.129389 -0.411858 -0.540547 
-0.514812 -0.309098 -0.464208 -0.317327 
-0.464208 -0.317327 -0.454478 -0.138399 
-0.454478 -0.138399 -0.504422 -0.145854 
-0.504422 -0.145854 -0.514812 -0.309098 
