0 0 0 1 0.14396 -0.415689 
0 0 6.5 1 0.147124 -0.124046 
10 0 0 1 0.630483 -0.558847 
10 0 6.5 1 0.598029 -0.10625 
10 10 0 1 0.111202 -0.766604 
10 10 6.5 1 0.122704 -0.0282235 
0 10 0 1 -0.292088 -0.474996 
0 10 6.5 1 -0.258862 -0.0866126 
0 5 10 1 -0.0209664 0.0560892 
10 5 10 1 0.403574 0.184738 
0 6 0 1 -0.0862762 -0.447004 
0 8 0 1 -0.182614 -0.460107 
0 8 5 1 -0.163585 -0.175831 
0 6 5 1 -0.0727774 -0.1796 
0 2 2.5 1 0.0782057 -0.302969 
0 4 2.5 1 0.00377886 -0.30636 
0 4 5 1 0.0081995 -0.182962 
0 2 5 1 0.08086 -0.185978 
0.5 0.5 -0.5 1 0.143036 -0.44722 
0.5 0.5 6 1 0.146356 -0.143995 
10.5 0.5 -0.5 1 0.656794 -0.617117 
10.5 0.5 6 1 0.620517 -0.136064 
10.5 10.5 -0.5 1 0.105462 -0.887188 
10.5 10.5 6 1 0.118697 -0.0700204 
0.5 10.5 -0.5 1 -0.314616 -0.520693 
0.5 10.5 6 1 -0.278312 -0.111498 
0.5 5.5 9.5 1 -0.0281542 0.0407971 
10.5 5.5 9.5 1 0.418003 0.167655 
0.5 6.5 -0.5 1 -0.0972009 -0.485789 
0.5 8.5 -0.5 1 -0.198654 -0.502077 
0.5 8.5 4.5 1 -0.177985 -0.203376 
0.5 6.5 4.5 1 -0.0826295 -0.205659 
0.5 2.5 2 1 0.0748118 -0.331342 
0.5 4.5 2 1 -0.00273075 -0.336497 
0.5 4.5 4.5 1 0.00200679 -0.207685 
0.5 2.5 4.5 1 0.0776352 -0.209495 
