0.244247 -0.400827 0.217528 -0.0884549 
0.720993 -0.568416 0.631805 -0.0108293 
-0.142783 -0.777456 -0.15849 -0.00217077 
-0.249777 -0.468167 -0.251179 -0.097563 
0.244247 -0.400827 0.720993 -0.568416 
0.720993 -0.568416 -0.142783 -0.777456 
-0.142783 -0.777456 -0.249777 -0.468167 
-0.249777 -0.468167 0.244247 -0.400827 
0.217528 -0.0884549 -0.00614619 0.0746871 
-0.00614619 0.0746871 -0.251179 -0.097563 
0.631805 -0.0108293 0.265001 0.289725 
0.265001 0.289725 -0.15849 -0.00217077 
-0.00614619 0.0746871 0.265001 0.289725 
0.217528 -0.0884549 0.631805 -0.0108293 
-0.251179 -0.097563 -0.15849 -0.00217077 
-0.0317919 -0.438454 -0.136905 -0.452782 
-0.136905 -0.452782 -0.143118 -0.174181 
-0.143118 -0.174181 -0.0424457 -0.169638 
-0.0424457 -0.169638 -0.0317919 -0.438454 
0.149027 -0.28432 0.0589208 -0.292393 
0.0589208 -0.292393 0.0518229 -0.165385 
0.0518229 -0.165385 0.14028 -0.161394 
0.14028 -0.161394 0.149027 -0.28432 
