0.172959 -0.401262 0.167913 -0.105133 
0.662985 -0.531722 0.613063 -0.057261 
0.0553886 -0.713583 0.0587158 0.0309925 
-0.280316 -0.453603 -0.254974 -0.0710066 
0.172959 -0.401262 0.662985 -0.531722 
0.662985 -0.531722 0.0553886 -0.713583 
0.0553886 -0.713583 -0.280316 -0.453603 
-0.280316 -0.453603 0.172959 -0.401262 
0.167913 -0.105133 -0.0144369 0.0731268 
-0.0144369 0.0731268 -0.254974 -0.0710066 
0.613063 -0.057261 0.37656 0.242772 
0.37656 0.242772 0.0587158 0.0309925 
-0.0144369 0.0731268 0.37656 0.242772 
0.167913 -0.105133 0.613063 -0.057261 
-0.254974 -0.0710066 0.0587158 0.0309925 
-0.0698076 -0.429295 -0.169091 -0.440759 
-0.169091 -0.440759 -0.156115 -0.158367 
-0.156115 -0.158367 -0.0623838 -0.161879 
-0.0623838 -0.161879 -0.0698076 -0.429295 
0.0994488 -0.286051 0.0208368 -0.288978 
0.0208368 -0.288978 0.0222446 -0.165051 
0.0222446 -0.165051 0.0990348 -0.167928 
0.0990348 -0.167928 0.0994488 -0.286051 
