0 0 0 1 -0.13609 -0.0311454 
0 0 6.5 1 -0.139345 0.222271 
10 0 0 1 0.253761 -0.0492749 
10 0 6.5 1 0.271379 0.217416 
10 10 0 1 0.324694 -0.207364 
10 10 6.5 1 0.361085 0.230625 
0 10 0 1 -0.299644 -0.165887 
0 10 6.5 1 -0.318652 0.237417 
0 5 10 1 -0.212145 0.412558 
10 5 10 1 0.318968 0.420196 
0 6 0 1 -0.215566 -0.0966204 
0 8 0 1 -0.253189 -0.127616 
0 8 5 1 -0.263335 0.145126 
0 6 5 1 -0.222798 0.150451 
0 2 2.5 1 -0.160122 0.0523353 
0 4 2.5 1 -0.18699 0.0393666 
0 4 5 1 -0.189622 0.15481 
0 2 5 1 -0.161968 0.158442 
0.5 0.5 -0.5 1 -0.122261 -0.0552127 
0.5 0.5 6 1 -0.124857 0.201639 
10.5 0.5 -0.5 1 0.27557 -0.0749865 
10.5 0.5 6 1 0.294733 0.195506 
10.5 10.5 -0.5 1 0.363029 -0.254847 
10.5 10.5 6 1 0.404275 0.193382 
0.5 10.5 -0.5 1 -0.282082 -0.208275 
0.5 10.5 6 1 -0.300159 0.203726 
0.5 5.5 9.5 1 -0.195165 0.39045 
10.5 5.5 9.5 1 0.35088 0.396618 
0.5 6.5 -0.5 1 -0.199509 -0.129194 
0.5 8.5 -0.5 1 -0.23635 -0.164477 
0.5 8.5 4.5 1 -0.245795 0.113398 
0.5 6.5 4.5 1 -0.206083 0.122095 
0.5 2.5 2 1 -0.14532 0.0273829 
0.5 4.5 2 1 -0.171415 0.0118781 
0.5 4.5 4.5 1 -0.173738 0.129178 
0.5 2.5 4.5 1 -0.146885 0.135059 
