0 0 0 1 0.292595 -0.322522 
0 0 6.5 1 0.254761 0.0201287 
10 0 0 1 0.440758 -0.551218 
10 0 6.5 1 0.352235 0.156697 
10 10 0 1 -0.572614 -0.565795 
10 10 6.5 1 -0.575328 0.0513391 
0 10 0 1 -0.216892 -0.346439 
0 10 6.5 1 -0.232223 -0.0265191 
0 5 10 1 -0.0104842 0.163298 
10 5 10 1 -0.162599 0.414327 
0 6 0 1 -0.022145 -0.337297 
0 8 0 1 -0.120939 -0.341935 
0 8 5 1 -0.135956 -0.0902335 
0 6 5 1 -0.0404573 -0.0821315 
0 2 2.5 1 0.171532 -0.194264 
0 4 2.5 1 0.068543 -0.201078 
0 4 5 1 0.0578197 -0.0737938 
0 2 5 1 0.158998 -0.0652099 
0.5 0.5 -0.5 1 0.271158 -0.357664 
0.5 0.5 6 1 0.23329 -0.00484683 
10.5 0.5 -0.5 1 0.4028 -0.640398 
10.5 0.5 6 1 0.313031 0.112304 
10.5 10.5 -0.5 1 -0.654419 -0.64259 
10.5 10.5 6 1 -0.650985 0.00822024 
0.5 10.5 -0.5 1 -0.249209 -0.379579 
0.5 10.5 6 1 -0.263609 -0.0508243 
0.5 5.5 9.5 1 -0.0370315 0.143171 
10.5 5.5 9.5 1 -0.221226 0.386825 
0.5 6.5 -0.5 1 -0.050536 -0.371212 
0.5 8.5 -0.5 1 -0.151357 -0.375458 
0.5 8.5 4.5 1 -0.165778 -0.116651 
0.5 6.5 4.5 1 -0.0683883 -0.10874 
0.5 2.5 2 1 0.14769 -0.225001 
0.5 4.5 2 1 0.0424712 -0.231521 
0.5 4.5 4.5 1 0.0319049 -0.100592 
0.5 2.5 4.5 1 0.135233 -0.0921984 
