0 0 0 1 0.264462 -0.154053 
0 0 6.5 1 0.248482 0.201344 
10 0 0 1 -0.0431464 -0.423409 
10 0 6.5 1 -0.0999785 0.222662 
10 10 0 1 -0.566413 -0.274962 
10 10 6.5 1 -0.631413 0.143729 
0 10 0 1 -0.146445 -0.117914 
0 10 6.5 1 -0.173222 0.155772 
0 5 10 1 -0.00348548 0.352537 
10 5 10 1 -0.464022 0.477469 
0 6 0 1 -0.00652975 -0.130219 
0 8 0 1 -0.079792 -0.123776 
0 8 5 1 -0.0993301 0.0950255 
0 6 5 1 -0.024887 0.0995611 
0 2 2.5 1 0.156913 -0.0196072 
0 4 2.5 1 0.0661009 -0.0182409 
0 4 5 1 0.0575664 0.104585 
0 2 5 1 0.149396 0.11018 
0.5 0.5 -0.5 1 0.230473 -0.185421 
0.5 0.5 6 1 0.212843 0.170192 
10.5 0.5 -0.5 1 -0.107509 -0.482691 
10.5 0.5 6 1 -0.170489 0.163925 
10.5 10.5 -0.5 1 -0.611207 -0.312859 
10.5 10.5 6 1 -0.67906 0.106085 
0.5 10.5 -0.5 1 -0.174168 -0.142057 
0.5 10.5 6 1 -0.202026 0.131757 
0.5 5.5 9.5 1 -0.036127 0.325552 
10.5 5.5 9.5 1 -0.523385 0.43201 
0.5 6.5 -0.5 1 -0.0364784 -0.156813 
0.5 8.5 -0.5 1 -0.108587 -0.149085 
0.5 8.5 4.5 1 -0.129016 0.0698165 
0.5 6.5 4.5 1 -0.0558018 0.0730779 
0.5 2.5 2 1 0.123814 -0.0491464 
0.5 4.5 2 1 0.034392 -0.0462034 
0.5 4.5 4.5 1 0.0253232 0.0766917 
0.5 2.5 4.5 1 0.115714 0.0807183 
