0.288275 -0.425838 0.256735 -0.0808256 
0.572676 -0.698956 0.478187 0.0133547 
-0.530547 -0.738314 -0.500739 -0.0358843 
-0.240389 -0.44777 -0.241609 -0.105042 
0.288275 -0.425838 0.572676 -0.698956 
0.572676 -0.698956 -0.530547 -0.738314 
-0.530547 -0.738314 -0.240389 -0.44777 
-0.240389 -0.44777 0.288275 -0.425838 
0.256735 -0.0808256 -0.00170821 0.076401 
-0.00170821 0.076401 -0.241609 -0.105042 
0.478187 0.0133547 -0.0302029 0.307431 
-0.0302029 0.307431 -0.500739 -0.0358843 
-0.00170821 0.076401 -0.0302029 0.307431 
0.256735 -0.0808256 0.478187 0.0133547 
-0.241609 -0.105042 -0.500739 -0.0358843 
-0.0303052 -0.439054 -0.135575 -0.443421 
-0.135575 -0.443421 -0.141174 -0.175925 
-0.141174 -0.175925 -0.0405901 -0.171195 
-0.0405901 -0.171195 -0.0303052 -0.439054 
0.171502 -0.292906 0.0677478 -0.297504 
0.0677478 -0.297504 0.0604128 -0.166445 
0.0604128 -0.166445 0.161838 -0.161675 
0.161838 -0.161675 0.171502 -0.292906 
