0 0 0 1 -0.494184 -0.443972 
0 0 6.5 1 -0.491178 -0.0838382 
10 0 0 1 -0.0426264 -0.348189 
10 0 6.5 1 -0.0578285 -0.0797122 
10 10 0 1 0.309881 -0.416233 
10 10 6.5 1 0.268194 -0.0243853 
0 10 0 1 -0.271389 -0.624814 
0 10 6.5 1 -0.285573 -0.00116847 
0 5 10 1 -0.415393 0.169247 
10 5 10 1 0.0632116 0.1027 
0 6 0 1 -0.391463 -0.527349 
0 8 0 1 -0.339288 -0.5697 
0 8 5 1 -0.345011 -0.143774 
0 6 5 1 -0.393795 -0.150372 
0 2 2.5 1 -0.465696 -0.309871 
0 4 2.5 1 -0.432875 -0.320594 
0 4 5 1 -0.432938 -0.155666 
0 2 5 1 -0.46504 -0.160008 
0.5 0.5 -0.5 1 -0.457491 -0.472149 
0.5 0.5 6 1 -0.456355 -0.107595 
10.5 0.5 -0.5 1 -0.0123979 -0.368543 
10.5 0.5 6 1 -0.0288713 -0.0976057 
10.5 10.5 -0.5 1 0.357868 -0.446928 
10.5 10.5 6 1 0.313097 -0.0498213 
0.5 10.5 -0.5 1 -0.203214 -0.677316 
0.5 10.5 6 1 -0.223572 -0.0403502 
0.5 5.5 9.5 1 -0.372284 0.142889 
10.5 5.5 9.5 1 0.0975196 0.0833447 
0.5 6.5 -0.5 1 -0.34067 -0.566407 
0.5 8.5 -0.5 1 -0.281062 -0.614503 
0.5 8.5 4.5 1 -0.290363 -0.180559 
0.5 6.5 4.5 1 -0.345748 -0.183152 
0.5 2.5 2 1 -0.426156 -0.338784 
0.5 4.5 2 1 -0.388956 -0.352574 
0.5 4.5 4.5 1 -0.390077 -0.185227 
0.5 2.5 4.5 1 -0.426361 -0.186926 
