-0.157892 -0.300826 -0.184007 0.384924 
-0.247521 -0.0592142 -0.266589 0.290212 
0.209422 -0.0211318 0.221068 0.278943 
0.60074 -0.178342 0.664128 0.339836 
-0.157892 -0.300826 -0.247521 -0.0592142 
-0.247521 -0.0592142 0.209422 -0.0211318 
0.209422 -0.0211318 0.60074 -0.178342 
0.60074 -0.178342 -0.157892 -0.300826 
-0.184007 0.384924 0.325204 0.742576 
0.325204 0.742576 0.664128 0.339836 
-0.266589 0.290212 -0.00409922 0.476264 
-0.00409922 0.476264 0.221068 0.278943 
0.325204 0.742576 -0.00409922 0.476264 
-0.184007 0.384924 -0.266589 0.290212 
0.664128 0.339836 0.221068 0.278943 
0.345158 -0.219607 0.479333 -0.197944 
0.479333 -0.197944 0.51902 0.210294 
0.51902 0.210294 0.3749 0.21008 
0.3749 0.21008 0.345158 -0.219607 
0.03003 -0.0422475 0.204267 -0.0273683 
0.204267 -0.0273683 0.213236 0.209841 
0.213236 0.209841 0.0306154 0.20957 
0.0306154 0.20957 0.03003 -0.0422475 
