0.0241379 -0.208791 0.0495156 0.0465793 
0.448479 -0.306953 0.479113 0.0228869 
0.274253 -0.467613 0.328259 0.0993606 
-0.295732 -0.268678 -0.256424 0.108985 
0.0241379 -0.208791 0.448479 -0.306953 
0.448479 -0.306953 0.274253 -0.467613 
0.274253 -0.467613 -0.295732 -0.268678 
-0.295732 -0.268678 0.0241379 -0.208791 
0.0495156 0.0465793 -0.0574694 0.234689 
-0.0574694 0.234689 -0.256424 0.108985 
0.479113 0.0228869 0.444398 0.273475 
0.444398 0.273475 0.328259 0.0993606 
-0.0574694 0.234689 0.444398 0.273475 
0.0495156 0.0465793 0.479113 0.0228869 
-0.256424 0.108985 0.328259 0.0993606 
-0.136856 -0.238933 -0.209332 -0.252502 
-0.209332 -0.252502 -0.182043 0.0129322 
-0.182043 0.0129322 -0.112022 0.00514257 
-0.112022 0.00514257 -0.136856 -0.238933 
-0.0115442 -0.112158 -0.063779 -0.114247 
-0.063779 -0.114247 -0.0524088 -0.00148931 
-0.0524088 -0.00148931 -0.00104288 -0.00720368 
-0.00104288 -0.00720368 -0.0115442 -0.112158 
