0 0 0 1 0.0767187 -0.38319 
0 0 6.5 1 0.0953646 -0.108543 
10 0 0 1 0.534847 -0.527693 
10 0 6.5 1 0.540643 -0.136354 
10 10 0 1 0.201859 -0.764808 
10 10 6.5 1 0.236243 -0.093325 
0 10 0 1 -0.30885 -0.459956 
0 10 6.5 1 -0.265602 -0.0716239 
0 5 10 1 -0.0408826 0.0704135 
10 5 10 1 0.433607 0.123921 
0 6 0 1 -0.121336 -0.422622 
0 8 0 1 -0.207825 -0.439842 
0 8 5 1 -0.179959 -0.161325 
0 6 5 1 -0.097982 -0.164059 
0 2 2.5 1 0.0275345 -0.280109 
0 4 2.5 1 -0.0364409 -0.285378 
0 4 5 1 -0.0267038 -0.166436 
0 2 5 1 0.0358419 -0.168522 
0.5 0.5 -0.5 1 0.0778276 -0.413779 
0.5 0.5 6 1 0.0970355 -0.129321 
10.5 0.5 -0.5 1 0.558328 -0.578653 
10.5 0.5 6 1 0.563298 -0.167123 
10.5 10.5 -0.5 1 0.215392 -0.876083 
10.5 10.5 6 1 0.251392 -0.142979 
0.5 10.5 -0.5 1 -0.325671 -0.50768 
0.5 10.5 6 1 -0.279672 -0.0994439 
0.5 5.5 9.5 1 -0.0439873 0.0531247 
10.5 5.5 9.5 1 0.455421 0.100718 
0.5 6.5 -0.5 1 -0.128022 -0.461684 
0.5 8.5 -0.5 1 -0.218849 -0.482821 
0.5 8.5 4.5 1 -0.189434 -0.191053 
0.5 6.5 4.5 1 -0.103543 -0.191738 
0.5 2.5 2 1 0.0269857 -0.308654 
0.5 4.5 2 1 -0.0394095 -0.316078 
0.5 4.5 4.5 1 -0.0292724 -0.19233 
0.5 2.5 4.5 1 0.0355861 -0.192847 
