0 0 0 1 -0.667852 -0.561358 
0 0 6.5 1 -0.604292 -0.100924 
10 0 0 1 -0.169505 -0.434804 
10 0 6.5 1 -0.154633 -0.139416 
10 10 0 1 0.269864 -0.525232 
10 10 6.5 1 0.258309 -0.130754 
0 10 0 1 -0.140585 -0.82037 
0 10 6.5 1 -0.108694 -0.0631107 
0 5 10 1 -0.38505 0.176962 
10 5 10 1 0.0264754 0.0296545 
0 6 0 1 -0.417315 -0.68443 
0 8 0 1 -0.295016 -0.744508 
0 8 5 1 -0.258268 -0.214399 
0 6 5 1 -0.373951 -0.209878 
0 2 2.5 1 -0.573328 -0.392101 
0 4 2.5 1 -0.492098 -0.412477 
0 4 5 1 -0.46948 -0.206145 
0 2 5 1 -0.549699 -0.20301 
0.5 0.5 -0.5 1 -0.618226 -0.597756 
0.5 0.5 6 1 -0.558839 -0.135108 
10.5 0.5 -0.5 1 -0.138461 -0.458143 
10.5 0.5 6 1 -0.125275 -0.161823 
10.5 10.5 -0.5 1 0.310695 -0.556301 
10.5 10.5 6 1 0.296271 -0.160194 
0.5 10.5 -0.5 1 -0.0600478 -0.879824 
0.5 10.5 6 1 -0.0386045 -0.116898 
0.5 5.5 9.5 1 -0.332773 0.13679 
10.5 5.5 9.5 1 0.0585297 0.00481912 
0.5 6.5 -0.5 1 -0.352836 -0.731867 
0.5 8.5 -0.5 1 -0.223395 -0.797279 
0.5 8.5 4.5 1 -0.193273 -0.263634 
0.5 6.5 4.5 1 -0.314892 -0.254435 
0.5 2.5 2 1 -0.521554 -0.430529 
0.5 4.5 2 1 -0.435816 -0.454334 
0.5 4.5 4.5 1 -0.415364 -0.246836 
0.5 2.5 4.5 1 -0.499764 -0.240452 
