0 0 0 1 0.304696 -0.438999 
0 0 6.5 1 0.327365 -0.00248717 
10 0 0 1 -0.382525 -0.391257 
10 0 6.5 1 -0.328249 0.0583641 
10 10 0 1 -0.250559 -0.270962 
10 10 6.5 1 -0.221537 -0.0043622 
0 10 0 1 0.157446 -0.302037 
0 10 6.5 1 0.175118 -0.0400933 
0 5 10 1 0.243027 0.141692 
10 5 10 1 -0.242179 0.190237 
0 6 0 1 0.199405 -0.341064 
0 8 0 1 0.17659 -0.319844 
0 8 5 1 0.191013 -0.0993772 
0 6 5 1 0.214625 -0.0994585 
0 2 2.5 1 0.26984 -0.246883 
0 4 2.5 1 0.235193 -0.231362 
0 4 5 1 0.24311 -0.0995566 
0 2 5 1 0.278153 -0.0996773 
0.5 0.5 -0.5 1 0.258714 -0.459749 
0.5 0.5 6 1 0.282723 -0.0339074 
10.5 0.5 -0.5 1 -0.41049 -0.414109 
10.5 0.5 6 1 -0.356478 0.024212 
10.5 10.5 -0.5 1 -0.269478 -0.286635 
10.5 10.5 6 1 -0.240437 -0.0240441 
0.5 10.5 -0.5 1 0.132109 -0.316866 
0.5 10.5 6 1 0.15015 -0.0587966 
0.5 5.5 9.5 1 0.211284 0.115321 
10.5 5.5 9.5 1 -0.264875 0.162216 
0.5 6.5 -0.5 1 0.168474 -0.357906 
0.5 8.5 -0.5 1 0.148729 -0.335624 
0.5 8.5 4.5 1 0.163503 -0.118723 
0.5 6.5 4.5 1 0.184134 -0.120578 
0.5 2.5 2 1 0.230618 -0.269583 
0.5 4.5 2 1 0.200733 -0.252074 
0.5 4.5 4.5 1 0.208932 -0.122807 
0.5 2.5 4.5 1 0.239304 -0.125537 
