0.403178 -0.523767 0.344419 0.0208684 
-0.279166 -0.462459 -0.277271 -0.0514382 
-0.00989562 -0.352107 -0.0206735 -0.0890456 
0.427913 -0.365402 0.392045 -0.05341 
0.403178 -0.523767 -0.279166 -0.462459 
-0.279166 -0.462459 -0.00989562 -0.352107 
-0.00989562 -0.352107 0.427913 -0.365402 
0.427913 -0.365402 0.403178 -0.523767 
0.344419 0.0208684 0.352775 0.166609 
0.352775 0.166609 0.392045 -0.05341 
-0.277271 -0.0514382 -0.125606 0.0845834 
-0.125606 0.0845834 -0.0206735 -0.0890456 
0.352775 0.166609 -0.125606 0.0845834 
0.344419 0.0208684 -0.277271 -0.0514382 
0.392045 -0.05341 -0.0206735 -0.0890456 
0.421144 -0.408745 0.424851 -0.38501 
0.424851 -0.38501 0.394516 -0.119077 
0.394516 -0.119077 0.387957 -0.115032 
0.387957 -0.115032 0.421144 -0.408745 
0.389689 -0.283646 0.397735 -0.269454 
0.397735 -0.269454 0.379938 -0.110087 
0.379938 -0.110087 0.369914 -0.103905 
0.369914 -0.103905 0.389689 -0.283646 
