0.387928 -0.676296 0.355791 -0.144349 
-0.336452 -0.594271 -0.305497 -0.146911 
-0.106156 -0.440703 -0.0983946 -0.168303 
0.327212 -0.47055 0.311675 -0.168958 
0.387928 -0.676296 -0.336452 -0.594271 
-0.336452 -0.594271 -0.106156 -0.440703 
-0.106156 -0.440703 0.327212 -0.47055 
0.327212 -0.47055 0.387928 -0.676296 
0.355791 -0.144349 0.317838 0.0259233 
0.317838 0.0259233 0.311675 -0.168958 
-0.305497 -0.146911 -0.170844 0.0054132 
-0.170844 0.0054132 -0.0983946 -0.168303 
0.317838 0.0259233 -0.170844 0.0054132 
0.355791 -0.144349 -0.305497 -0.146911 
0.311675 -0.168958 -0.0983946 -0.168303 
0.343808 -0.526788 0.334718 -0.495984 
0.334718 -0.495984 0.321156 -0.238398 
0.321156 -0.238398 0.328416 -0.241826 
0.328416 -0.241826 0.343808 -0.526788 
0.358486 -0.426114 0.345904 -0.400699 
0.345904 -0.400699 0.337292 -0.246016 
0.337292 -0.246016 0.348388 -0.251254 
0.348388 -0.251254 0.358486 -0.426114 
