-0.721569 -0.574351 -0.638215 -0.0558363 
-0.230073 -0.407156 -0.200435 -0.103865 
0.24023 -0.50668 0.252837 -0.129998 
0.0129006 -0.863504 0.0603163 -0.08599 
-0.721569 -0.574351 -0.230073 -0.407156 
-0.230073 -0.407156 0.24023 -0.50668 
0.24023 -0.50668 0.0129006 -0.863504 
0.0129006 -0.863504 -0.721569 -0.574351 
-0.638215 -0.0558363 -0.317079 0.226699 
-0.317079 0.226699 0.0603163 -0.08599 
-0.200435 -0.103865 0.0148428 0.0530178 
0.0148428 0.0530178 0.252837 -0.129998 
-0.317079 0.226699 0.0148428 0.0530178 
-0.638215 -0.0558363 -0.200435 -0.103865 
0.0603163 -0.08599 0.252837 -0.129998 
-0.353486 -0.719262 -0.186737 -0.784909 
-0.186737 -0.784909 -0.138208 -0.229432 
-0.138208 -0.229432 -0.297656 -0.210856 
-0.297656 -0.210856 -0.353486 -0.719262 
-0.583565 -0.392063 -0.463631 -0.421843 
-0.463631 -0.421843 -0.434326 -0.194934 
-0.434326 -0.194934 -0.552774 -0.181135 
-0.552774 -0.181135 -0.583565 -0.392063 
