0.377642 -0.507324 0.308334 0.0768728 
-0.240309 -0.410052 -0.264496 -0.0217063 
0.0708434 -0.286363 0.0468116 -0.0258801 
0.517106 -0.30532 0.472088 0.030694 
0.377642 -0.507324 -0.240309 -0.410052 
-0.240309 -0.410052 0.0708434 -0.286363 
0.0708434 -0.286363 0.517106 -0.30532 
0.517106 -0.30532 0.377642 -0.507324 
0.308334 0.0768728 0.383865 0.263723 
0.383865 0.263723 0.472088 0.030694 
-0.264496 -0.0217063 -0.0918951 0.136287 
-0.0918951 0.136287 0.0468116 -0.0258801 
0.383865 0.263723 -0.0918951 0.136287 
0.308334 0.0768728 -0.264496 -0.0217063 
0.472088 0.030694 0.0468116 -0.0258801 
0.478576 -0.361128 0.499642 -0.330616 
0.499642 -0.330616 0.462051 -0.0458866 
0.462051 -0.0458866 0.437841 -0.0470071 
0.437841 -0.0470071 0.478576 -0.361128 
0.39518 -0.244315 0.430088 -0.220615 
0.430088 -0.220615 0.408246 -0.0483769 
0.408246 -0.0483769 0.371244 -0.0500895 
0.371244 -0.0500895 0.39518 -0.244315 
