0 0 0 1 -0.650004 -0.539424 
0 0 6.5 1 -0.592682 -0.092381 
10 0 0 1 -0.156009 -0.423584 
10 0 6.5 1 -0.144525 -0.131451 
10 10 0 1 0.274922 -0.507549 
10 10 6.5 1 0.25915 -0.113588 
0 10 0 1 -0.160949 -0.777643 
0 10 6.5 1 -0.133009 -0.0374612 
0 5 10 1 -0.391024 0.185302 
10 5 10 1 0.0297529 0.0402342 
0 6 0 1 -0.418875 -0.652007 
0 8 0 1 -0.305229 -0.707364 
0 8 5 1 -0.272317 -0.190291 
0 6 5 1 -0.37982 -0.189866 
0 2 2.5 1 -0.563554 -0.373007 
0 4 2.5 1 -0.488643 -0.390262 
0 4 5 1 -0.468234 -0.189517 
0 2 5 1 -0.54223 -0.189225 
0.5 0.5 -0.5 1 -0.602115 -0.575029 
0.5 0.5 6 1 -0.54869 -0.125167 
10.5 0.5 -0.5 1 -0.125008 -0.446688 
10.5 0.5 6 1 -0.115205 -0.153334 
10.5 10.5 -0.5 1 0.316807 -0.538801 
10.5 10.5 6 1 0.298023 -0.142647 
0.5 10.5 -0.5 1 -0.0809388 -0.837165 
0.5 10.5 6 1 -0.0633153 -0.0895035 
0.5 5.5 9.5 1 -0.339837 0.147073 
10.5 5.5 9.5 1 0.0621026 0.016054 
0.5 6.5 -0.5 1 -0.35579 -0.698923 
0.5 8.5 -0.5 1 -0.234682 -0.759837 
0.5 8.5 4.5 1 -0.208207 -0.238104 
0.5 6.5 4.5 1 -0.321932 -0.233022 
0.5 2.5 2 1 -0.513343 -0.41038 
0.5 4.5 2 1 -0.433818 -0.431078 
0.5 4.5 4.5 1 -0.415467 -0.228842 
0.5 2.5 4.5 1 -0.493752 -0.225344 
