0.292528 -0.296499 0.253714 0.0471758 
0.382413 -0.532249 0.297906 0.178368 
-0.58331 -0.532118 -0.599569 0.0571215 
-0.207951 -0.318907 -0.228078 -0.00633444 
0.292528 -0.296499 0.382413 -0.532249 
0.382413 -0.532249 -0.58331 -0.532118 
-0.58331 -0.532118 -0.207951 -0.318907 
-0.207951 -0.318907 0.292528 -0.296499 
0.253714 0.0471758 -0.013533 0.186974 
-0.013533 0.186974 -0.228078 -0.00633444 
0.297906 0.178368 -0.214406 0.42751 
-0.214406 0.42751 -0.599569 0.0571215 
-0.013533 0.186974 -0.214406 0.42751 
0.253714 0.0471758 0.297906 0.178368 
-0.228078 -0.00633444 -0.599569 0.0571215 
-0.0196658 -0.310477 -0.115639 -0.314774 
-0.115639 -0.314774 -0.133723 -0.0681515 
-0.133723 -0.0681515 -0.0404295 -0.0591883 
-0.0404295 -0.0591883 -0.0196658 -0.310477 
0.170623 -0.169095 0.0682186 -0.176334 
0.0682186 -0.176334 0.0565443 -0.0498715 
0.0565443 -0.0498715 0.157421 -0.0401798 
0.157421 -0.0401798 0.170623 -0.169095 
