0.228028 -0.393903 0.206076 -0.0861409 
0.711517 -0.537566 0.629777 -0.00450019 
-0.0909993 -0.730217 -0.101579 0.0360997 
-0.25751 -0.454946 -0.251986 -0.0817146 
0.228028 -0.393903 0.711517 -0.537566 
0.711517 -0.537566 -0.0909993 -0.730217 
-0.0909993 -0.730217 -0.25751 -0.454946 
-0.25751 -0.454946 0.228028 -0.393903 
0.206076 -0.0861409 -0.00748824 0.0813668 
-0.00748824 0.0813668 -0.251986 -0.0817146 
0.629777 -0.00450019 0.29671 0.298099 
0.29671 0.298099 -0.101579 0.0360997 
-0.00748824 0.0813668 0.29671 0.298099 
0.206076 -0.0861409 0.629777 -0.00450019 
-0.251986 -0.0817146 -0.101579 0.0360997 
-0.0403495 -0.427644 -0.144478 -0.440736 
-0.144478 -0.440736 -0.145899 -0.161282 
-0.145899 -0.161282 -0.0466533 -0.159295 
-0.0466533 -0.159295 -0.0403495 -0.427644 
0.137921 -0.27723 0.0505297 -0.283481 
0.0505297 -0.283481 0.0454155 -0.157451 
0.0454155 -0.157451 0.131059 -0.155736 
0.131059 -0.155736 0.137921 -0.27723 
