0.256031 -0.162543 0.292209 0.21057 
-0.316544 -0.269071 -0.320335 0.262597 
-0.437856 -0.0789906 -0.446946 0.239025 
-0.0245161 -0.0443039 -0.0130888 0.209296 
0.256031 -0.162543 -0.316544 -0.269071 
-0.316544 -0.269071 -0.437856 -0.0789906 
-0.437856 -0.0789906 -0.0245161 -0.0443039 
-0.0245161 -0.0443039 0.256031 -0.162543 
0.292209 0.21057 0.120508 0.386346 
0.120508 0.386346 -0.0130888 0.209296 
-0.320335 0.262597 -0.405529 0.486675 
-0.405529 0.486675 -0.446946 0.239025 
0.120508 0.386346 -0.405529 0.486675 
0.292209 0.21057 -0.320335 0.262597 
-0.0130888 0.209296 -0.446946 0.239025 
0.0629794 -0.0811796 0.0162387 -0.0614803 
0.0162387 -0.0614803 0.0270532 0.144651 
0.0270532 0.144651 0.0764684 0.139909 
0.0764684 0.139909 0.0629794 -0.0811796 
0.191063 -0.00439463 0.125413 0.0126923 
0.125413 0.0126923 0.134052 0.134383 
0.134052 0.134383 0.202013 0.127862 
0.202013 0.127862 0.191063 -0.00439463 
