0.37199 -0.516559 0.30285 0.0727121 
-0.236936 -0.408949 -0.263418 -0.0227861 
0.0786235 -0.281796 0.0537714 -0.0212089 
0.525953 -0.304286 0.481105 0.0352549 
0.37199 -0.516559 -0.236936 -0.408949 
-0.236936 -0.408949 0.0786235 -0.281796 
0.0786235 -0.281796 0.525953 -0.304286 
0.525953 -0.304286 0.37199 -0.516559 
0.30285 0.0727121 0.387409 0.268718 
0.387409 0.268718 0.481105 0.0352549 
-0.263418 -0.0227861 -0.0884379 0.139202 
-0.0884379 0.139202 0.0537714 -0.0212089 
0.387409 0.268718 -0.0884379 0.139202 
0.30285 0.0727121 -0.263418 -0.0227861 
0.481105 0.0352549 0.0537714 -0.0212089 
0.483322 -0.363062 0.506621 -0.330939 
0.506621 -0.330939 0.469201 -0.0435435 
0.469201 -0.0435435 0.442769 -0.0461131 
0.442769 -0.0461131 0.483322 -0.363062 
0.39399 -0.249385 0.432258 -0.223301 
0.432258 -0.223301 0.410469 -0.0492532 
0.410469 -0.0492532 0.370101 -0.0531776 
0.370101 -0.0531776 0.39399 -0.249385 
