-0.612411 -0.49628 -0.568415 -0.0751414 
-0.128602 -0.397343 -0.124048 -0.112139 
0.283851 -0.468168 0.26022 -0.0764975 
-0.196975 -0.695131 -0.177799 0.00905052 
-0.612411 -0.49628 -0.128602 -0.397343 
-0.128602 -0.397343 0.283851 -0.468168 
0.283851 -0.468168 -0.196975 -0.695131 
-0.196975 -0.695131 -0.612411 -0.49628 
-0.568415 -0.0751414 -0.400574 0.201215 
-0.400574 0.201215 -0.177799 0.00905052 
-0.124048 -0.112139 0.0364667 0.0644765 
0.0364667 0.0644765 0.26022 -0.0764975 
-0.400574 0.201215 0.0364667 0.0644765 
-0.568415 -0.0751414 -0.124048 -0.112139 
-0.177799 0.00905052 0.26022 -0.0764975 
-0.41771 -0.589475 -0.320906 -0.635811 
-0.320906 -0.635811 -0.296555 -0.145817 
-0.296555 -0.145817 -0.388181 -0.152533 
-0.388181 -0.152533 -0.41771 -0.589475 
-0.541664 -0.336084 -0.478619 -0.347828 
-0.478619 -0.347828 -0.463025 -0.15802 
-0.463025 -0.15802 -0.52531 -0.162585 
-0.52531 -0.162585 -0.541664 -0.336084 
