0.275963 -0.225151 0.250258 0.124436 
0.0603062 -0.539274 -0.0010286 0.125718 
-0.573299 -0.399523 -0.636359 0.0498213 
-0.159696 -0.200915 -0.189468 0.078257 
0.275963 -0.225151 0.0603062 -0.539274 
0.0603062 -0.539274 -0.573299 -0.399523 
-0.573299 -0.399523 -0.159696 -0.200915 
-0.159696 -0.200915 0.275963 -0.225151 
0.250258 0.124436 -0.0103624 0.272074 
-0.0103624 0.272074 -0.189468 0.078257 
-0.0010286 0.125718 -0.41907 0.387973 
-0.41907 0.387973 -0.636359 0.0498213 
-0.0103624 0.272074 -0.41907 0.387973 
0.250258 0.124436 -0.0010286 0.125718 
-0.189468 0.078257 -0.636359 0.0498213 
-0.00799796 -0.209354 -0.0869854 -0.20496 
-0.0869854 -0.20496 -0.109498 0.0176607 
-0.109498 0.0176607 -0.030098 0.0229682 
-0.030098 0.0229682 -0.00799796 -0.209354 
0.162106 -0.0933611 0.0674561 -0.0938072 
0.0674561 -0.0938072 0.0565985 0.0287635 
0.0565985 0.0287635 0.151646 0.035117 
0.151646 0.035117 0.162106 -0.0933611 
