0.280914 -0.333439 0.245404 -0.0130644 
0.648487 -0.583524 0.565323 0.0446881 
-0.354291 -0.74419 -0.402203 -0.0408456 
-0.221683 -0.397118 -0.248161 -0.0582698 
0.280914 -0.333439 0.648487 -0.583524 
0.648487 -0.583524 -0.354291 -0.74419 
-0.354291 -0.74419 -0.221683 -0.397118 
-0.221683 -0.397118 0.280914 -0.333439 
0.245404 -0.0130644 -0.0112539 0.136553 
-0.0112539 0.136553 -0.248161 -0.0582698 
0.565323 0.0446881 0.0723213 0.338967 
0.0723213 0.338967 -0.402203 -0.0408456 
-0.0112539 0.136553 0.0723213 0.338967 
0.245404 -0.0130644 0.565323 0.0446881 
-0.248161 -0.0582698 -0.402203 -0.0408456 
-0.0142074 -0.370831 -0.116826 -0.383833 
-0.116826 -0.383833 -0.138823 -0.124866 
-0.138823 -0.124866 -0.0376619 -0.114797 
-0.0376619 -0.114797 -0.0142074 -0.370831 
0.171402 -0.219444 0.0737187 -0.230481 
0.0737187 -0.230481 0.0613975 -0.104936 
0.0613975 -0.104936 0.15842 -0.0952788 
0.15842 -0.0952788 0.171402 -0.219444 
