-0.00635587 -0.0989675 0.0178695 0.15272 
0.405316 -0.173593 0.442432 0.13384 
0.309468 -0.30125 0.37081 0.227586 
-0.287653 -0.152979 -0.256966 0.22995 
-0.00635587 -0.0989675 0.405316 -0.173593 
0.405316 -0.173593 0.309468 -0.30125 
0.309468 -0.30125 -0.287653 -0.152979 
-0.287653 -0.152979 -0.00635587 -0.0989675 
0.0178695 0.15272 -0.0758229 0.351337 
-0.0758229 0.351337 -0.256966 0.22995 
0.442432 0.13384 0.442023 0.384936 
0.442023 0.384936 0.37081 0.227586 
-0.0758229 0.351337 0.442023 0.384936 
0.0178695 0.15272 0.442432 0.13384 
-0.256966 0.22995 0.37081 0.227586 
-0.146317 -0.125841 -0.210389 -0.138144 
-0.210389 -0.138144 -0.187934 0.127359 
-0.187934 0.127359 -0.1249 0.116849 
-0.1249 0.116849 -0.146317 -0.125841 
-0.0365327 -0.00368875 -0.0821836 -0.00445281 
-0.0821836 -0.00445281 -0.0719112 0.108014 
-0.0719112 0.108014 -0.0267432 0.100482 
-0.0267432 0.100482 -0.0365327 -0.00368875 
