-0.135176 -0.283795 -0.162809 0.407678 
-0.247702 -0.0524172 -0.269175 0.299565 
0.206376 -0.0106018 0.215732 0.288858 
0.605866 -0.155162 0.665138 0.358849 
-0.135176 -0.283795 -0.247702 -0.0524172 
-0.247702 -0.0524172 0.206376 -0.0106018 
0.206376 -0.0106018 0.605866 -0.155162 
0.605866 -0.155162 -0.135176 -0.283795 
-0.162809 0.407678 0.336632 0.76182 
0.336632 0.76182 0.665138 0.358849 
-0.269175 0.299565 -0.00827257 0.486242 
-0.00827257 0.486242 0.215732 0.288858 
0.336632 0.76182 -0.00827257 0.486242 
-0.162809 0.407678 -0.269175 0.299565 
0.665138 0.358849 0.215732 0.288858 
0.358812 -0.198047 0.488835 -0.175477 
0.488835 -0.175477 0.525937 0.230683 
0.525937 0.230683 0.386454 0.230658 
0.386454 0.230658 0.358812 -0.198047 
0.0499696 -0.0222683 0.220901 -0.0066956 
0.220901 -0.0066956 0.229006 0.230629 
0.229006 0.230629 0.0498796 0.230596 
0.0498796 0.230596 0.0499696 -0.0222683 
