0 0 0 1 0.267978 -0.403354 
0 0 6.5 1 0.234908 -0.0847732 
10 0 0 1 0.718984 -0.623124 
10 0 6.5 1 0.623942 -0.0251637 
10 10 0 1 -0.233239 -0.842046 
10 10 6.5 1 -0.260469 -0.0712571 
0 10 0 1 -0.235413 -0.476708 
0 10 6.5 1 -0.248705 -0.114887 
0 5 10 1 -0.00497935 0.0712497 
10 5 10 1 0.198582 0.271345 
0 6 0 1 -0.019016 -0.445175 
0 8 0 1 -0.124452 -0.460539 
0 8 5 1 -0.138533 -0.18664 
0 6 5 1 -0.0364656 -0.178396 
0 2 2.5 1 0.165043 -0.287674 
0 4 2.5 1 0.0708758 -0.298277 
0 4 5 1 0.0608125 -0.170539 
0 2 5 1 0.153631 -0.163042 
0.5 0.5 -0.5 1 0.260035 -0.439162 
0.5 0.5 6 1 0.22624 -0.1087 
10.5 0.5 -0.5 1 0.733297 -0.707535 
10.5 0.5 6 1 0.631316 -0.0663801 
10.5 10.5 -0.5 1 -0.296708 -0.97109 
10.5 10.5 6 1 -0.319442 -0.127301 
0.5 10.5 -0.5 1 -0.263808 -0.520211 
0.5 10.5 6 1 -0.276189 -0.143011 
0.5 5.5 9.5 1 -0.0219942 0.0517174 
10.5 5.5 9.5 1 0.178887 0.246558 
0.5 6.5 -0.5 1 -0.0380481 -0.485282 
0.5 8.5 -0.5 1 -0.147938 -0.502284 
0.5 8.5 4.5 1 -0.16165 -0.216949 
0.5 6.5 4.5 1 -0.0554186 -0.207662 
0.5 2.5 2 1 0.15354 -0.31977 
0.5 4.5 2 1 0.0557983 -0.331537 
0.5 4.5 4.5 1 0.0456574 -0.198825 
0.5 2.5 4.5 1 0.141944 -0.190406 
