-0.3413 -0.271177 -0.372138 0.0192948 
0.0633741 -0.194724 0.0386192 0.054696 
0.319607 -0.290658 0.282617 0.0982684 
-0.302341 -0.449109 -0.355135 0.0497528 
-0.3413 -0.271177 0.0633741 -0.194724 
0.0633741 -0.194724 0.319607 -0.290658 
0.319607 -0.290658 -0.302341 -0.449109 
-0.302341 -0.449109 -0.3413 -0.271177 
-0.372138 0.0192948 -0.387057 0.230065 
-0.387057 0.230065 -0.355135 0.0497528 
0.0386192 0.054696 0.117759 0.236645 
0.117759 0.236645 0.282617 0.0982684 
-0.387057 0.230065 0.117759 0.236645 
-0.372138 0.0192948 0.0386192 0.054696 
-0.355135 0.0497528 0.282617 0.0982684 
-0.323132 -0.354153 -0.31404 -0.39568 
-0.31404 -0.39568 -0.349529 -0.0606589 
-0.349529 -0.0606589 -0.354694 -0.0564274 
-0.354694 -0.0564274 -0.323132 -0.354153 
-0.349242 -0.17229 -0.344579 -0.1873 
-0.344579 -0.1873 -0.358819 -0.0530479 
-0.358819 -0.0530479 -0.36219 -0.0502866 
-0.36219 -0.0502866 -0.349242 -0.17229 
