-0.558925 -0.289084 -0.523284 0.326286 
-0.251598 -0.121095 -0.226867 0.195328 
0.236811 -0.175024 0.273373 0.152046 
0.393377 -0.409002 0.475142 0.247951 
-0.558925 -0.289084 -0.251598 -0.121095 
-0.251598 -0.121095 0.236811 -0.175024 
0.236811 -0.175024 0.393377 -0.409002 
0.393377 -0.409002 -0.558925 -0.289084 
-0.523284 0.326286 -0.00956944 0.654414 
-0.00956944 0.654414 0.475142 0.247951 
-0.226867 0.195328 0.0356054 0.353196 
0.0356054 0.353196 0.273373 0.152046 
-0.00956944 0.654414 0.0356054 0.353196 
-0.523284 0.326286 -0.226867 0.195328 
0.475142 0.247951 0.273373 0.152046 
-0.00378097 -0.35899 0.191936 -0.383635 
0.191936 -0.383635 0.246366 0.109866 
0.246366 0.109866 0.0432591 0.128093 
0.0432591 0.128093 -0.00378097 -0.35899 
-0.362547 -0.0781975 -0.174318 -0.0985453 
-0.174318 -0.0985453 -0.153968 0.145792 
-0.153968 0.145792 -0.345566 0.162987 
-0.345566 0.162987 -0.362547 -0.0781975 
