0.00531259 -0.133694 0.0304555 0.118589 
0.420952 -0.215526 0.456528 0.0987647 
0.298703 -0.350381 0.358038 0.190198 
-0.289476 -0.187348 -0.255119 0.192602 
0.00531259 -0.133694 0.420952 -0.215526 
0.420952 -0.215526 0.298703 -0.350381 
0.298703 -0.350381 -0.289476 -0.187348 
-0.289476 -0.187348 0.00531259 -0.133694 
0.0304555 0.118589 -0.0674769 0.313808 
-0.0674769 0.313808 -0.255119 0.192602 
0.456528 0.0987647 0.444846 0.350533 
0.444846 0.350533 0.358038 0.190198 
-0.0674769 0.313808 0.444846 0.350533 
0.0304555 0.118589 0.456528 0.0987647 
-0.255119 0.192602 0.358038 0.190198 
-0.141958 -0.160499 -0.208981 -0.172697 
-0.208981 -0.172697 -0.184373 0.0920379 
-0.184373 0.0920379 -0.118907 0.0820054 
-0.118907 0.0820054 -0.141958 -0.160499 
-0.0265631 -0.0378743 -0.0744935 -0.0387226 
-0.0744935 -0.0387226 -0.0636241 0.0735333 
-0.0636241 0.0735333 -0.0163195 0.066284 
-0.0163195 0.066284 -0.0265631 -0.0378743 
