-0.00103297 -0.237437 -0.0363967 0.460266 
-0.247269 -0.0547058 -0.28084 0.306014 
0.183181 0.00856377 0.178556 0.299309 
0.615489 -0.0787591 0.644749 0.397069 
-0.00103297 -0.237437 -0.247269 -0.0547058 
-0.247269 -0.0547058 0.183181 0.00856377 
0.183181 0.00856377 0.615489 -0.0787591 
0.615489 -0.0787591 -0.00103297 -0.237437 
-0.0363967 0.460266 0.379172 0.777896 
0.379172 0.777896 0.644749 0.397069 
-0.28084 0.306014 -0.034677 0.4914 
-0.034677 0.4914 0.178556 0.299309 
0.379172 0.777896 -0.034677 0.4914 
-0.0363967 0.460266 -0.28084 0.306014 
0.644749 0.397069 0.178556 0.299309 
0.421411 -0.12871 0.524884 -0.102079 
0.524884 -0.102079 0.542265 0.280693 
0.542265 0.280693 0.43243 0.281281 
0.43243 0.281281 0.421411 -0.12871 
0.158467 0.0337523 0.303243 0.0527442 
0.303243 0.0527442 0.304455 0.281967 
0.304455 0.281967 0.15344 0.282775 
0.15344 0.282775 0.158467 0.0337523 
