0.257432 -0.0281646 0.272614 0.352155 
-0.236339 -0.173073 -0.274549 0.44515 
-0.517877 -0.0320429 -0.561227 0.338304 
-0.0894455 0.0338596 -0.0975019 0.303348 
0.257432 -0.0281646 -0.236339 -0.173073 
-0.236339 -0.173073 -0.517877 -0.0320429 
-0.517877 -0.0320429 -0.0894455 0.0338596 
-0.0894455 0.0338596 0.257432 -0.0281646 
0.272614 0.352155 0.0546867 0.510438 
0.0546867 0.510438 -0.0975019 0.303348 
-0.274549 0.44515 -0.483525 0.66533 
-0.483525 0.66533 -0.561227 0.338304 
0.0546867 0.510438 -0.483525 0.66533 
0.272614 0.352155 -0.274549 0.44515 
-0.0975019 0.303348 -0.561227 0.338304 
0.0225414 0.0138356 -0.0368348 0.0244525 
-0.0368348 0.0244525 -0.0410535 0.241705 
-0.0410535 0.241705 0.0207953 0.245213 
0.0207953 0.245213 0.0225414 0.0138356 
0.170387 0.117409 0.0908044 0.122489 
0.0908044 0.122489 0.0915672 0.249227 
0.0915672 0.249227 0.173343 0.253864 
0.173343 0.253864 0.170387 0.117409 
