-0.551184 -0.293321 -0.517902 0.325007 
-0.251836 -0.119457 -0.227915 0.197787 
0.236526 -0.171806 0.273111 0.154329 
0.401613 -0.40827 0.484379 0.244737 
-0.551184 -0.293321 -0.251836 -0.119457 
-0.251836 -0.119457 0.236526 -0.171806 
0.236526 -0.171806 0.401613 -0.40827 
0.401613 -0.40827 -0.551184 -0.293321 
-0.517902 0.325007 0.000152841 0.654148 
0.000152841 0.654148 0.484379 0.244737 
-0.227915 0.197787 0.03544 0.356058 
0.03544 0.356058 0.273111 0.154329 
0.000152841 0.654148 0.03544 0.356058 
-0.517902 0.325007 -0.227915 0.197787 
0.484379 0.244737 0.273111 0.154329 
0.00661037 -0.360616 0.201684 -0.38415 
0.201684 -0.38415 0.256373 0.10704 
0.256373 0.10704 0.0534298 0.125256 
0.0534298 0.125256 0.00661037 -0.360616 
-0.353866 -0.0816307 -0.164476 -0.101604 
-0.164476 -0.101604 -0.144467 0.14302 
-0.144467 0.14302 -0.337503 0.160347 
-0.337503 0.160347 -0.353866 -0.0816307 
