0 0 0 1 -0.30786 -0.157302 
0 0 6.5 1 -0.340649 0.121587 
10 0 0 1 0.0900212 -0.0985877 
10 0 6.5 1 0.0683214 0.151163 
10 10 0 1 0.313845 -0.183133 
10 10 6.5 1 0.285979 0.212855 
0 10 0 1 -0.315391 -0.299729 
0 10 6.5 1 -0.372078 0.174882 
0 5 10 1 -0.375511 0.338285 
10 5 10 1 0.138413 0.345846 
0 6 0 1 -0.311396 -0.224168 
0 8 0 1 -0.31315 -0.257338 
0 8 5 1 -0.35093 0.0604675 
0 6 5 1 -0.344939 0.0590389 
0 2 2.5 1 -0.322407 -0.0603456 
0 4 2.5 1 -0.324921 -0.0710386 
0 4 5 1 -0.340147 0.057896 
0 2 5 1 -0.336227 0.0569609 
0.5 0.5 -0.5 1 -0.283027 -0.179512 
0.5 0.5 6 1 -0.315721 0.102635 
10.5 0.5 -0.5 1 0.116837 -0.117719 
10.5 0.5 6 1 0.0953918 0.134645 
10.5 10.5 -0.5 1 0.360619 -0.215105 
10.5 10.5 6 1 0.333659 0.187489 
0.5 10.5 -0.5 1 -0.273079 -0.340919 
0.5 10.5 6 1 -0.329503 0.1432 
0.5 5.5 9.5 1 -0.343998 0.317611 
10.5 5.5 9.5 1 0.173262 0.328118 
0.5 6.5 -0.5 1 -0.278379 -0.254921 
0.5 8.5 -0.5 1 -0.276059 -0.292569 
0.5 8.5 4.5 1 -0.313677 0.0307587 
0.5 6.5 4.5 1 -0.311793 0.0326649 
0.5 2.5 2 1 -0.295292 -0.0833851 
0.5 4.5 2 1 -0.295118 -0.0965662 
0.5 4.5 4.5 1 -0.310293 0.0341838 
0.5 2.5 4.5 1 -0.309069 0.0354224 
