0.255833 -0.223167 0.297263 0.151226 
-0.341891 -0.301521 -0.330633 0.205963 
-0.407126 -0.107438 -0.403491 0.194641 
0.00155335 -0.0884449 0.0193769 0.160903 
0.255833 -0.223167 -0.341891 -0.301521 
-0.341891 -0.301521 -0.407126 -0.107438 
-0.407126 -0.107438 0.00155335 -0.0884449 
0.00155335 -0.0884449 0.255833 -0.223167 
0.297263 0.151226 0.144131 0.329415 
0.144131 0.329415 0.0193769 0.160903 
-0.330633 0.205963 -0.373295 0.420786 
-0.373295 0.420786 -0.403491 0.194641 
0.144131 0.329415 -0.373295 0.420786 
0.297263 0.151226 -0.330633 0.205963 
0.0193769 0.160903 -0.403491 0.194641 
0.079666 -0.12983 0.0378059 -0.107652 
0.0378059 -0.107652 0.0534853 0.096051 
0.0534853 0.096051 0.0979409 0.0894209 
0.0979409 0.0894209 0.079666 -0.12983 
0.199035 -0.0594145 0.139142 -0.0390778 
0.139142 -0.0390778 0.150109 0.0816406 
0.150109 0.0816406 0.212188 0.0723822 
0.212188 0.0723822 0.199035 -0.0594145 
