-0.253529 -0.032655 -0.281955 0.237844 
0.140716 0.00208854 0.129204 0.259385 
0.316426 -0.0829387 0.308757 0.335415 
-0.323384 -0.148457 -0.376924 0.305974 
-0.253529 -0.032655 0.140716 0.00208854 
0.140716 0.00208854 0.316426 -0.0829387 
0.316426 -0.0829387 -0.323384 -0.148457 
-0.323384 -0.148457 -0.253529 -0.032655 
-0.281955 0.237844 -0.338701 0.460628 
-0.338701 0.460628 -0.376924 0.305974 
0.129204 0.259385 0.190622 0.472832 
0.190622 0.472832 0.308757 0.335415 
-0.338701 0.460628 0.190622 0.472832 
-0.281955 0.237844 0.129204 0.259385 
-0.376924 0.305974 0.308757 0.335415 
-0.286652 -0.0875654 -0.302867 -0.114445 
-0.302867 -0.114445 -0.337462 0.188935 
-0.337462 0.188935 -0.316792 0.183798 
-0.316792 0.183798 -0.286652 -0.0875654 
-0.274412 0.0623654 -0.286608 0.0546772 
-0.286608 0.0546772 -0.300193 0.179673 
-0.300193 0.179673 -0.28657 0.176288 
-0.28657 0.176288 -0.274412 0.0623654 
