0.261124 -0.405614 0.229789 -0.0886295 
0.72325 -0.608501 0.62888 -0.0226499 
-0.203699 -0.828721 -0.226745 -0.0522728 
-0.240113 -0.478119 -0.249599 -0.11259 
0.261124 -0.405614 0.72325 -0.608501 
0.72325 -0.608501 -0.203699 -0.828721 
-0.203699 -0.828721 -0.240113 -0.478119 
-0.240113 -0.478119 0.261124 -0.405614 
0.229789 -0.0886295 -0.00507098 0.069589 
-0.00507098 0.069589 -0.249599 -0.11259 
0.62888 -0.0226499 0.222365 0.275114 
0.222365 0.275114 -0.226745 -0.0522728 
-0.00507098 0.069589 0.222365 0.275114 
0.229789 -0.0886295 0.62888 -0.0226499 
-0.249599 -0.11259 -0.226745 -0.0522728 
-0.0227059 -0.446671 -0.128265 -0.46194 
-0.128265 -0.46194 -0.139884 -0.18587 
-0.139884 -0.18587 -0.0380864 -0.178653 
-0.0380864 -0.178653 -0.0227059 -0.446671 
0.160496 -0.289588 0.0675364 -0.299532 
0.0675364 -0.299532 0.0583525 -0.171816 
0.0583525 -0.171816 0.149845 -0.16533 
0.149845 -0.16533 0.160496 -0.289588 
