0.268372 -0.272287 0.312738 0.118973 
-0.371009 -0.280252 -0.33442 0.202485 
-0.349359 -0.128233 -0.327744 0.154731 
0.0550295 -0.141121 0.0799314 0.107742 
0.268372 -0.272287 -0.371009 -0.280252 
-0.371009 -0.280252 -0.349359 -0.128233 
-0.349359 -0.128233 0.0550295 -0.141121 
0.0550295 -0.141121 0.268372 -0.272287 
0.312738 0.118973 0.187729 0.280435 
0.187729 0.280435 0.0799314 0.107742 
-0.33442 0.202485 -0.315089 0.370641 
-0.315089 0.370641 -0.327744 0.154731 
0.187729 0.280435 -0.315089 0.370641 
0.312738 0.118973 -0.33442 0.202485 
0.0799314 0.107742 -0.327744 0.154731 
0.118586 -0.180196 0.0843159 -0.159127 
0.0843159 -0.159127 0.105274 0.0465893 
0.105274 0.0465893 0.141798 0.0429752 
0.141798 0.0429752 0.118586 -0.180196 
0.222821 -0.101956 0.172128 -0.0841179 
0.172128 -0.0841179 0.185212 0.0386793 
0.185212 0.0386793 0.237668 0.0334886 
0.237668 0.0334886 0.222821 -0.101956 
