0.379546 -0.686462 0.353637 -0.160083 
-0.347143 -0.604906 -0.311442 -0.152993 
-0.124503 -0.445057 -0.113397 -0.171849 
0.307109 -0.476434 0.295772 -0.177673 
0.379546 -0.686462 -0.347143 -0.604906 
-0.347143 -0.604906 -0.124503 -0.445057 
-0.124503 -0.445057 0.307109 -0.476434 
0.307109 -0.476434 0.379546 -0.686462 
0.353637 -0.160083 0.309458 0.0133006 
0.309458 0.0133006 0.295772 -0.177673 
-0.311442 -0.152993 -0.180142 0.00195117 
-0.180142 0.00195117 -0.113397 -0.171849 
0.309458 0.0133006 -0.180142 0.00195117 
0.353637 -0.160083 -0.311442 -0.152993 
0.295772 -0.177673 -0.113397 -0.171849 
0.326945 -0.533948 0.316083 -0.502455 
0.316083 -0.502455 0.306038 -0.247407 
0.306038 -0.247407 0.315346 -0.251848 
0.315346 -0.251848 0.326945 -0.533948 
0.348867 -0.437217 0.333341 -0.410487 
0.333341 -0.410487 0.326718 -0.257275 
0.326718 -0.257275 0.340927 -0.264055 
0.340927 -0.264055 0.348867 -0.437217 
