0 0 0 1 0.258044 -0.0750559 
0 0 6.5 1 0.284629 0.303166 
10 0 0 1 -0.279126 -0.202309 
10 0 6.5 1 -0.301934 0.375357 
10 10 0 1 -0.47996 -0.0380164 
10 10 6.5 1 -0.507051 0.306927 
0 10 0 1 -0.0581441 0.0121992 
0 10 6.5 1 -0.0565266 0.274605 
0 5 10 1 0.0876813 0.469505 
10 5 10 1 -0.448998 0.59755 
0 6 0 1 0.0422193 -0.015497 
0 8 0 1 -0.0111935 -0.000757234 
0 8 5 1 -0.00789358 0.211528 
0 6 5 1 0.048181 0.211391 
0 2 2.5 1 0.181431 0.0761109 
0 4 2.5 1 0.108126 0.0865013 
0 4 5 1 0.112949 0.211234 
0 2 5 1 0.188603 0.21105 
0.5 0.5 -0.5 1 0.216089 -0.0997928 
0.5 0.5 6 1 0.239204 0.272394 
10.5 0.5 -0.5 1 -0.333783 -0.237441 
10.5 0.5 6 1 -0.36265 0.326178 
10.5 10.5 -0.5 1 -0.511345 -0.0609268 
10.5 10.5 6 1 -0.54032 0.279005 
0.5 10.5 -0.5 1 -0.0852369 -0.0057336 
0.5 10.5 6 1 -0.0850353 0.253768 
0.5 5.5 9.5 1 0.0513324 0.44211 
10.5 5.5 9.5 1 -0.493897 0.556668 
0.5 6.5 -0.5 1 0.0106115 -0.0356527 
0.5 8.5 -0.5 1 -0.040375 -0.0197373 
0.5 8.5 4.5 1 -0.038327 0.190066 
0.5 6.5 4.5 1 0.0151 0.1884 
0.5 2.5 2 1 0.142545 0.0512865 
0.5 4.5 2 1 0.0728108 0.0634457 
0.5 4.5 4.5 1 0.0767346 0.186478 
0.5 2.5 4.5 1 0.148625 0.184236 
