0.25779 -0.0912938 0.286569 0.285744 
-0.287185 -0.215216 -0.306241 0.352448 
-0.47126 -0.0448869 -0.49464 0.294263 
-0.0512362 0.00239047 -0.0475322 0.262922 
0.25779 -0.0912938 -0.287185 -0.215216 
-0.287185 -0.215216 -0.47126 -0.0448869 
-0.47126 -0.0448869 -0.0512362 0.00239047 
-0.0512362 0.00239047 0.25779 -0.0912938 
0.286569 0.285744 0.0946637 0.454162 
0.0946637 0.454162 -0.0475322 0.262922 
-0.306241 0.352448 -0.440225 0.575614 
-0.440225 0.575614 -0.49464 0.294263 
0.0946637 0.454162 -0.440225 0.575614 
0.286569 0.285744 -0.306241 0.352448 
-0.0475322 0.262922 -0.49464 0.294263 
0.0465086 -0.0272418 -0.00555041 -0.0114596 
-0.00555041 -0.0114596 -0.000644834 0.199486 
-0.000644834 0.199486 0.0540924 0.198369 
0.0540924 0.198369 0.0465086 -0.0272418 
0.183563 0.0612101 0.111774 0.0729972 
0.111774 0.0729972 0.117433 0.197078 
0.117433 0.197078 0.191578 0.195566 
0.191578 0.195566 0.183563 0.0612101 
