0.27853 -0.236713 0.250926 0.112354 
0.0842059 -0.555789 0.0215781 0.115408 
-0.575199 -0.421923 -0.636985 0.0362002 
-0.162715 -0.216103 -0.192779 0.0649868 
0.27853 -0.236713 0.0842059 -0.555789 
0.0842059 -0.555789 -0.575199 -0.421923 
-0.575199 -0.421923 -0.162715 -0.216103 
-0.162715 -0.216103 0.27853 -0.236713 
0.250926 0.112354 -0.0113363 0.258935 
-0.0113363 0.258935 -0.192779 0.0649868 
0.0215781 0.115408 -0.407719 0.37753 
-0.407719 0.37753 -0.636985 0.0362002 
-0.0113363 0.258935 -0.407719 0.37753 
0.250926 0.112354 0.0215781 0.115408 
-0.192779 0.0649868 -0.636985 0.0362002 
-0.00828626 -0.223317 -0.0885903 -0.219566 
-0.0885903 -0.219566 -0.111503 0.00446126 
-0.111503 0.00446126 -0.0309789 0.0101304 
-0.0309789 0.0101304 -0.00828626 -0.223317 
0.163399 -0.105423 0.0679161 -0.106481 
0.0679161 -0.106481 0.0566578 0.0163004 
0.0566578 0.0163004 0.152393 0.0230405 
0.152393 0.0230405 0.163399 -0.105423 
