-0.712227 -0.512868 -0.630441 0.0170452 
-0.240643 -0.352802 -0.208569 -0.0503243 
0.234645 -0.444341 0.254355 -0.0802696 
0.0818795 -0.770154 0.133179 -0.0169808 
-0.712227 -0.512868 -0.240643 -0.352802 
-0.240643 -0.352802 0.234645 -0.444341 
0.234645 -0.444341 0.0818795 -0.770154 
0.0818795 -0.770154 -0.712227 -0.512868 
-0.630441 0.0170452 -0.274349 0.305227 
-0.274349 0.305227 0.133179 -0.0169808 
-0.208569 -0.0503243 0.0164948 0.104389 
0.0164948 0.104389 0.254355 -0.0802696 
-0.274349 0.305227 0.0164948 0.104389 
-0.630441 0.0170452 -0.208569 -0.0503243 
0.133179 -0.0169808 0.254355 -0.0802696 
-0.303721 -0.645222 -0.125726 -0.702891 
-0.125726 -0.702891 -0.0767053 -0.15947 
-0.0767053 -0.15947 -0.248619 -0.141552 
-0.248619 -0.141552 -0.303721 -0.645222 
-0.561321 -0.326569 -0.427647 -0.35462 
-0.427647 -0.35462 -0.398777 -0.125902 
-0.398777 -0.125902 -0.531062 -0.112115 
-0.531062 -0.112115 -0.561321 -0.326569 
