0.0214979 -0.197312 0.0469468 0.057425 
0.444418 -0.292854 0.475934 0.0344203 
0.278083 -0.448965 0.332966 0.11361 
-0.294662 -0.255933 -0.255952 0.121764 
0.0214979 -0.197312 0.444418 -0.292854 
0.444418 -0.292854 0.278083 -0.448965 
0.278083 -0.448965 -0.294662 -0.255933 
-0.294662 -0.255933 0.0214979 -0.197312 
0.0469468 0.057425 -0.0586189 0.246543 
-0.0586189 0.246543 -0.255952 0.121764 
0.475934 0.0344203 0.444756 0.285212 
0.444756 0.285212 0.332966 0.11361 
-0.0586189 0.246543 0.444756 0.285212 
0.0469468 0.057425 0.475934 0.0344203 
-0.255952 0.121764 0.332966 0.11361 
-0.137457 -0.226785 -0.209129 -0.240074 
-0.209129 -0.240074 -0.182141 0.0250592 
-0.182141 0.0250592 -0.112797 0.0168819 
-0.112797 0.0168819 -0.137457 -0.226785 
-0.0135743 -0.10082 -0.0651679 -0.102674 
-0.0651679 -0.102674 -0.0538283 0.00992815 
-0.0538283 0.00992815 -0.00306914 0.00394243 
-0.00306914 0.00394243 -0.0135743 -0.10082 
