0 0 0 1 -0.414602 -0.413965 
0 0 6.5 1 -0.432825 -0.0886621 
10 0 0 1 0.0130527 -0.315109 
10 0 6.5 1 -0.0103463 -0.0563731 
10 10 0 1 0.323762 -0.408933 
10 10 6.5 1 0.278941 -0.0166915 
0 10 0 1 -0.287496 -0.623973 
0 10 6.5 1 -0.324437 -0.0553283 
0 5 10 1 -0.405538 0.13551 
10 5 10 1 0.0889997 0.121064 
0 6 0 1 -0.355988 -0.510809 
0 8 0 1 -0.326223 -0.559987 
0 8 5 1 -0.350129 -0.176082 
0 6 5 1 -0.37641 -0.171453 
0 2 2.5 1 -0.406693 -0.300955 
0 4 2.5 1 -0.388582 -0.317961 
0 4 5 1 -0.397371 -0.167761 
0 2 5 1 -0.414477 -0.164748 
0.5 0.5 -0.5 1 -0.382376 -0.439717 
0.5 0.5 6 1 -0.401628 -0.110288 
10.5 0.5 -0.5 1 0.0424097 -0.334742 
10.5 0.5 6 1 0.0182031 -0.0733977 
10.5 10.5 -0.5 1 0.372737 -0.440172 
10.5 10.5 6 1 0.325806 -0.04191 
0.5 10.5 -0.5 1 -0.22809 -0.673537 
0.5 10.5 6 1 -0.26838 -0.0921883 
0.5 5.5 9.5 1 -0.366301 0.111532 
10.5 5.5 9.5 1 0.123909 0.102638 
0.5 6.5 -0.5 1 -0.311544 -0.547063 
0.5 8.5 -0.5 1 -0.275368 -0.601886 
0.5 8.5 4.5 1 -0.301208 -0.210482 
0.5 6.5 4.5 1 -0.333457 -0.201856 
0.5 2.5 2 1 -0.3717 -0.327508 
0.5 4.5 2 1 -0.34972 -0.347491 
0.5 4.5 4.5 1 -0.359092 -0.194999 
0.5 2.5 4.5 1 -0.379959 -0.189417 
