0 0 0 1 -0.189286 -0.0134013 
0 0 6.5 1 -0.205584 0.247619 
10 0 0 1 0.201786 -0.00438673 
10 0 6.5 1 0.205572 0.258204 
10 10 0 1 0.324317 -0.129774 
10 10 6.5 1 0.341277 0.30029 
0 10 0 1 -0.310385 -0.14357 
0 10 6.5 1 -0.348078 0.282271 
0 5 10 1 -0.272743 0.452691 
10 5 10 1 0.260835 0.467565 
0 6 0 1 -0.247489 -0.0759637 
0 8 0 1 -0.275463 -0.106033 
0 8 5 1 -0.298574 0.179803 
0 6 5 1 -0.26675 0.181521 
0 2 2.5 1 -0.212394 0.0744058 
0 4 2.5 1 -0.232578 0.0631333 
0 4 5 1 -0.240951 0.182914 
0 2 5 1 -0.219615 0.184066 
0.5 0.5 -0.5 1 -0.172085 -0.0364252 
0.5 0.5 6 1 -0.187758 0.227746 
10.5 0.5 -0.5 1 0.225279 -0.0273614 
10.5 0.5 6 1 0.23036 0.238423 
10.5 10.5 -0.5 1 0.366077 -0.170757 
10.5 10.5 6 1 0.387237 0.26789 
0.5 10.5 -0.5 1 -0.285368 -0.184639 
0.5 10.5 6 1 -0.321915 0.249598 
0.5 5.5 9.5 1 -0.250967 0.431244 
10.5 5.5 9.5 1 0.294396 0.446322 
0.5 6.5 -0.5 1 -0.226252 -0.107294 
0.5 8.5 -0.5 1 -0.25247 -0.141596 
0.5 8.5 4.5 1 -0.274796 0.149118 
0.5 6.5 4.5 1 -0.24482 0.154152 
0.5 2.5 2 1 -0.193754 0.0504523 
0.5 4.5 2 1 -0.212567 0.0367043 
0.5 4.5 4.5 1 -0.220631 0.158214 
0.5 2.5 4.5 1 -0.200702 0.161561 
