0.269716 -0.273903 0.313865 0.118741 
-0.371946 -0.277541 -0.333956 0.203608 
-0.345324 -0.129506 -0.322847 0.152403 
0.058876 -0.144146 0.0839652 0.104879 
0.269716 -0.273903 -0.371946 -0.277541 
-0.371946 -0.277541 -0.345324 -0.129506 
-0.345324 -0.129506 0.058876 -0.144146 
0.058876 -0.144146 0.269716 -0.273903 
0.313865 0.118741 0.190518 0.278373 
0.190518 0.278373 0.0839652 0.104879 
-0.333956 0.203608 -0.311287 0.368156 
-0.311287 0.368156 -0.322847 0.152403 
0.190518 0.278373 -0.311287 0.368156 
0.313865 0.118741 -0.333956 0.203608 
0.0839652 0.104879 -0.322847 0.152403 
0.121562 -0.182725 0.0877486 -0.161915 
0.0877486 -0.161915 0.108832 0.044099 
0.108832 0.044099 0.144864 0.0408804 
0.144864 0.0408804 0.121562 -0.182725 
0.224745 -0.103347 0.174633 -0.0859614 
0.174633 -0.0859614 0.187725 0.0370518 
0.187725 0.0370518 0.23956 0.0324217 
0.23956 0.0324217 0.224745 -0.103347 
