0.272485 -0.277409 0.316023 0.117999 
-0.37352 -0.27289 -0.33289 0.204965 
-0.337213 -0.132682 -0.313156 0.147158 
0.0666404 -0.15056 0.091984 0.0988302 
0.272485 -0.277409 -0.37352 -0.27289 
-0.37352 -0.27289 -0.337213 -0.132682 
-0.337213 -0.132682 0.0666404 -0.15056 
0.0666404 -0.15056 0.272485 -0.277409 
0.316023 0.117999 0.195968 0.273936 
0.195968 0.273936 0.091984 0.0988302 
-0.33289 0.204965 -0.303802 0.362518 
-0.303802 0.362518 -0.313156 0.147158 
0.195968 0.273936 -0.303802 0.362518 
0.316023 0.117999 -0.33289 0.204965 
0.091984 0.0988302 -0.313156 0.147158 
0.127604 -0.188128 0.0946946 -0.167848 
0.0946946 -0.167848 0.115932 0.0387926 
0.115932 0.0387926 0.150981 0.0363724 
0.150981 0.0363724 0.127604 -0.188128 
0.228623 -0.106422 0.179679 -0.0899621 
0.179679 -0.0899621 0.192733 0.0334892 
0.192733 0.0334892 0.243314 0.0299963 
0.243314 0.0299963 0.228623 -0.106422 
