0.391831 -0.485547 0.324265 0.0798303 
-0.253568 -0.415976 -0.268606 -0.0204009 
0.0415978 -0.303945 0.0215806 -0.0435448 
0.483837 -0.314912 0.44033 0.00960043 
0.391831 -0.485547 -0.253568 -0.415976 
-0.253568 -0.415976 0.0415978 -0.303945 
0.0415978 -0.303945 0.483837 -0.314912 
0.483837 -0.314912 0.391831 -0.485547 
0.324265 0.0798303 0.371103 0.239987 
0.371103 0.239987 0.44033 0.00960043 
-0.268606 -0.0204009 -0.104358 0.124513 
-0.104358 0.124513 0.0215806 -0.0435448 
0.371103 0.239987 -0.104358 0.124513 
0.324265 0.0798303 -0.268606 -0.0204009 
0.44033 0.00960043 0.0215806 -0.0435448 
0.45855 -0.36181 0.472388 -0.336146 
0.472388 -0.336146 0.435922 -0.0603597 
0.435922 -0.0603597 0.418973 -0.0573815 
0.418973 -0.0573815 0.45855 -0.36181 
0.395533 -0.236478 0.419387 -0.219811 
0.419387 -0.219811 0.398248 -0.0537399 
0.398248 -0.0537399 0.372329 -0.0491855 
0.372329 -0.0491855 0.395533 -0.236478 
