0.234686 -0.396547 0.210746 -0.0869145 
0.715909 -0.54878 0.630912 -0.00602031 
-0.111739 -0.748147 -0.124278 0.0222079 
-0.254468 -0.460182 -0.251717 -0.0879049 
0.234686 -0.396547 0.715909 -0.54878 
0.715909 -0.54878 -0.111739 -0.748147 
-0.111739 -0.748147 -0.254468 -0.460182 
-0.254468 -0.460182 0.234686 -0.396547 
0.210746 -0.0869145 -0.00692067 0.0788412 
-0.00692067 0.0788412 -0.251717 -0.0879049 
0.630912 -0.00602031 0.284367 0.295837 
0.284367 0.295837 -0.124278 0.0222079 
-0.00692067 0.0788412 0.284367 0.295837 
0.210746 -0.0869145 0.630912 -0.00602031 
-0.251717 -0.0879049 -0.124278 0.0222079 
-0.0368551 -0.431872 -0.141435 -0.445477 
-0.141435 -0.445477 -0.14479 -0.166285 
-0.14479 -0.166285 -0.0449308 -0.163267 
-0.0449308 -0.163267 -0.0368551 -0.431872 
0.142484 -0.279913 0.0539789 -0.286896 
0.0539789 -0.286896 0.0480508 -0.160457 
0.0480508 -0.160457 0.134841 -0.157835 
0.134841 -0.157835 0.142484 -0.279913 
