0 0 0 1 0.3853 -0.680799 
0 0 6.5 1 0.355204 -0.150486 
10 0 0 1 -0.340083 -0.59871 
10 0 6.5 1 -0.307509 -0.149679 
10 10 0 1 -0.112277 -0.442802 
10 10 6.5 1 -0.103389 -0.170072 
0 10 0 1 0.320559 -0.473234 
0 10 6.5 1 0.306415 -0.172515 
0 5 10 1 0.31511 0.0210087 
10 5 10 1 -0.173938 0.00363742 
0 6 0 1 0.338264 -0.529999 
0 8 0 1 0.328567 -0.498909 
0 8 5 1 0.31617 -0.242099 
0 6 5 1 0.324127 -0.245905 
0 2 2.5 1 0.355396 -0.430725 
0 4 2.5 1 0.341807 -0.404796 
0 4 5 1 0.333852 -0.250556 
0 2 5 1 0.346008 -0.25637 
0.5 0.5 -0.5 1 0.341048 -0.701755 
0.5 0.5 6 1 0.316 -0.187934 
10.5 0.5 -0.5 1 -0.354221 -0.619227 
10.5 0.5 6 1 -0.321517 -0.182036 
10.5 10.5 -0.5 1 -0.125475 -0.458478 
10.5 10.5 6 1 -0.116103 -0.190134 
0.5 10.5 -0.5 1 0.296568 -0.48981 
0.5 10.5 6 1 0.284014 -0.194422 
0.5 5.5 9.5 1 0.287828 -0.0103002 
10.5 5.5 9.5 1 -0.187443 -0.024074 
0.5 6.5 -0.5 1 0.308881 -0.54848 
0.5 8.5 -0.5 1 0.302151 -0.516414 
0.5 8.5 4.5 1 0.291248 -0.264664 
0.5 6.5 4.5 1 0.296576 -0.270574 
0.5 2.5 2 1 0.319064 -0.45642 
0.5 4.5 2 1 0.3099 -0.428376 
0.5 4.5 4.5 1 0.303055 -0.277761 
0.5 2.5 4.5 1 0.311103 -0.286689 
