-0.673514 -0.568181 -0.607984 -0.103332 
-0.173924 -0.437908 -0.157949 -0.141515 
0.268091 -0.530312 0.257973 -0.135842 
-0.133405 -0.833753 -0.100273 -0.0712911 
-0.673514 -0.568181 -0.173924 -0.437908 
-0.173924 -0.437908 0.268091 -0.530312 
0.268091 -0.530312 -0.133405 -0.833753 
-0.133405 -0.833753 -0.673514 -0.568181 
-0.607984 -0.103332 -0.382803 0.174597 
-0.382803 0.174597 -0.100273 -0.0712911 
-0.157949 -0.141515 0.0254072 0.026685 
0.0254072 0.026685 0.257973 -0.135842 
-0.382803 0.174597 0.0254072 0.026685 
-0.607984 -0.103332 -0.157949 -0.141515 
-0.100273 -0.0712911 0.257973 -0.135842 
-0.416353 -0.694627 -0.291165 -0.756182 
-0.291165 -0.756182 -0.253228 -0.222026 
-0.253228 -0.222026 -0.371652 -0.216141 
-0.371652 -0.216141 -0.416353 -0.694627 
-0.576287 -0.398016 -0.492899 -0.419424 
-0.492899 -0.419424 -0.469589 -0.211274 
-0.469589 -0.211274 -0.551933 -0.207182 
-0.551933 -0.207182 -0.576287 -0.398016 
