-0.403257 -0.401899 -0.423921 -0.081947 
0.0207301 -0.304622 -0.00335619 -0.0474856 
0.32449 -0.401154 0.28006 -0.00957723 
-0.288921 -0.612065 -0.328724 -0.0534913 
-0.403257 -0.401899 0.0207301 -0.304622 
0.0207301 -0.304622 0.32449 -0.401154 
0.32449 -0.401154 -0.288921 -0.612065 
-0.288921 -0.612065 -0.403257 -0.401899 
-0.423921 -0.081947 -0.403022 0.138554 
-0.403022 0.138554 -0.328724 -0.0534913 
-0.00335619 -0.0474856 0.0929941 0.129429 
0.0929941 0.129429 0.28006 -0.00957723 
-0.403022 0.138554 0.0929941 0.129429 
-0.423921 -0.081947 -0.00335619 -0.0474856 
-0.328724 -0.0534913 0.28006 -0.00957723 
-0.350474 -0.498922 -0.323708 -0.548121 
-0.323708 -0.548121 -0.349794 -0.171413 
-0.349794 -0.171413 -0.373025 -0.165773 
-0.373025 -0.165773 -0.350474 -0.498922 
-0.397892 -0.291655 -0.381727 -0.309079 
-0.381727 -0.309079 -0.391548 -0.161276 
-0.391548 -0.161276 -0.406663 -0.157607 
-0.406663 -0.157607 -0.397892 -0.291655 
