0.0966498 -0.409088 0.111261 -0.127953 
0.565918 -0.560172 0.560799 -0.147817 
0.177809 -0.801041 0.204971 -0.0992314 
-0.306681 -0.483283 -0.265054 -0.0922205 
0.0966498 -0.409088 0.565918 -0.560172 
0.565918 -0.560172 0.177809 -0.801041 
0.177809 -0.801041 -0.306681 -0.483283 
-0.306681 -0.483283 0.0966498 -0.409088 
0.111261 -0.127953 -0.0347674 0.0513419 
-0.0347674 0.0513419 -0.265054 -0.0922205 
0.560799 -0.147817 0.42815 0.1215 
0.42815 0.1215 0.204971 -0.0992314 
-0.0347674 0.0513419 0.42815 0.1215 
0.111261 -0.127953 0.560799 -0.147817 
-0.265054 -0.0922205 0.204971 -0.0992314 
-0.112101 -0.447489 -0.202215 -0.464066 
-0.202215 -0.464066 -0.176125 -0.18184 
-0.176125 -0.18184 -0.0909856 -0.184549 
-0.0909856 -0.184549 -0.112101 -0.447489 
0.0425594 -0.30281 -0.0248495 -0.307867 
-0.0248495 -0.307867 -0.0164218 -0.186922 
-0.0164218 -0.186922 0.0494219 -0.189017 
0.0494219 -0.189017 0.0425594 -0.30281 
