0 0 0 1 -0.0789652 -0.0357487 
0 0 6.5 1 -0.0677158 0.215638 
10 0 0 1 0.316535 -0.0824751 
10 0 6.5 1 0.347718 0.197383 
10 10 0 1 0.325288 -0.236758 
10 10 6.5 1 0.379747 0.233166 
0 10 0 1 -0.29333 -0.138714 
0 10 6.5 1 -0.289682 0.25612 
0 5 10 1 -0.147603 0.410092 
10 5 10 1 0.38285 0.417239 
0 6 0 1 -0.184028 -0.0862132 
0 8 0 1 -0.23317 -0.109817 
0 8 5 1 -0.227972 0.159079 
0 6 5 1 -0.177311 0.158017 
0 2 2.5 1 -0.104515 0.0514732 
0 4 2.5 1 -0.13937 0.0432315 
0 4 5 1 -0.135469 0.157141 
0 2 5 1 -0.100327 0.156404 
0.5 0.5 -0.5 1 -0.0687474 -0.0601924 
0.5 0.5 6 1 -0.056821 0.195524 
10.5 0.5 -0.5 1 0.337045 -0.110904 
10.5 0.5 6 1 0.369963 0.174318 
10.5 10.5 -0.5 1 0.360406 -0.290965 
10.5 10.5 6 1 0.420123 0.194212 
0.5 10.5 -0.5 1 -0.284137 -0.180635 
0.5 10.5 6 1 -0.279727 0.224962 
0.5 5.5 9.5 1 -0.135913 0.389787 
10.5 5.5 9.5 1 0.413267 0.393819 
0.5 6.5 -0.5 1 -0.17369 -0.118875 
0.5 8.5 -0.5 1 -0.223185 -0.146552 
0.5 8.5 4.5 1 -0.217364 0.128794 
0.5 6.5 4.5 1 -0.166355 0.130669 
0.5 2.5 2 1 -0.0938737 0.0266024 
0.5 4.5 2 1 -0.12865 0.0159823 
0.5 4.5 4.5 1 -0.124446 0.13221 
0.5 2.5 4.5 1 -0.0894017 0.133499 
