0.344235 -0.54262 0.27804 0.0607523 
-0.227453 -0.396926 -0.260604 -0.0194308 
0.103182 -0.261332 0.0767232 -0.00035762 
0.553094 -0.298588 0.511186 0.0535057 
0.344235 -0.54262 -0.227453 -0.396926 
-0.227453 -0.396926 0.103182 -0.261332 
0.103182 -0.261332 0.553094 -0.298588 
0.553094 -0.298588 0.344235 -0.54262 
0.27804 0.0607523 0.397814 0.289246 
0.397814 0.289246 0.511186 0.0535057 
-0.260604 -0.0194308 -0.0772215 0.154895 
-0.0772215 0.154895 0.0767232 -0.00035762 
0.397814 0.289246 -0.0772215 0.154895 
0.27804 0.0607523 -0.260604 -0.0194308 
0.511186 0.0535057 0.0767232 -0.00035762 
0.49461 -0.36692 0.52651 -0.329648 
0.52651 -0.329648 0.491575 -0.0331609 
0.491575 -0.0331609 0.456638 -0.0406893 
0.456638 -0.0406893 0.49461 -0.36692 
0.383751 -0.263709 0.434686 -0.229867 
0.434686 -0.229867 0.414048 -0.0498666 
0.414048 -0.0498666 0.360983 -0.0613012 
0.360983 -0.0613012 0.383751 -0.263709 
