-0.207952 -0.0106259 -0.228272 0.25345 
0.184113 0.00649106 0.183249 0.268069 
0.322777 -0.10504 0.332689 0.323267 
-0.315017 -0.135227 -0.35825 0.299799 
-0.207952 -0.0106259 0.184113 0.00649106 
0.184113 0.00649106 0.322777 -0.10504 
0.322777 -0.10504 -0.315017 -0.135227 
-0.315017 -0.135227 -0.207952 -0.0106259 
-0.228272 0.25345 -0.293247 0.4652 
-0.293247 0.4652 -0.35825 0.299799 
0.183249 0.268069 0.240448 0.480659 
0.240448 0.480659 0.332689 0.323267 
-0.293247 0.4652 0.240448 0.480659 
-0.228272 0.25345 0.183249 0.268069 
-0.35825 0.299799 0.332689 0.323267 
-0.259198 -0.0702663 -0.283968 -0.0990924 
-0.283968 -0.0990924 -0.310992 0.192227 
-0.310992 0.192227 -0.282122 0.191562 
-0.282122 0.191562 -0.259198 -0.0702663 
-0.230681 0.079522 -0.248668 0.0695316 
-0.248668 0.0695316 -0.258794 0.191025 
-0.258794 0.191025 -0.23955 0.190582 
-0.23955 0.190582 -0.230681 0.079522 
