0.160788 -0.407762 0.15929 -0.113481 
0.649992 -0.543412 0.607439 -0.0782814 
0.0806039 -0.734888 0.0872185 0.00767193 
-0.285329 -0.462317 -0.256441 -0.0771368 
0.160788 -0.407762 0.649992 -0.543412 
0.649992 -0.543412 0.0806039 -0.734888 
0.0806039 -0.734888 -0.285329 -0.462317 
-0.285329 -0.462317 0.160788 -0.407762 
0.15929 -0.113481 -0.0169225 0.0658867 
-0.0169225 0.0658867 -0.256441 -0.0771368 
0.607439 -0.0782814 0.389172 0.218559 
0.389172 0.218559 0.0872185 0.00767193 
-0.0169225 0.0658867 0.389172 0.218559 
0.15929 -0.113481 0.607439 -0.0782814 
-0.256441 -0.0771368 0.0872185 0.00767193 
-0.076672 -0.436801 -0.174761 -0.448796 
-0.174761 -0.448796 -0.159095 -0.16548 
-0.159095 -0.16548 -0.0665771 -0.169281 
-0.0665771 -0.169281 -0.076672 -0.436801 
0.0906199 -0.293439 0.0137886 -0.296424 
0.0137886 -0.296424 0.0165089 -0.172693 
0.0165089 -0.172693 0.0915356 -0.175775 
0.0915356 -0.175775 0.0906199 -0.293439 
