0.3853 -0.680799 0.355204 -0.150486 
-0.340083 -0.59871 -0.307509 -0.149679 
-0.112277 -0.442802 -0.103389 -0.170072 
0.320559 -0.473234 0.306415 -0.172515 
0.3853 -0.680799 -0.340083 -0.59871 
-0.340083 -0.59871 -0.112277 -0.442802 
-0.112277 -0.442802 0.320559 -0.473234 
0.320559 -0.473234 0.3853 -0.680799 
0.355204 -0.150486 0.31511 0.0210087 
0.31511 0.0210087 0.306415 -0.172515 
-0.307509 -0.149679 -0.173938 0.00363742 
-0.173938 0.00363742 -0.103389 -0.170072 
0.31511 0.0210087 -0.173938 0.00363742 
0.355204 -0.150486 -0.307509 -0.149679 
0.306415 -0.172515 -0.103389 -0.170072 
0.338264 -0.529999 0.328567 -0.498909 
0.328567 -0.498909 0.31617 -0.242099 
0.31617 -0.242099 0.324127 -0.245905 
0.324127 -0.245905 0.338264 -0.529999 
0.355396 -0.430725 0.341807 -0.404796 
0.341807 -0.404796 0.333852 -0.250556 
0.333852 -0.250556 0.346008 -0.25637 
0.346008 -0.25637 0.355396 -0.430725 
