-0.235764 -0.017596 -0.261364 0.250615 
0.157707 0.010455 0.150209 0.269819 
0.319127 -0.0829273 0.318356 0.340563 
-0.321053 -0.135034 -0.371213 0.312565 
-0.235764 -0.017596 0.157707 0.010455 
0.157707 0.010455 0.319127 -0.0829273 
0.319127 -0.0829273 -0.321053 -0.135034 
-0.321053 -0.135034 -0.235764 -0.017596 
-0.261364 0.250615 -0.322027 0.470493 
-0.322027 0.470493 -0.371213 0.312565 
0.150209 0.269819 0.209942 0.484567 
0.209942 0.484567 0.318356 0.340563 
-0.322027 0.470493 0.209942 0.484567 
-0.261364 0.250615 0.150209 0.269819 
-0.371213 0.312565 0.318356 0.340563 
-0.276348 -0.073478 -0.296121 -0.100704 
-0.296121 -0.100704 -0.328156 0.198305 
-0.328156 0.198305 -0.304015 0.194425 
-0.304015 0.194425 -0.276348 -0.073478 
-0.257595 0.0758107 -0.27219 0.0675242 
-0.27219 0.0675242 -0.284587 0.191302 
-0.284587 0.191302 -0.268616 0.188735 
-0.268616 0.188735 -0.257595 0.0758107 
