-0.518031 -0.316551 -0.494205 0.311412 
-0.252617 -0.116811 -0.232277 0.203415 
0.234893 -0.161931 0.2711 0.160236 
0.432037 -0.40899 0.518049 0.226412 
-0.518031 -0.316551 -0.252617 -0.116811 
-0.252617 -0.116811 0.234893 -0.161931 
0.234893 -0.161931 0.432037 -0.40899 
0.432037 -0.40899 -0.518031 -0.316551 
-0.494205 0.311412 0.038786 0.644308 
0.038786 0.644308 0.518049 0.226412 
-0.232277 0.203415 0.0340265 0.363536 
0.0340265 0.363536 0.2711 0.160236 
0.038786 0.644308 0.0340265 0.363536 
-0.494205 0.311412 -0.232277 0.203415 
0.518049 0.226412 0.2711 0.160236 
0.0474638 -0.371572 0.238981 -0.390206 
0.238981 -0.390206 0.294435 0.0902487 
0.294435 0.0902487 0.0933424 0.107783 
0.0933424 0.107783 0.0474638 -0.371572 
-0.317752 -0.101801 -0.124736 -0.119629 
-0.124736 -0.119629 -0.106075 0.12517 
-0.106075 0.12517 -0.303838 0.142414 
-0.303838 0.142414 -0.317752 -0.101801 
