0 0 0 1 0.278374 -0.270908 
0 0 6.5 1 0.244308 0.0501376 
10 0 0 1 0.591527 -0.507941 
10 0 6.5 1 0.519166 0.128454 
10 10 0 1 -0.407351 -0.630557 
10 10 6.5 1 -0.465306 0.0349479 
0 10 0 1 -0.220592 -0.326303 
0 10 6.5 1 -0.251036 0.00198915 
0 5 10 1 -0.0179432 0.19881 
10 5 10 1 0.0028006 0.423861 
0 6 0 1 -0.0184818 -0.303865 
0 8 0 1 -0.119109 -0.315036 
0 8 5 1 -0.143153 -0.0631353 
0 6 5 1 -0.0430944 -0.0530927 
0 2 2.5 1 0.167347 -0.157119 
0 4 2.5 1 0.0686737 -0.167546 
0 4 5 1 0.0561302 -0.0431339 
0 2 5 1 0.154531 -0.0332578 
0.5 0.5 -0.5 1 0.264091 -0.30541 
0.5 0.5 6 1 0.22923 0.0246108 
10.5 0.5 -0.5 1 0.579793 -0.591556 
10.5 0.5 6 1 0.503686 0.0810968 
10.5 10.5 -0.5 1 -0.477726 -0.725121 
10.5 10.5 6 1 -0.537689 -0.0198696 
0.5 10.5 -0.5 1 -0.249082 -0.363101 
0.5 10.5 6 1 -0.280112 -0.0254193 
0.5 5.5 9.5 1 -0.0402372 0.177173 
10.5 5.5 9.5 1 -0.0414248 0.392271 
0.5 6.5 -0.5 1 -0.0411456 -0.339725 
0.5 8.5 -0.5 1 -0.144662 -0.351362 
0.5 8.5 4.5 1 -0.169193 -0.092275 
0.5 6.5 4.5 1 -0.0662783 -0.0818318 
0.5 2.5 2 1 0.150024 -0.188547 
0.5 4.5 2 1 0.0485722 -0.199395 
0.5 4.5 4.5 1 0.0357546 -0.071478 
0.5 2.5 4.5 1 0.136917 -0.0612125 
