0 0 0 1 0.261124 -0.405614 
0 0 6.5 1 0.229789 -0.0886295 
10 0 0 1 0.72325 -0.608501 
10 0 6.5 1 0.62888 -0.0226499 
10 10 0 1 -0.203699 -0.828721 
10 10 6.5 1 -0.226745 -0.0522728 
0 10 0 1 -0.240113 -0.478119 
0 10 6.5 1 -0.249599 -0.11259 
0 5 10 1 -0.00507098 0.069589 
10 5 10 1 0.222365 0.275114 
0 6 0 1 -0.0227059 -0.446671 
0 8 0 1 -0.128265 -0.46194 
0 8 5 1 -0.139884 -0.18587 
0 6 5 1 -0.0380864 -0.178653 
0 2 2.5 1 0.160496 -0.289588 
0 4 2.5 1 0.0675364 -0.299532 
0 4 5 1 0.0583525 -0.171816 
0 2 5 1 0.149845 -0.16533 
0.5 0.5 -0.5 1 0.253976 -0.440941 
0.5 0.5 6 1 0.221948 -0.111845 
10.5 0.5 -0.5 1 0.740229 -0.689982 
10.5 0.5 6 1 0.638646 -0.0614481 
10.5 10.5 -0.5 1 -0.263915 -0.958299 
10.5 10.5 6 1 -0.281901 -0.105379 
0.5 10.5 -0.5 1 -0.268373 -0.521811 
0.5 10.5 6 1 -0.27668 -0.14011 
0.5 5.5 9.5 1 -0.0212634 0.0508637 
10.5 5.5 9.5 1 0.206325 0.252811 
0.5 6.5 -0.5 1 -0.0411467 -0.486632 
0.5 8.5 -0.5 1 -0.151346 -0.503693 
0.5 8.5 4.5 1 -0.162447 -0.215658 
0.5 6.5 4.5 1 -0.0563444 -0.207346 
0.5 2.5 2 1 0.149788 -0.321147 
0.5 4.5 2 1 0.0532039 -0.332324 
0.5 4.5 4.5 1 0.0439765 -0.199487 
0.5 2.5 4.5 1 0.138976 -0.192045 
