0.291956 -0.360366 0.256076 -0.0175091 
0.498088 -0.598474 0.406172 0.109297 
-0.557561 -0.622867 -0.546545 0.0262089 
-0.226048 -0.383815 -0.235903 -0.055294 
0.291956 -0.360366 0.498088 -0.598474 
0.498088 -0.598474 -0.557561 -0.622867 
-0.557561 -0.622867 -0.226048 -0.383815 
-0.226048 -0.383815 0.291956 -0.360366 
0.256076 -0.0175091 -0.0067026 0.130777 
-0.0067026 0.130777 -0.235903 -0.055294 
0.406172 0.109297 -0.108162 0.38029 
-0.108162 0.38029 -0.546545 0.0262089 
-0.0067026 0.130777 -0.108162 0.38029 
0.256076 -0.0175091 0.406172 0.109297 
-0.235903 -0.055294 -0.546545 0.0262089 
-0.0248355 -0.374706 -0.126402 -0.379304 
-0.126402 -0.379304 -0.137821 -0.121636 
-0.137821 -0.121636 -0.040152 -0.11482 
-0.040152 -0.11482 -0.0248355 -0.374706 
0.172276 -0.230458 0.0688408 -0.236432 
0.0688408 -0.236432 0.0593462 -0.107877 
0.0593462 -0.107877 0.160725 -0.100802 
0.160725 -0.100802 0.172276 -0.230458 
