0.258029 -0.0425316 0.278554 0.337784 
-0.256965 -0.178385 -0.288739 0.423478 
-0.501581 -0.0284777 -0.537903 0.330966 
-0.0756263 0.0296422 -0.0793724 0.296395 
0.258029 -0.0425316 -0.256965 -0.178385 
-0.256965 -0.178385 -0.501581 -0.0284777 
-0.501581 -0.0284777 -0.0756263 0.0296422 
-0.0756263 0.0296422 0.258029 -0.0425316 
0.278554 0.337784 0.0694947 0.499247 
0.0694947 0.499247 -0.0793724 0.296395 
-0.288739 0.423478 -0.469722 0.643637 
-0.469722 0.643637 -0.537903 0.330966 
0.0694947 0.499247 -0.469722 0.643637 
0.278554 0.337784 -0.288739 0.423478 
-0.0793724 0.296395 -0.537903 0.330966 
0.0312532 0.00652282 -0.0255137 0.0188022 
-0.0255137 0.0188022 -0.0263655 0.234179 
-0.0263655 0.234179 0.0329825 0.236293 
0.0329825 0.236293 0.0312532 0.00652282 
0.175512 0.105447 0.0985815 0.112608 
0.0985815 0.112608 0.101193 0.238723 
0.101193 0.238723 0.180413 0.241545 
0.180413 0.241545 0.175512 0.105447 
