0 0 0 1 -0.462985 -0.439964 
0 0 6.5 1 -0.469137 -0.0930842 
10 0 0 1 -0.0203713 -0.340688 
10 0 6.5 1 -0.0394405 -0.0757514 
10 10 0 1 0.316617 -0.418827 
10 10 6.5 1 0.272588 -0.0258543 
0 10 0 1 -0.279987 -0.635461 
0 10 6.5 1 -0.303516 -0.0304247 
0 5 10 1 -0.413469 0.148786 
10 5 10 1 0.0727752 0.104989 
0 6 0 1 -0.378734 -0.529969 
0 8 0 1 -0.335861 -0.57577 
0 8 5 1 -0.349233 -0.164746 
0 6 5 1 -0.38876 -0.166676 
0 2 2.5 1 -0.443268 -0.314231 
0 4 2.5 1 -0.416597 -0.327729 
0 4 5 1 -0.420369 -0.168219 
0 2 5 1 -0.446224 -0.169481 
0.5 0.5 -0.5 1 -0.428039 -0.467148 
0.5 0.5 6 1 -0.435724 -0.115901 
10.5 0.5 -0.5 1 0.00959252 -0.360713 
10.5 0.5 6 1 -0.0105891 -0.0932283 
10.5 10.5 -0.5 1 0.365243 -0.449695 
10.5 10.5 6 1 0.318414 -0.0510924 
0.5 10.5 -0.5 1 -0.214953 -0.686961 
0.5 10.5 6 1 -0.243567 -0.0685642 
0.5 5.5 9.5 1 -0.371798 0.123521 
10.5 5.5 9.5 1 0.10739 0.0860994 
0.5 6.5 -0.5 1 -0.330326 -0.567946 
0.5 8.5 -0.5 1 -0.280348 -0.619502 
0.5 8.5 4.5 1 -0.296655 -0.200506 
0.5 6.5 4.5 1 -0.342602 -0.19843 
0.5 2.5 2 1 -0.405481 -0.342155 
0.5 4.5 2 1 -0.3746 -0.358693 
0.5 4.5 4.5 1 -0.379243 -0.196774 
0.5 2.5 4.5 1 -0.409144 -0.195423 
