0 0 0 1 -0.637628 -0.524437 
0 0 6.5 1 -0.584663 -0.0862616 
10 0 0 1 -0.146894 -0.415058 
10 0 6.5 1 -0.137712 -0.125221 
10 10 0 1 0.278064 -0.494506 
10 10 6.5 1 0.259579 -0.101213 
0 10 0 1 -0.173617 -0.748702 
0 10 6.5 1 -0.148481 -0.020575 
0 5 10 1 -0.394497 0.191158 
10 5 10 1 0.0319725 0.0481769 
0 6 0 1 -0.419012 -0.630098 
0 8 0 1 -0.311075 -0.682266 
0 8 5 1 -0.280907 -0.174275 
0 6 5 1 -0.383027 -0.176461 
0 2 2.5 1 -0.556495 -0.360011 
0 4 2.5 1 -0.485659 -0.375262 
0 4 5 1 -0.466811 -0.178255 
0 2 5 1 -0.53679 -0.179753 
0.5 0.5 -0.5 1 -0.590857 -0.559439 
0.5 0.5 6 1 -0.541605 -0.118117 
10.5 0.5 -0.5 1 -0.115935 -0.437966 
10.5 0.5 6 1 -0.108424 -0.146737 
10.5 10.5 -0.5 1 0.320601 -0.525805 
10.5 10.5 6 1 0.299022 -0.129971 
0.5 10.5 -0.5 1 -0.0941682 -0.807986 
0.5 10.5 6 1 -0.0791853 -0.0713647 
0.5 5.5 9.5 1 -0.344045 0.154208 
10.5 5.5 9.5 1 0.0645022 0.0244501 
0.5 6.5 -0.5 1 -0.356916 -0.676505 
0.5 8.5 -0.5 1 -0.241365 -0.734327 
0.5 8.5 4.5 1 -0.217471 -0.221053 
0.5 6.5 4.5 1 -0.325958 -0.218623 
0.5 2.5 2 1 -0.50731 -0.396623 
0.5 4.5 2 1 -0.431815 -0.415305 
0.5 4.5 4.5 1 -0.414948 -0.216629 
0.5 2.5 4.5 1 -0.489262 -0.214964 
