0.394683 -0.656944 0.356686 -0.121293 
-0.325368 -0.576418 -0.299439 -0.134835 
-0.0878996 -0.430966 -0.083551 -0.15987 
0.346775 -0.458615 0.32713 -0.154786 
0.394683 -0.656944 -0.325368 -0.576418 
-0.325368 -0.576418 -0.0878996 -0.430966 
-0.0878996 -0.430966 0.346775 -0.458615 
0.346775 -0.458615 0.394683 -0.656944 
0.356686 -0.121293 0.325563 0.0444298 
0.325563 0.0444298 0.32713 -0.154786 
-0.299439 -0.134835 -0.161703 0.0140069 
-0.161703 0.0140069 -0.083551 -0.15987 
0.325563 0.0444298 -0.161703 0.0140069 
0.356686 -0.121293 -0.299439 -0.134835 
0.32713 -0.154786 -0.083551 -0.15987 
0.359857 -0.512774 0.352691 -0.483104 
0.352691 -0.483104 0.335702 -0.223571 
0.335702 -0.223571 0.340789 -0.225673 
0.340789 -0.225673 0.359857 -0.512774 
0.366944 -0.407511 0.357536 -0.384005 
0.357536 -0.384005 0.347008 -0.228242 
0.347008 -0.228242 0.354787 -0.231454 
0.354787 -0.231454 0.366944 -0.407511 
