0.271089 -0.27559 0.314963 0.118437 
-0.37278 -0.275062 -0.333442 0.20446 
-0.341273 -0.130976 -0.317983 0.149892 
0.0627473 -0.147281 0.0879839 0.10192 
0.271089 -0.27559 -0.37278 -0.275062 
-0.37278 -0.275062 -0.341273 -0.130976 
-0.341273 -0.130976 0.0627473 -0.147281 
0.0627473 -0.147281 0.271089 -0.27559 
0.314963 0.118437 0.193266 0.276222 
0.193266 0.276222 0.0879839 0.10192 
-0.333442 0.20446 -0.307522 0.365465 
-0.307522 0.365465 -0.317983 0.149892 
0.193266 0.276222 -0.307522 0.365465 
0.314963 0.118437 -0.333442 0.20446 
0.0879839 0.10192 -0.317983 0.149892 
0.12457 -0.185355 0.0912094 -0.164809 
0.0912094 -0.164809 0.112386 0.0415128 
0.112386 0.0415128 0.147927 0.0386936 
0.147927 0.0386936 0.12457 -0.185355 
0.226681 -0.104818 0.177151 -0.0878937 
0.177151 -0.0878937 0.190234 0.0353377 
0.190234 0.0353377 0.241444 0.0312755 
0.241444 0.0312755 0.226681 -0.104818 
