0.361739 -0.529943 0.293426 0.0661506 
-0.232362 -0.405918 -0.261973 -0.0232756 
0.0896984 -0.274236 0.0639129 -0.0134856 
0.538396 -0.302746 0.494354 0.0421509 
0.361739 -0.529943 -0.232362 -0.405918 
-0.232362 -0.405918 0.0896984 -0.274236 
0.0896984 -0.274236 0.538396 -0.302746 
0.538396 -0.302746 0.361739 -0.529943 
0.293426 0.0661506 0.392351 0.276305 
0.392351 0.276305 0.494354 0.0421509 
-0.261973 -0.0232756 -0.0834206 0.144446 
-0.0834206 0.144446 0.0639129 -0.0134856 
0.392351 0.276305 -0.0834206 0.144446 
0.293426 0.0661506 -0.261973 -0.0232756 
0.494354 0.0421509 0.0639129 -0.0134856 
0.489278 -0.365916 0.516103 -0.331417 
0.516103 -0.331417 0.479386 -0.0400613 
0.479386 -0.0400613 0.449461 -0.0448477 
0.449461 -0.0448477 0.489278 -0.365916 
0.390886 -0.257019 0.4344 -0.227382 
0.4344 -0.227382 0.41292 -0.0506924 
0.41292 -0.0506924 0.367297 -0.0579896 
0.367297 -0.0579896 0.390886 -0.257019 
