-0.587916 -0.280839 -0.543059 0.320945 
-0.250602 -0.132615 -0.223002 0.180321 
0.237365 -0.192121 0.273372 0.13852 
0.357739 -0.418495 0.43492 0.252376 
-0.587916 -0.280839 -0.250602 -0.132615 
-0.250602 -0.132615 0.237365 -0.192121 
0.237365 -0.192121 0.357739 -0.418495 
0.357739 -0.418495 -0.587916 -0.280839 
-0.543059 0.320945 -0.048716 0.644543 
-0.048716 0.644543 0.43492 0.252376 
-0.223002 0.180321 0.0354131 0.336777 
0.0354131 0.336777 0.273372 0.13852 
-0.048716 0.644543 0.0354131 0.336777 
-0.543059 0.320945 -0.223002 0.180321 
0.43492 0.252376 0.273372 0.13852 
-0.046087 -0.359711 0.151173 -0.388426 
0.151173 -0.388426 0.204385 0.112837 
0.204385 0.112837 0.00181362 0.13062 
0.00181362 0.13062 -0.046087 -0.359711 
-0.39604 -0.0733825 -0.213369 -0.0947354 
-0.213369 -0.0947354 -0.191651 0.147604 
-0.191651 0.147604 -0.37661 0.163841 
-0.37661 0.163841 -0.39604 -0.0733825 
