0.00809263 -0.143469 0.0333746 0.109076 
0.424817 -0.227338 0.459862 0.0888613 
0.295601 -0.364912 0.354302 0.178887 
-0.290155 -0.19755 -0.254978 0.181805 
0.00809263 -0.143469 0.424817 -0.227338 
0.424817 -0.227338 0.295601 -0.364912 
0.295601 -0.364912 -0.290155 -0.19755 
-0.290155 -0.19755 0.00809263 -0.143469 
0.0333746 0.109076 -0.0657233 0.303321 
-0.0657233 0.303321 -0.254978 0.181805 
0.459862 0.0888613 0.445141 0.340573 
0.445141 0.340573 0.354302 0.178887 
-0.0657233 0.303321 0.445141 0.340573 
0.0333746 0.109076 0.459862 0.0888613 
-0.254978 0.181805 0.354302 0.178887 
-0.141061 -0.170515 -0.208838 -0.182805 
-0.208838 -0.182805 -0.183765 0.0818451 
-0.183765 0.0818451 -0.117673 0.0720434 
-0.117673 0.0720434 -0.141061 -0.170515 
-0.0242609 -0.0475405 -0.0727803 -0.0484933 
-0.0727803 -0.0484933 -0.0617978 0.0637568 
-0.0617978 0.0637568 -0.0139394 0.0566592 
-0.0139394 0.0566592 -0.0242609 -0.0475405 
