0.271389 -0.512187 0.214967 0.104667 
-0.223672 -0.326949 -0.262778 0.0366386 
0.131873 -0.197905 0.106851 0.064989 
0.581034 -0.255973 0.551016 0.117916 
0.271389 -0.512187 -0.223672 -0.326949 
-0.223672 -0.326949 0.131873 -0.197905 
0.131873 -0.197905 0.581034 -0.255973 
0.581034 -0.255973 0.271389 -0.512187 
0.214967 0.104667 0.403183 0.369739 
0.403183 0.369739 0.551016 0.117916 
-0.262778 0.0366386 -0.0646199 0.220037 
-0.0646199 0.220037 0.106851 0.064989 
0.403183 0.369739 -0.0646199 0.220037 
0.214967 0.104667 -0.262778 0.0366386 
0.551016 0.117916 0.106851 0.064989 
0.491949 -0.329686 0.540303 -0.289676 
0.540303 -0.289676 0.514862 0.0215456 
0.514862 0.0215456 0.463546 0.0105355 
0.463546 0.0105355 0.491949 -0.329686 
0.343531 -0.229738 0.417656 -0.191546 
0.417656 -0.191546 0.4015 -0.00277692 
0.4015 -0.00277692 0.324965 -0.019198 
0.324965 -0.019198 0.343531 -0.229738 
