-0.574706 -0.464656 -0.544265 -0.0662241 
-0.101324 -0.373968 -0.103576 -0.0951576 
0.29182 -0.435618 0.261253 -0.0457415 
-0.227304 -0.638092 -0.217842 0.0344841 
-0.574706 -0.464656 -0.101324 -0.373968 
-0.101324 -0.373968 0.29182 -0.435618 
0.29182 -0.435618 -0.227304 -0.638092 
-0.227304 -0.638092 -0.574706 -0.464656 
-0.544265 -0.0662241 -0.408057 0.206496 
-0.408057 0.206496 -0.217842 0.0344841 
-0.103576 -0.0951576 0.043547 0.0853381 
0.043547 0.0853381 0.261253 -0.0457415 
-0.408057 0.206496 0.043547 0.0853381 
-0.544265 -0.0662241 -0.103576 -0.0951576 
-0.217842 0.0344841 0.261253 -0.0457415 
-0.412938 -0.545417 -0.331823 -0.585912 
-0.331823 -0.585912 -0.316719 -0.120102 
-0.316719 -0.120102 -0.393496 -0.130909 
-0.393496 -0.130909 -0.412938 -0.545417 
-0.51869 -0.311521 -0.466403 -0.320012 
-0.466403 -0.320012 -0.455832 -0.139684 
-0.455832 -0.139684 -0.507452 -0.14695 
-0.507452 -0.14695 -0.51869 -0.311521 
