0 0 0 1 -0.387174 -0.394191 
0 0 6.5 1 -0.390179 0.246214 
10 0 0 1 -0.251452 -0.12056 
10 0 6.5 1 -0.245505 0.207099 
10 10 0 1 0.227095 -0.132858 
10 10 6.5 1 0.257392 0.175851 
0 10 0 1 0.51139 -0.390034 
0 10 6.5 1 0.598369 0.181531 
0 5 10 1 0.162017 0.593231 
10 5 10 1 0.0241584 0.376588 
0 6 0 1 0.174038 -0.391594 
0 8 0 1 0.346098 -0.390798 
0 8 5 1 0.400243 0.0481944 
0 6 5 1 0.215899 0.0570269 
0 2 2.5 1 -0.185496 -0.167922 
0 4 2.5 1 0.00846233 -0.171915 
0 4 5 1 0.0232333 0.0662582 
0 2 5 1 -0.178332 0.0759158 
0.5 0.5 -0.5 1 -0.327553 -0.410694 
0.5 0.5 6 1 -0.324118 0.187732 
10.5 0.5 -0.5 1 -0.223975 -0.137537 
10.5 0.5 6 1 -0.216763 0.178833 
10.5 10.5 -0.5 1 0.239486 -0.148608 
10.5 10.5 6 1 0.269494 0.150055 
0.5 10.5 -0.5 1 0.519103 -0.405212 
0.5 10.5 6 1 0.601899 0.132666 
0.5 5.5 9.5 1 0.193362 0.512967 
10.5 5.5 9.5 1 0.0443461 0.342954 
0.5 6.5 -0.5 1 0.200125 -0.407277 
0.5 8.5 -0.5 1 0.362645 -0.406225 
0.5 8.5 4.5 1 0.414935 0.00690923 
0.5 6.5 4.5 1 0.241503 0.0143746 
0.5 2.5 2 1 -0.136568 -0.197772 
0.5 4.5 2 1 0.0454062 -0.200928 
0.5 4.5 4.5 1 0.0607021 0.0221572 
0.5 2.5 4.5 1 -0.127949 0.0302777 
