0.386643 -0.491795 0.317907 0.0815971 
-0.247642 -0.412315 -0.266793 -0.0198491 
0.0544782 -0.295698 0.0325342 -0.0353512 
0.49843 -0.309169 0.453899 0.0200491 
0.386643 -0.491795 -0.247642 -0.412315 
-0.247642 -0.412315 0.0544782 -0.295698 
0.0544782 -0.295698 0.49843 -0.309169 
0.49843 -0.309169 0.386643 -0.491795 
0.317907 0.0815971 0.376543 0.251872 
0.376543 0.251872 0.453899 0.0200491 
-0.266793 -0.0198491 -0.098965 0.130305 
-0.098965 0.130305 0.0325342 -0.0353512 
0.376543 0.251872 -0.098965 0.130305 
0.317907 0.0815971 -0.266793 -0.0198491 
0.453899 0.0200491 0.0325342 -0.0353512 
0.467651 -0.359453 0.484489 -0.331945 
0.484489 -0.331945 0.447231 -0.0524636 
0.447231 -0.0524636 0.427254 -0.0509916 
0.427254 -0.0509916 0.467651 -0.359453 
0.395955 -0.237133 0.424427 -0.217822 
0.424427 -0.217822 0.402827 -0.0491916 
0.402827 -0.0491916 0.372276 -0.0469405 
0.372276 -0.0469405 0.395955 -0.237133 
