0.359507 -0.674253 0.346605 -0.165052 
-0.365485 -0.598908 -0.321612 -0.142489 
-0.160233 -0.434733 -0.142921 -0.161644 
0.266498 -0.467322 0.26351 -0.176158 
0.359507 -0.674253 -0.365485 -0.598908 
-0.365485 -0.598908 -0.160233 -0.434733 
-0.160233 -0.434733 0.266498 -0.467322 
0.266498 -0.467322 0.359507 -0.674253 
0.346605 -0.165052 0.291546 0.0088087 
0.291546 0.0088087 0.26351 -0.176158 
-0.321612 -0.142489 -0.19825 0.0136202 
-0.19825 0.0136202 -0.142921 -0.161644 
0.291546 0.0088087 -0.19825 0.0136202 
0.346605 -0.165052 -0.321612 -0.142489 
0.26351 -0.176158 -0.142921 -0.161644 
0.29213 -0.52435 0.27811 -0.493157 
0.27811 -0.493157 0.275083 -0.245093 
0.275083 -0.245093 0.288151 -0.250313 
0.288151 -0.250313 0.29213 -0.52435 
0.327451 -0.432728 0.306669 -0.405655 
0.306669 -0.405655 0.304085 -0.256678 
0.304085 -0.256678 0.323944 -0.264611 
0.323944 -0.264611 0.327451 -0.432728 
