0.255642 -0.216869 0.296534 0.156991 
-0.338997 -0.299358 -0.329593 0.210481 
-0.410878 -0.104663 -0.408731 0.199111 
-0.00174037 -0.0835399 0.015368 0.166155 
0.255642 -0.216869 -0.338997 -0.299358 
-0.338997 -0.299358 -0.410878 -0.104663 
-0.410878 -0.104663 -0.00174037 -0.0835399 
-0.00174037 -0.0835399 0.255642 -0.216869 
0.296534 0.156991 0.141221 0.335285 
0.141221 0.335285 0.015368 0.166155 
-0.329593 0.210481 -0.377216 0.427161 
-0.377216 0.427161 -0.408731 0.199111 
0.141221 0.335285 -0.377216 0.427161 
0.296534 0.156991 -0.329593 0.210481 
0.015368 0.166155 -0.408731 0.199111 
0.0774815 -0.124578 0.0350442 -0.102595 
0.0350442 -0.102595 0.0501809 0.101249 
0.0501809 0.101249 0.0952267 0.0947185 
0.0952267 0.0947185 0.0774815 -0.124578 
0.197902 -0.0537774 0.137326 -0.0336781 
0.137326 -0.0336781 0.148041 0.0870616 
0.148041 0.0870616 0.210822 0.0779598 
0.210822 0.0779598 0.197902 -0.0537774 
