0.0844649 -0.395458 0.101605 -0.118135 
0.547158 -0.543336 0.548762 -0.14351 
0.192531 -0.783626 0.224074 -0.0992738 
-0.308406 -0.471704 -0.265632 -0.082032 
0.0844649 -0.395458 0.547158 -0.543336 
0.547158 -0.543336 0.192531 -0.783626 
0.192531 -0.783626 -0.308406 -0.471704 
-0.308406 -0.471704 0.0844649 -0.395458 
0.101605 -0.118135 -0.0385221 0.0608596 
-0.0385221 0.0608596 -0.265632 -0.082032 
0.548762 -0.14351 0.431703 0.120126 
0.431703 0.120126 0.224074 -0.0992738 
-0.0385221 0.0608596 0.431703 0.120126 
0.101605 -0.118135 0.548762 -0.14351 
-0.265632 -0.082032 0.224074 -0.0992738 
-0.117927 -0.434737 -0.205921 -0.451815 
-0.205921 -0.451815 -0.178648 -0.171648 
-0.178648 -0.171648 -0.0953653 -0.17429 
-0.0953653 -0.17429 -0.117927 -0.434737 
0.0333578 -0.291128 -0.0320064 -0.296385 
-0.0320064 -0.296385 -0.0227477 -0.176594 
-0.0227477 -0.176594 0.0411298 -0.17862 
0.0411298 -0.17862 0.0333578 -0.291128 
