0 0 0 1 0.27593 -0.236348 
0 0 6.5 1 0.243089 0.0857395 
10 0 0 1 0.559638 -0.463436 
10 0 6.5 1 0.493106 0.178112 
10 10 0 1 -0.433015 -0.568367 
10 10 6.5 1 -0.495946 0.0803476 
0 10 0 1 -0.221014 -0.287531 
0 10 6.5 1 -0.252952 0.0363535 
0 5 10 1 -0.0216682 0.234448 
10 5 10 1 -0.033482 0.474556 
0 6 0 1 -0.021612 -0.266993 
0 8 0 1 -0.121209 -0.277251 
0 8 5 1 -0.145929 -0.0282629 
0 6 5 1 -0.0464719 -0.0182823 
0 2 2.5 1 0.164378 -0.12236 
0 4 2.5 1 0.0652664 -0.132436 
0 4 5 1 0.0527772 -0.00832249 
0 2 5 1 0.151819 0.00161652 
0.5 0.5 -0.5 1 0.26047 -0.27028 
0.5 0.5 6 1 0.226811 0.0602379 
10.5 0.5 -0.5 1 0.543099 -0.544936 
10.5 0.5 6 1 0.473119 0.13095 
10.5 10.5 -0.5 1 -0.503123 -0.656414 
10.5 10.5 6 1 -0.569103 0.0274318 
0.5 10.5 -0.5 1 -0.249547 -0.322983 
0.5 10.5 6 1 -0.282254 0.00942696 
0.5 5.5 9.5 1 -0.0448488 0.212772 
10.5 5.5 9.5 1 -0.0814984 0.442995 
0.5 6.5 -0.5 1 -0.0448828 -0.301834 
0.5 8.5 -0.5 1 -0.147105 -0.312397 
0.5 8.5 4.5 1 -0.172425 -0.0568586 
0.5 6.5 4.5 1 -0.0703503 -0.0465875 
0.5 2.5 2 1 0.146013 -0.153335 
0.5 4.5 2 1 0.044302 -0.163707 
0.5 4.5 4.5 1 0.0315059 -0.0363383 
0.5 2.5 4.5 1 0.133144 -0.0261111 
