0 0 0 1 -0.153231 -0.0257306 
0 0 6.5 1 -0.160888 0.229695 
10 0 0 1 0.236534 -0.0345879 
10 0 6.5 1 0.24965 0.230221 
10 10 0 1 0.325001 -0.184634 
10 10 6.5 1 0.355257 0.24931 
0 10 0 1 -0.302434 -0.162022 
0 10 6.5 1 -0.327852 0.247273 
0 5 10 1 -0.23181 0.423193 
10 5 10 1 0.300102 0.433624 
0 6 0 1 -0.225497 -0.0917424 
0 8 0 1 -0.259862 -0.123134 
0 8 5 1 -0.274429 0.15301 
0 6 5 1 -0.236814 0.158033 
0 2 2.5 1 -0.17694 0.0584792 
0 4 2.5 1 -0.201545 0.0455223 
0 4 5 1 -0.206122 0.162132 
0 2 5 1 -0.180603 0.16554 
0.5 0.5 -0.5 1 -0.138295 -0.0494968 
0.5 0.5 6 1 -0.145296 0.209224 
10.5 0.5 -0.5 1 0.258873 -0.0593955 
10.5 0.5 6 1 0.273462 0.208955 
10.5 10.5 -0.5 1 0.36445 -0.229943 
10.5 10.5 6 1 0.399386 0.2135 
0.5 10.5 -0.5 1 -0.282413 -0.204087 
0.5 10.5 6 1 -0.306818 0.213662 
0.5 5.5 9.5 1 -0.213236 0.401127 
10.5 5.5 9.5 1 0.332565 0.410673 
0.5 6.5 -0.5 1 -0.207732 -0.123979 
0.5 8.5 -0.5 1 -0.240993 -0.159657 
0.5 8.5 4.5 1 -0.254824 0.121452 
0.5 6.5 4.5 1 -0.218373 0.129864 
0.5 2.5 2 1 -0.160872 0.0337835 
0.5 4.5 2 1 -0.184506 0.0182959 
0.5 4.5 4.5 1 -0.188772 0.136695 
0.5 2.5 4.5 1 -0.164255 0.142353 
