0 0 0 1 -0.0258561 -0.0618227 
0 0 6.5 1 -0.00411005 0.18978 
10 0 0 1 0.380543 -0.127814 
10 0 6.5 1 0.418196 0.17079 
10 10 0 1 0.320203 -0.255435 
10 10 6.5 1 0.382614 0.257034 
0 10 0 1 -0.287525 -0.123311 
0 10 6.5 1 -0.263557 0.264724 
0 5 10 1 -0.0926114 0.391047 
10 5 10 1 0.431945 0.417105 
0 6 0 1 -0.15533 -0.092247 
0 8 0 1 -0.215076 -0.106286 
0 8 5 1 -0.196739 0.160922 
0 6 5 1 -0.137242 0.151317 
0 2 2.5 1 -0.0540733 0.0320047 
0 4 2.5 1 -0.0964719 0.0302246 
0 4 5 1 -0.0875417 0.143293 
0 2 5 1 -0.0454024 0.13649 
0.5 0.5 -0.5 1 -0.0187747 -0.0860744 
0.5 0.5 6 1 0.00368191 0.171132 
10.5 0.5 -0.5 1 0.400676 -0.158674 
10.5 0.5 6 1 0.440039 0.147849 
10.5 10.5 -0.5 1 0.352174 -0.315427 
10.5 10.5 6 1 0.419544 0.220815 
0.5 10.5 -0.5 1 -0.286304 -0.163229 
0.5 10.5 6 1 -0.26136 0.2383 
0.5 5.5 9.5 1 -0.0856386 0.374037 
10.5 5.5 9.5 1 0.461009 0.396656 
0.5 6.5 -0.5 1 -0.150288 -0.124002 
0.5 8.5 -0.5 1 -0.211541 -0.141667 
0.5 8.5 4.5 1 -0.192478 0.133822 
0.5 6.5 4.5 1 -0.131512 0.126423 
0.5 2.5 2 1 -0.0471114 0.00808883 
0.5 4.5 2 1 -0.0901288 0.00425492 
0.5 4.5 4.5 1 -0.0808727 0.120278 
0.5 2.5 4.5 1 -0.0381407 0.115092 
