0 0 0 1 0.255562 -0.187737 
0 0 6.5 1 0.293959 0.185069 
10 0 0 1 -0.326582 -0.285061 
10 0 6.5 1 -0.324679 0.236042 
10 10 0 1 -0.426088 -0.091178 
10 10 6.5 1 -0.430192 0.220206 
0 10 0 1 -0.0147687 -0.0619865 
0 10 6.5 1 -0.000768492 0.189629 
0 5 10 1 0.129505 0.362557 
10 5 10 1 -0.393166 0.45811 
0 6 0 1 0.0690779 -0.10099 
0 8 0 1 0.0242346 -0.0801299 
0 8 5 1 0.0370087 0.124746 
0 6 5 1 0.0845037 0.11902 
0 2 2.5 1 0.19382 -0.0274279 
0 4 2.5 1 0.130401 -0.00878506 
0 4 5 1 0.139994 0.112329 
0 2 5 1 0.205684 0.104409 
0.5 0.5 -0.5 1 0.212388 -0.208577 
0.5 0.5 6 1 0.247485 0.157144 
10.5 0.5 -0.5 1 -0.374396 -0.311835 
10.5 0.5 6 1 -0.376765 0.19549 
10.5 10.5 -0.5 1 -0.453755 -0.109702 
10.5 10.5 6 1 -0.459236 0.196747 
0.5 10.5 -0.5 1 -0.0413526 -0.0773516 
0.5 10.5 6 1 -0.0286032 0.171033 
0.5 5.5 9.5 1 0.0934712 0.337392 
10.5 5.5 9.5 1 -0.431804 0.423424 
0.5 6.5 -0.5 1 0.0376072 -0.118187 
0.5 8.5 -0.5 1 -0.00459339 -0.0963621 
0.5 8.5 4.5 1 0.00706165 0.105724 
0.5 6.5 4.5 1 0.0517003 0.0986052 
0.5 2.5 2 1 0.154403 -0.0490403 
0.5 4.5 2 1 0.0949887 -0.0288693 
0.5 4.5 4.5 1 0.103758 0.0903036 
0.5 2.5 4.5 1 0.165251 0.0804972 
