0 0 0 1 -0.20327 -0.0108958 
0 0 6.5 1 -0.222615 0.252426 
10 0 0 1 0.188542 0.00425901 
10 0 6.5 1 0.188831 0.266113 
10 10 0 1 0.323243 -0.110692 
10 10 6.5 1 0.334933 0.318127 
0 10 0 1 -0.313863 -0.136921 
0 10 6.5 1 -0.355768 0.295826 
0 5 10 1 -0.288174 0.462543 
10 5 10 1 0.245571 0.477978 
0 6 0 1 -0.25626 -0.07128 
0 8 0 1 -0.281836 -0.100425 
0 8 5 1 -0.307917 0.189526 
0 6 5 1 -0.278298 0.189466 
0 2 2.5 1 -0.226106 0.0786615 
0 4 2.5 1 -0.244645 0.0683456 
0 4 5 1 -0.254346 0.189418 
0 2 5 1 -0.234576 0.189377 
0.5 0.5 -0.5 1 -0.18522 -0.0336321 
0.5 0.5 6 1 -0.20396 0.23282 
10.5 0.5 -0.5 1 0.212468 -0.0180589 
10.5 0.5 6 1 0.213969 0.246896 
10.5 10.5 -0.5 1 0.365826 -0.150143 
10.5 10.5 6 1 0.381474 0.287023 
0.5 10.5 -0.5 1 -0.286962 -0.177577 
0.5 10.5 6 1 -0.327695 0.263645 
0.5 5.5 9.5 1 -0.26522 0.441421 
10.5 5.5 9.5 1 0.279487 0.457416 
0.5 6.5 -0.5 1 -0.23372 -0.102249 
0.5 8.5 -0.5 1 -0.257292 -0.1356 
0.5 8.5 4.5 1 -0.282585 0.159258 
0.5 6.5 4.5 1 -0.255072 0.162466 
0.5 2.5 2 1 -0.206504 0.055015 
0.5 4.5 2 1 -0.223524 0.0422518 
0.5 4.5 4.5 1 -0.232923 0.165049 
0.5 2.5 4.5 1 -0.21471 0.167173 
