0 0 0 1 0.404051 -0.569625 
0 0 6.5 1 0.351426 -0.0287837 
10 0 0 1 -0.293855 -0.50164 
10 0 6.5 1 -0.283534 -0.0803955 
10 10 0 1 -0.0360282 -0.382053 
10 10 6.5 1 -0.0417091 -0.116317 
0 10 0 1 0.400776 -0.40039 
0 10 6.5 1 0.370003 -0.0916366 
0 5 10 1 0.344374 0.121402 
10 5 10 1 -0.137032 0.0580053 
0 6 0 1 0.401671 -0.446638 
0 8 0 1 0.401181 -0.421306 
0 8 5 1 0.375001 -0.157846 
0 6 5 1 0.372844 -0.155486 
0 2 2.5 1 0.384374 -0.327153 
0 4 2.5 1 0.385767 -0.310456 
0 4 5 1 0.370208 -0.1526 
0 2 5 1 0.366911 -0.148992 
0.5 0.5 -0.5 1 0.364769 -0.59499 
0.5 0.5 6 1 0.317779 -0.073254 
10.5 0.5 -0.5 1 -0.300805 -0.523702 
10.5 0.5 6 1 -0.290309 -0.11412 
10.5 10.5 -0.5 1 -0.045983 -0.398625 
10.5 10.5 6 1 -0.0510811 -0.137559 
0.5 10.5 -0.5 1 0.378272 -0.419207 
0.5 10.5 6 1 0.349444 -0.116741 
0.5 5.5 9.5 1 0.32028 0.085 
10.5 5.5 9.5 1 -0.145748 0.0288482 
0.5 6.5 -0.5 1 0.374531 -0.467916 
0.5 8.5 -0.5 1 0.376575 -0.441299 
0.5 8.5 4.5 1 0.352207 -0.183794 
0.5 6.5 4.5 1 0.347895 -0.184025 
0.5 2.5 2 1 0.351976 -0.357431 
0.5 4.5 2 1 0.356915 -0.337923 
0.5 4.5 4.5 1 0.342654 -0.184306 
0.5 2.5 4.5 1 0.336146 -0.184655 
