0.0967504 -0.299111 0.0558517 0.369258 
-0.241046 -0.121494 -0.279757 0.237804 
0.16477 -0.037723 0.150984 0.241505 
0.606447 -0.108715 0.612069 0.327019 
0.0967504 -0.299111 -0.241046 -0.121494 
-0.241046 -0.121494 0.16477 -0.037723 
0.16477 -0.037723 0.606447 -0.108715 
0.606447 -0.108715 0.0967504 -0.299111 
0.0558517 0.369258 0.391109 0.66199 
0.391109 0.66199 0.612069 0.327019 
-0.279757 0.237804 -0.0496524 0.420959 
-0.0496524 0.420959 0.150984 0.241505 
0.391109 0.66199 -0.0496524 0.420959 
0.0558517 0.369258 -0.279757 0.237804 
0.612069 0.327019 0.150984 0.241505 
0.451425 -0.166623 0.534669 -0.135528 
0.534669 -0.135528 0.535631 0.219254 
0.535631 0.219254 0.4479 0.216347 
0.4479 0.216347 0.451425 -0.166623 
0.228566 -0.0261667 0.349016 -0.00115846 
0.349016 -0.00115846 0.344022 0.212904 
0.344022 0.212904 0.219091 0.208764 
0.219091 0.208764 0.228566 -0.0261667 
