0 0 0 1 0.306608 -0.452868 
0 0 6.5 1 0.327789 -0.0132314 
10 0 0 1 -0.382801 -0.404142 
10 0 6.5 1 -0.328528 0.0454421 
10 10 0 1 -0.246604 -0.281362 
10 10 6.5 1 -0.217848 -0.0146753 
0 10 0 1 0.162144 -0.312493 
0 10 6.5 1 0.179036 -0.0493293 
0 5 10 1 0.245021 0.132313 
10 5 10 1 -0.240172 0.178523 
0 6 0 1 0.203234 -0.35242 
0 8 0 1 0.180884 -0.330703 
0 8 5 1 0.194645 -0.109054 
0 6 5 1 0.217714 -0.109416 
0 2 2.5 1 0.272013 -0.258482 
0 4 2.5 1 0.238063 -0.242381 
0 4 5 1 0.245561 -0.109852 
0 2 5 1 0.279841 -0.11039 
0.5 0.5 -0.5 1 0.260616 -0.473578 
0.5 0.5 6 1 0.283285 -0.044751 
10.5 0.5 -0.5 1 -0.410291 -0.42684 
10.5 0.5 6 1 -0.356245 0.0114602 
10.5 10.5 -0.5 1 -0.26533 -0.297 
10.5 10.5 6 1 -0.236532 -0.0343203 
0.5 10.5 -0.5 1 0.136843 -0.327347 
0.5 10.5 6 1 0.154152 -0.0680883 
0.5 5.5 9.5 1 0.213422 0.105862 
10.5 5.5 9.5 1 -0.262537 0.1506 
0.5 6.5 -0.5 1 0.172334 -0.369278 
0.5 8.5 -0.5 1 0.153058 -0.346504 
0.5 8.5 4.5 1 0.167213 -0.128455 
0.5 6.5 4.5 1 0.187308 -0.130595 
0.5 2.5 2 1 0.232848 -0.281221 
0.5 4.5 2 1 0.203663 -0.263134 
0.5 4.5 4.5 1 0.211475 -0.133168 
0.5 2.5 4.5 1 0.241091 -0.136322 
