0.390225 -0.486964 0.322203 0.0810335 
-0.251554 -0.414457 -0.267991 -0.0199379 
0.0459448 -0.301018 0.0252531 -0.040657 
0.488743 -0.312658 0.444836 0.0133747 
0.390225 -0.486964 -0.251554 -0.414457 
-0.251554 -0.414457 0.0459448 -0.301018 
0.0459448 -0.301018 0.488743 -0.312658 
0.488743 -0.312658 0.390225 -0.486964 
0.322203 0.0810335 0.372899 0.244301 
0.372899 0.244301 0.444836 0.0133747 
-0.267991 -0.0199379 -0.102552 0.126631 
-0.102552 0.126631 0.0252531 -0.040657 
0.372899 0.244301 -0.102552 0.126631 
0.322203 0.0810335 -0.267991 -0.0199379 
0.444836 0.0133747 0.0252531 -0.040657 
0.461651 -0.360591 0.476475 -0.334364 
0.476475 -0.334364 0.439697 -0.0573793 
0.439697 -0.0573793 0.42175 -0.0548525 
0.42175 -0.0548525 0.461651 -0.360591 
0.395747 -0.236134 0.421123 -0.218664 
0.421123 -0.218664 0.399806 -0.0517629 
0.399806 -0.0517629 0.37236 -0.0478987 
0.37236 -0.0478987 0.395747 -0.236134 
