0.294897 -0.365848 0.325566 0.0550376 
-0.380231 -0.324 -0.327008 0.128771 
-0.273712 -0.213467 -0.243927 0.0540453 
0.130981 -0.243885 0.152569 0.0121703 
0.294897 -0.365848 -0.380231 -0.324 
-0.380231 -0.324 -0.273712 -0.213467 
-0.273712 -0.213467 0.130981 -0.243885 
0.130981 -0.243885 0.294897 -0.365848 
0.325566 0.0550376 0.231605 0.194429 
0.231605 0.194429 0.152569 0.0121703 
-0.327008 0.128771 -0.25504 0.256889 
-0.25504 0.256889 -0.243927 0.0540453 
0.231605 0.194429 -0.25504 0.256889 
0.325566 0.0550376 -0.327008 0.128771 
0.152569 0.0121703 -0.243927 0.0540453 
0.178181 -0.279005 0.152566 -0.259945 
0.152566 -0.259945 0.170335 -0.0453316 
0.170335 -0.0453316 0.197187 -0.0443682 
0.197187 -0.0443682 0.178181 -0.279005 
0.258153 -0.184639 0.219362 -0.171486 
0.219362 -0.171486 0.229475 -0.0432097 
0.229475 -0.0432097 0.269036 -0.0417903 
0.269036 -0.0417903 0.258153 -0.184639 
