0 0 0 1 -0.157892 -0.300826 
0 0 6.5 1 -0.184007 0.384924 
10 0 0 1 -0.247521 -0.0592142 
10 0 6.5 1 -0.266589 0.290212 
10 10 0 1 0.209422 -0.0211318 
10 10 6.5 1 0.221068 0.278943 
0 10 0 1 0.60074 -0.178342 
0 10 6.5 1 0.664128 0.339836 
0 5 10 1 0.325204 0.742576 
10 5 10 1 -0.00409922 0.476264 
0 6 0 1 0.345158 -0.219607 
0 8 0 1 0.479333 -0.197944 
0 8 5 1 0.51902 0.210294 
0 6 5 1 0.3749 0.21008 
0 2 2.5 1 0.03003 -0.0422475 
0 4 2.5 1 0.204267 -0.0273683 
0 4 5 1 0.213236 0.209841 
0 2 5 1 0.0306154 0.20957 
0.5 0.5 -0.5 1 -0.117884 -0.314475 
0.5 0.5 6 1 -0.136541 0.317127 
10.5 0.5 -0.5 1 -0.22285 -0.0752195 
10.5 0.5 6 1 -0.239486 0.259674 
10.5 10.5 -0.5 1 0.216549 -0.0361602 
10.5 10.5 6 1 0.228232 0.253144 
0.5 10.5 -0.5 1 0.592315 -0.195275 
0.5 10.5 6 1 0.651207 0.291483 
0.5 5.5 9.5 1 0.333119 0.655514 
10.5 5.5 9.5 1 0.0121613 0.440244 
0.5 6.5 -0.5 1 0.350491 -0.235863 
0.5 8.5 -0.5 1 0.477115 -0.21461 
0.5 8.5 4.5 1 0.514288 0.168266 
0.5 6.5 4.5 1 0.378845 0.165803 
0.5 2.5 2 1 0.0571076 -0.0728734 
0.5 4.5 2 1 0.218951 -0.05726 
0.5 4.5 4.5 1 0.227995 0.163061 
0.5 2.5 4.5 1 0.0589486 0.159988 
