0.128453 -0.334503 0.08546 0.321952 
-0.237812 -0.153993 -0.277434 0.204465 
0.159163 -0.0622529 0.142809 0.213092 
0.602499 -0.131145 0.600919 0.29152 
0.128453 -0.334503 -0.237812 -0.153993 
-0.237812 -0.153993 0.159163 -0.0622529 
0.159163 -0.0622529 0.602499 -0.131145 
0.602499 -0.131145 0.128453 -0.334503 
0.08546 0.321952 0.39378 0.609211 
0.39378 0.609211 0.600919 0.29152 
-0.277434 0.204465 -0.0530669 0.387438 
-0.0530669 0.387438 0.142809 0.213092 
0.39378 0.609211 -0.0530669 0.387438 
0.08546 0.321952 -0.277434 0.204465 
0.600919 0.29152 0.142809 0.213092 
0.459766 -0.192376 0.536567 -0.159429 
0.536567 -0.159429 0.532374 0.186015 
0.532374 0.186015 0.451546 0.181327 
0.451546 0.181327 0.459766 -0.192376 
0.250279 -0.0606438 0.362478 -0.0329234 
0.362478 -0.0329234 0.355439 0.175752 
0.355439 0.175752 0.239269 0.169014 
0.239269 0.169014 0.250279 -0.0606438 
