-0.217304 -0.0111701 -0.239502 0.254369 
0.175256 0.00974468 0.17212 0.2707 
0.321701 -0.0951897 0.328042 0.331875 
-0.317245 -0.133014 -0.363002 0.306455 
-0.217304 -0.0111701 0.175256 0.00974468 
0.175256 0.00974468 0.321701 -0.0951897 
0.321701 -0.0951897 -0.317245 -0.133014 
-0.317245 -0.133014 -0.217304 -0.0111701 
-0.239502 0.254369 -0.30321 0.469209 
-0.30321 0.469209 -0.363002 0.306455 
0.17212 0.2707 0.230196 0.484477 
0.230196 0.484477 0.328042 0.331875 
-0.30321 0.469209 0.230196 0.484477 
-0.239502 0.254369 0.17212 0.2707 
-0.363002 0.306455 0.328042 0.331875 
-0.265044 -0.0693727 -0.288182 -0.0975815 
-0.288182 -0.0975815 -0.317011 0.196422 
-0.317011 0.196422 -0.289667 0.194578 
-0.289667 0.194578 -0.265044 -0.0693727 
-0.239789 0.0801375 -0.256665 0.0707805 
-0.256665 0.0707805 -0.267604 0.193089 
-0.267604 0.193089 -0.249426 0.191863 
-0.249426 0.191863 -0.239789 0.0801375 
