0.27499 -0.392914 0.240285 -0.0730559 
0.70642 -0.630874 0.61263 -0.0198996 
-0.271572 -0.839771 -0.304826 -0.083544 
-0.229744 -0.465369 -0.247726 -0.109719 
0.27499 -0.392914 0.70642 -0.630874 
0.70642 -0.630874 -0.271572 -0.839771 
-0.271572 -0.839771 -0.229744 -0.465369 
-0.229744 -0.465369 0.27499 -0.392914 
0.240285 -0.0730559 -0.00561668 0.0804146 
-0.00561668 0.0804146 -0.247726 -0.109719 
0.61263 -0.0198996 0.163826 0.275288 
0.163826 0.275288 -0.304826 -0.083544 
-0.00561668 0.0804146 0.163826 0.275288 
0.240285 -0.0730559 0.61263 -0.0198996 
-0.247726 -0.109719 -0.304826 -0.083544 
-0.0154093 -0.434601 -0.120329 -0.449662 
-0.120329 -0.449662 -0.137353 -0.179617 
-0.137353 -0.179617 -0.0352387 -0.170388 
-0.0352387 -0.170388 -0.0154093 -0.434601 
0.16945 -0.277774 0.0739197 -0.288904 
0.0739197 -0.288904 0.0628862 -0.161519 
0.0628862 -0.161519 0.157251 -0.15299 
0.157251 -0.15299 0.16945 -0.277774 
