0 0 0 1 -0.451443 -0.365616 
0 0 6.5 1 -0.443199 0.271105 
10 0 0 1 -0.252769 -0.120078 
10 0 6.5 1 -0.239782 0.204252 
10 10 0 1 0.230851 -0.14896 
10 10 6.5 1 0.264679 0.165695 
0 10 0 1 0.477422 -0.408928 
0 10 6.5 1 0.565752 0.191355 
0 5 10 1 0.105569 0.610766 
10 5 10 1 0.0294046 0.368743 
0 6 0 1 0.11661 -0.392103 
0 8 0 1 0.298737 -0.400596 
0 8 5 1 0.354229 0.0572581 
0 6 5 1 0.160523 0.07102 
0 2 2.5 1 -0.249044 -0.14541 
0 4 2.5 1 -0.0536509 -0.156826 
0 4 5 1 -0.0372044 0.0850676 
0 2 5 1 -0.239079 0.0994098 
0.5 0.5 -0.5 1 -0.38754 -0.387639 
0.5 0.5 6 1 -0.374272 0.21038 
10.5 0.5 -0.5 1 -0.224636 -0.138591 
10.5 0.5 6 1 -0.210801 0.175429 
10.5 10.5 -0.5 1 0.245053 -0.166233 
10.5 10.5 6 1 0.278519 0.138699 
0.5 10.5 -0.5 1 0.491239 -0.427762 
0.5 10.5 6 1 0.575842 0.137962 
0.5 5.5 9.5 1 0.143567 0.528696 
10.5 5.5 9.5 1 0.0507224 0.33474 
0.5 6.5 -0.5 1 0.149357 -0.412152 
0.5 8.5 -0.5 1 0.321845 -0.420028 
0.5 8.5 4.5 1 0.375755 0.0116604 
0.5 6.5 4.5 1 0.192917 0.0242224 
0.5 2.5 2 1 -0.194768 -0.17988 
0.5 4.5 2 1 -0.0104137 -0.190355 
0.5 4.5 4.5 1 0.00649509 0.0370307 
0.5 2.5 4.5 1 -0.183618 0.0500926 
