-0.244758 -0.0239596 -0.27185 0.24544 
0.149115 0.00747684 0.13956 0.265861 
0.317755 -0.0812702 0.313495 0.339838 
-0.322444 -0.140148 -0.374431 0.311035 
-0.244758 -0.0239596 0.149115 0.00747684 
0.149115 0.00747684 0.317755 -0.0812702 
0.317755 -0.0812702 -0.322444 -0.140148 
-0.322444 -0.140148 -0.244758 -0.0239596 
-0.27185 0.24544 -0.330676 0.467069 
-0.330676 0.467069 -0.374431 0.311035 
0.13956 0.265861 0.200119 0.480256 
0.200119 0.480256 0.313495 0.339838 
-0.330676 0.467069 0.200119 0.480256 
-0.27185 0.24544 0.13956 0.265861 
-0.374431 0.311035 0.313495 0.339838 
-0.281658 -0.0791475 -0.299679 -0.106101 
-0.299679 -0.106101 -0.333082 0.195175 
-0.333082 0.195175 -0.310639 0.190547 
-0.310639 0.190547 -0.281658 -0.0791475 
-0.266157 0.0703246 -0.27957 0.0624096 
-0.27957 0.0624096 -0.292598 0.186827 
-0.292598 0.186827 -0.27778 0.183772 
-0.27778 0.183772 -0.266157 0.0703246 
