0.323181 -0.554631 0.332673 -0.0893464 
-0.382252 -0.497405 -0.329547 -0.0451364 
-0.217004 -0.3542 -0.191223 -0.0854291 
0.198176 -0.385842 0.208602 -0.112511 
0.323181 -0.554631 -0.382252 -0.497405 
-0.382252 -0.497405 -0.217004 -0.3542 
-0.217004 -0.3542 0.198176 -0.385842 
0.198176 -0.385842 0.323181 -0.554631 
0.332673 -0.0893464 0.260612 0.0684888 
0.260612 0.0684888 0.208602 -0.112511 
-0.329547 -0.0451364 -0.225912 0.0986698 
-0.225912 0.0986698 -0.191223 -0.0854291 
0.260612 0.0684888 -0.225912 0.0986698 
0.332673 -0.0893464 -0.329547 -0.0451364 
0.208602 -0.112511 -0.191223 -0.0854291 
0.233271 -0.433229 0.214137 -0.407394 
0.214137 -0.407394 0.222427 -0.176042 
0.222427 -0.176042 0.241688 -0.178787 
0.241688 -0.178787 0.233271 -0.433229 
0.28994 -0.341668 0.260914 -0.320657 
0.260914 -0.320657 0.265035 -0.182114 
0.265035 -0.182114 0.293923 -0.18623 
0.293923 -0.18623 0.28994 -0.341668 
