-0.231198 -0.0152414 -0.255997 0.252338 
0.162058 0.0110766 0.155623 0.270885 
0.319805 -0.0849348 0.3208 0.339597 
-0.320213 -0.133578 -0.369361 0.312103 
-0.231198 -0.0152414 0.162058 0.0110766 
0.162058 0.0110766 0.319805 -0.0849348 
0.319805 -0.0849348 -0.320213 -0.133578 
-0.320213 -0.133578 -0.231198 -0.0152414 
-0.255997 0.252338 -0.317495 0.471133 
-0.317495 0.471133 -0.369361 0.312103 
0.155623 0.270885 0.214947 0.485591 
0.214947 0.485591 0.3208 0.339597 
-0.317495 0.471133 0.214947 0.485591 
-0.255997 0.252338 0.155623 0.270885 
-0.369361 0.312103 0.3208 0.339597 
-0.273595 -0.0716036 -0.294224 -0.099029 
-0.294224 -0.099029 -0.325514 0.198785 
-0.325514 0.198785 -0.300549 0.195356 
-0.300549 0.195356 -0.273595 -0.0716036 
-0.253216 0.0776787 -0.268391 0.0691598 
-0.268391 0.0691598 -0.280447 0.192594 
-0.280447 0.192594 -0.263912 0.190322 
-0.263912 0.190322 -0.253216 0.0776787 
