0 0 0 1 0.0376379 -0.267162 
0 0 6.5 1 0.0621353 -0.0075948 
10 0 0 1 0.47013 -0.379491 
10 0 6.5 1 0.495439 -0.034867 
10 10 0 1 0.254049 -0.565427 
10 10 6.5 1 0.303191 0.0271962 
0 10 0 1 -0.301333 -0.33407 
0 10 6.5 1 -0.25959 0.0449602 
0 5 10 1 -0.0525328 0.176018 
10 5 10 1 0.44185 0.215417 
0 6 0 1 -0.133909 -0.301023 
0 8 0 1 -0.210513 -0.316144 
0 8 5 1 -0.182126 -0.0481405 
0 6 5 1 -0.108616 -0.0539263 
0 2 2.5 1 -0.00141976 -0.169502 
0 4 2.5 1 -0.0569811 -0.172863 
0 4 5 1 -0.0456607 -0.0588814 
0 2 5 1 0.00886035 -0.0631727 
0.5 0.5 -0.5 1 0.040546 -0.2947 
0.5 0.5 6 1 0.0657313 -0.0271032 
10.5 0.5 -0.5 1 0.491379 -0.420873 
10.5 0.5 6 1 0.517328 -0.0619534 
10.5 10.5 -0.5 1 0.276394 -0.652195 
10.5 10.5 6 1 0.328272 -0.0160036 
0.5 10.5 -0.5 1 -0.312097 -0.37793 
0.5 10.5 6 1 -0.26833 0.0184699 
0.5 5.5 9.5 1 -0.0522926 0.159374 
10.5 5.5 9.5 1 0.466746 0.193747 
0.5 6.5 -0.5 1 -0.136686 -0.33653 
0.5 8.5 -0.5 1 -0.216642 -0.355401 
0.5 8.5 4.5 1 -0.187039 -0.0761526 
0.5 6.5 4.5 1 -0.110428 -0.079905 
0.5 2.5 2 1 0.000429402 -0.195694 
0.5 4.5 2 1 -0.0568982 -0.201125 
0.5 4.5 4.5 1 -0.0451925 -0.0831003 
0.5 2.5 4.5 1 0.011026 -0.0858539 
