0 0 0 1 0.273483 -0.396411 
0 0 6.5 1 0.239112 -0.0767855 
10 0 0 1 0.710336 -0.630438 
10 0 6.5 1 0.616005 -0.02236 
10 10 0 1 -0.262097 -0.842698 
10 10 6.5 1 -0.293804 -0.0821227 
0 10 0 1 -0.231072 -0.469303 
0 10 6.5 1 -0.247929 -0.111991 
0 5 10 1 -0.00536187 0.0772791 
10 5 10 1 0.172857 0.273112 
0 6 0 1 -0.0161508 -0.438254 
0 8 0 1 -0.121235 -0.453435 
0 8 5 1 -0.137563 -0.182333 
0 6 5 1 -0.0354284 -0.173309 
0 2 2.5 1 0.168543 -0.281131 
0 4 2.5 1 0.073327 -0.292167 
0 4 5 1 0.0625134 -0.164655 
0 2 5 1 0.156515 -0.156349 
0.5 0.5 -0.5 1 0.264689 -0.432508 
0.5 0.5 6 1 0.22957 -0.101312 
10.5 0.5 -0.5 1 0.721499 -0.717018 
10.5 0.5 6 1 0.620634 -0.0657297 
10.5 10.5 -0.5 1 -0.328137 -0.969405 
10.5 10.5 6 1 -0.356124 -0.140256 
0.5 10.5 -0.5 1 -0.259539 -0.512324 
0.5 10.5 6 1 -0.275751 -0.140512 
0.5 5.5 9.5 1 -0.0231942 0.0570552 
10.5 5.5 9.5 1 0.149391 0.246096 
0.5 6.5 -0.5 1 -0.0357576 -0.478252 
0.5 8.5 -0.5 1 -0.145085 -0.494898 
0.5 8.5 4.5 1 -0.161193 -0.21296 
0.5 6.5 4.5 1 -0.0550583 -0.202964 
0.5 2.5 2 1 0.156213 -0.313587 
0.5 4.5 2 1 0.0574976 -0.325698 
0.5 4.5 4.5 1 0.0465735 -0.193392 
0.5 2.5 4.5 1 0.143983 -0.184218 
