0 0 0 1 -0.419967 -0.38272 
0 0 6.5 1 -0.417636 0.255847 
10 0 0 1 -0.252255 -0.1212 
10 0 6.5 1 -0.242726 0.204722 
10 10 0 1 0.228969 -0.141984 
10 10 6.5 1 0.261183 0.169554 
0 10 0 1 0.494794 -0.402473 
0 10 6.5 1 0.582804 0.182896 
0 5 10 1 0.133908 0.598982 
10 5 10 1 0.0268947 0.371577 
0 6 0 1 0.145516 -0.394931 
0 8 0 1 0.322761 -0.398758 
0 8 5 1 0.377733 0.0492932 
0 6 5 1 0.188447 0.0606815 
0 2 2.5 1 -0.21769 -0.159724 
0 4 2.5 1 -0.0226742 -0.167556 
0 4 5 1 -0.00709186 0.0724461 
0 2 5 1 -0.2092 0.0846058 
0.5 0.5 -0.5 1 -0.358066 -0.401814 
0.5 0.5 6 1 -0.349938 0.196353 
10.5 0.5 -0.5 1 -0.224433 -0.138904 
10.5 0.5 6 1 -0.213846 0.17621 
10.5 10.5 -0.5 1 0.242252 -0.158431 
10.5 10.5 6 1 0.27414 0.143209 
0.5 10.5 -0.5 1 0.505479 -0.419222 
0.5 10.5 6 1 0.589524 0.13199 
0.5 5.5 9.5 1 0.168659 0.517906 
10.5 5.5 9.5 1 0.0476538 0.33779 
0.5 6.5 -0.5 1 0.174929 -0.412559 
0.5 8.5 -0.5 1 0.342541 -0.415938 
0.5 8.5 4.5 1 0.395803 0.00607196 
0.5 6.5 4.5 1 0.217465 0.0161554 
0.5 2.5 2 1 -0.165972 -0.191705 
0.5 4.5 2 1 0.0174784 -0.198623 
0.5 4.5 4.5 1 0.0335726 0.026553 
0.5 2.5 4.5 1 -0.156139 0.0372795 
