0.0267854 -0.220403 0.0520571 0.035671 
0.452615 -0.321268 0.482307 0.0112664 
0.270339 -0.486692 0.323436 0.0849202 
-0.296835 -0.281629 -0.256966 0.0961057 
0.0267854 -0.220403 0.452615 -0.321268 
0.452615 -0.321268 0.270339 -0.486692 
0.270339 -0.486692 -0.296835 -0.281629 
-0.296835 -0.281629 0.0267854 -0.220403 
0.0520571 0.035671 -0.0563877 0.222799 
-0.0563877 0.222799 -0.256966 0.0961057 
0.482307 0.0112664 0.443975 0.26168 
0.443975 0.26168 0.323436 0.0849202 
-0.0563877 0.222799 0.443975 0.26168 
0.0520571 0.035671 0.482307 0.0112664 
-0.256966 0.0961057 0.323436 0.0849202 
-0.136272 -0.251252 -0.209561 -0.265118 
-0.209561 -0.265118 -0.181997 0.000690689 
-0.181997 0.000690689 -0.111293 -0.00670101 
-0.111293 -0.00670101 -0.136272 -0.251252 
-0.00952856 -0.12361 -0.0624131 -0.125945 
-0.0624131 -0.125945 -0.0510258 -0.0130015 
-0.0510258 -0.0130015 0.000955492 -0.0184358 
0.000955492 -0.0184358 -0.00952856 -0.12361 
