0.382486 -0.49881 0.313317 0.0800401 
-0.243888 -0.411006 -0.265627 -0.020576 
0.0627852 -0.2909 0.0397251 -0.0305047 
0.507907 -0.306827 0.463 0.0257331 
0.382486 -0.49881 -0.243888 -0.411006 
-0.243888 -0.411006 0.0627852 -0.2909 
0.0627852 -0.2909 0.507907 -0.306827 
0.507907 -0.306827 0.382486 -0.49881 
0.313317 0.0800401 0.380219 0.258239 
0.380219 0.258239 0.463 0.0257331 
-0.265627 -0.020576 -0.0954102 0.133429 
-0.0954102 0.133429 0.0397251 -0.0305047 
0.380219 0.258239 -0.0954102 0.133429 
0.313317 0.0800401 -0.265627 -0.020576 
0.463 0.0257331 0.0397251 -0.0305047 
0.473321 -0.359768 0.492236 -0.330814 
0.492236 -0.330814 0.454703 -0.0487362 
0.454703 -0.0487362 0.432641 -0.0484935 
0.432641 -0.0484935 0.473321 -0.359768 
0.395798 -0.240031 0.427445 -0.218618 
0.427445 -0.218618 0.405667 -0.0481968 
0.405667 -0.0481968 0.371934 -0.0478257 
0.371934 -0.0478257 0.395798 -0.240031 
