-0.662029 -0.554232 -0.600499 -0.0982494 
-0.16504 -0.431345 -0.151286 -0.137008 
0.271595 -0.519693 0.258617 -0.125305 
-0.147564 -0.806441 -0.116953 -0.0546676 
-0.662029 -0.554232 -0.16504 -0.431345 
-0.16504 -0.431345 0.271595 -0.519693 
0.271595 -0.519693 -0.147564 -0.806441 
-0.147564 -0.806441 -0.662029 -0.554232 
-0.600499 -0.0982494 -0.387159 0.179586 
-0.387159 0.179586 -0.116953 -0.0546676 
-0.151286 -0.137008 0.027558 0.0329362 
0.027558 0.0329362 0.258617 -0.125305 
-0.387159 0.179586 0.027558 0.0329362 
-0.600499 -0.0982494 -0.151286 -0.137008 
-0.116953 -0.0546676 0.258617 -0.125305 
-0.418042 -0.673843 -0.298633 -0.732381 
-0.298633 -0.732381 -0.263121 -0.206494 
-0.263121 -0.206494 -0.376068 -0.203346 
-0.376068 -0.203346 -0.418042 -0.673843 
-0.570205 -0.385902 -0.491108 -0.405236 
-0.491108 -0.405236 -0.469205 -0.20075 
-0.469205 -0.20075 -0.547324 -0.198573 
-0.547324 -0.198573 -0.570205 -0.385902 
