0.14396 -0.415689 0.147124 -0.124046 
0.630483 -0.558847 0.598029 -0.10625 
0.111202 -0.766604 0.122704 -0.0282235 
-0.292088 -0.474996 -0.258862 -0.0866126 
0.14396 -0.415689 0.630483 -0.558847 
0.630483 -0.558847 0.111202 -0.766604 
0.111202 -0.766604 -0.292088 -0.474996 
-0.292088 -0.474996 0.14396 -0.415689 
0.147124 -0.124046 -0.0209664 0.0560892 
-0.0209664 0.0560892 -0.258862 -0.0866126 
0.598029 -0.10625 0.403574 0.184738 
0.403574 0.184738 0.122704 -0.0282235 
-0.0209664 0.0560892 0.403574 0.184738 
0.147124 -0.124046 0.598029 -0.10625 
-0.258862 -0.0866126 0.122704 -0.0282235 
-0.0862762 -0.447004 -0.182614 -0.460107 
-0.182614 -0.460107 -0.163585 -0.175831 
-0.163585 -0.175831 -0.0727774 -0.1796 
-0.0727774 -0.1796 -0.0862762 -0.447004 
0.0782057 -0.302969 0.00377886 -0.30636 
0.00377886 -0.30636 0.0081995 -0.182962 
0.0081995 -0.182962 0.08086 -0.185978 
0.08086 -0.185978 0.0782057 -0.302969 
