0.180838 -0.397348 0.173429 -0.0999639 
0.670933 -0.525148 0.616235 -0.0442634 
0.0375962 -0.70258 0.0388944 0.0433878 
-0.277071 -0.449001 -0.254202 -0.0680713 
0.180838 -0.397348 0.670933 -0.525148 
0.670933 -0.525148 0.0375962 -0.70258 
0.0375962 -0.70258 -0.277071 -0.449001 
-0.277071 -0.449001 0.180838 -0.397348 
0.173429 -0.0999639 -0.0130398 0.07731 
-0.0130398 0.07731 -0.254202 -0.0680713 
0.616235 -0.0442634 0.36739 0.257316 
0.36739 0.257316 0.0388944 0.0433878 
-0.0130398 0.07731 0.36739 0.257316 
0.173429 -0.0999639 0.616235 -0.0442634 
-0.254202 -0.0680713 0.0388944 0.0433878 
-0.0654321 -0.425128 -0.165468 -0.436412 
-0.165468 -0.436412 -0.154343 -0.154632 
-0.154343 -0.154632 -0.0598245 -0.157785 
-0.0598245 -0.157785 -0.0654321 -0.425128 
0.105092 -0.281685 0.0252973 -0.284715 
0.0252973 -0.284715 0.0258216 -0.160642 
0.0258216 -0.160642 0.103788 -0.163243 
0.103788 -0.163243 0.105092 -0.281685 
