0 0 0 1 0.394722 -0.484987 
0 0 6.5 1 0.328256 0.0754017 
10 0 0 1 -0.25772 -0.42014 
10 0 6.5 1 -0.269878 -0.0223495 
10 10 0 1 0.0327473 -0.310447 
10 10 6.5 1 0.0141706 -0.0498878 
0 10 0 1 0.473927 -0.320553 
0 10 6.5 1 0.431384 0.00108643 
0 5 10 1 0.367582 0.230192 
10 5 10 1 -0.108003 0.119596 
0 6 0 1 0.452179 -0.365704 
0 8 0 1 0.464082 -0.340992 
0 8 5 1 0.428378 -0.0674754 
0 6 5 1 0.413392 -0.0637618 
0 2 2.5 1 0.394923 -0.239048 
0 4 2.5 1 0.415782 -0.223722 
0 4 5 1 0.39507 -0.0592213 
0 2 5 1 0.372158 -0.0535432 
0.5 0.5 -0.5 1 0.362337 -0.511128 
0.5 0.5 6 1 0.301327 0.0248928 
10.5 0.5 -0.5 1 -0.257316 -0.441043 
10.5 0.5 6 1 -0.269081 -0.0556838 
10.5 10.5 -0.5 1 0.026127 -0.326858 
10.5 10.5 6 1 0.00820895 -0.07168 
0.5 10.5 -0.5 1 0.452808 -0.340547 
0.5 10.5 6 1 0.412371 -0.027064 
0.5 5.5 9.5 1 0.346645 0.188159 
10.5 5.5 9.5 1 -0.111706 0.0895847 
0.5 6.5 -0.5 1 0.427566 -0.388139 
0.5 8.5 -0.5 1 0.441343 -0.362163 
0.5 8.5 4.5 1 0.407571 -0.0963052 
0.5 6.5 4.5 1 0.391079 -0.0955074 
0.5 2.5 2 1 0.367342 -0.271881 
0.5 4.5 2 1 0.390426 -0.253543 
0.5 4.5 4.5 1 0.371052 -0.0945386 
0.5 2.5 4.5 1 0.346218 -0.0933372 
