-0.387174 -0.394191 -0.390179 0.246214 
-0.251452 -0.12056 -0.245505 0.207099 
0.227095 -0.132858 0.257392 0.175851 
0.51139 -0.390034 0.598369 0.181531 
-0.387174 -0.394191 -0.251452 -0.12056 
-0.251452 -0.12056 0.227095 -0.132858 
0.227095 -0.132858 0.51139 -0.390034 
0.51139 -0.390034 -0.387174 -0.394191 
-0.390179 0.246214 0.162017 0.593231 
0.162017 0.593231 0.598369 0.181531 
-0.245505 0.207099 0.0241584 0.376588 
0.0241584 0.376588 0.257392 0.175851 
0.162017 0.593231 0.0241584 0.376588 
-0.390179 0.246214 -0.245505 0.207099 
0.598369 0.181531 0.257392 0.175851 
0.174038 -0.391594 0.346098 -0.390798 
0.346098 -0.390798 0.400243 0.0481944 
0.400243 0.0481944 0.215899 0.0570269 
0.215899 0.0570269 0.174038 -0.391594 
-0.185496 -0.167922 0.00846233 -0.171915 
0.00846233 -0.171915 0.0232333 0.0662582 
0.0232333 0.0662582 -0.178332 0.0759158 
-0.178332 0.0759158 -0.185496 -0.167922 
