-0.580944 -0.468818 -0.548259 -0.0668698 
-0.105852 -0.377378 -0.106992 -0.0975765 
0.290511 -0.440101 0.261031 -0.0500411 
-0.222646 -0.645169 -0.211505 0.0321808 
-0.580944 -0.468818 -0.105852 -0.377378 
-0.105852 -0.377378 0.290511 -0.440101 
0.290511 -0.440101 -0.222646 -0.645169 
-0.222646 -0.645169 -0.580944 -0.468818 
-0.548259 -0.0668698 -0.40694 0.206665 
-0.40694 0.206665 -0.211505 0.0321808 
-0.106992 -0.0975765 0.0423163 0.0823774 
0.0423163 0.0823774 0.261031 -0.0500411 
-0.40694 0.206665 0.0423163 0.0823774 
-0.548259 -0.0668698 -0.106992 -0.0975765 
-0.211505 0.0321808 0.261031 -0.0500411 
-0.413937 -0.551017 -0.330303 -0.592181 
-0.330303 -0.592181 -0.313627 -0.122656 
-0.313627 -0.122656 -0.392798 -0.133048 
-0.392798 -0.133048 -0.413937 -0.551017 
-0.522552 -0.314438 -0.468551 -0.323274 
-0.468551 -0.323274 -0.45714 -0.141494 
-0.45714 -0.141494 -0.510464 -0.148494 
-0.510464 -0.148494 -0.522552 -0.314438 
