0 0 0 1 0.289094 -0.416179 
0 0 6.5 1 0.256818 -0.0715462 
10 0 0 1 0.562706 -0.683355 
10 0 6.5 1 0.468348 0.0281753 
10 10 0 1 -0.534822 -0.720052 
10 10 6.5 1 -0.507632 -0.0257632 
0 10 0 1 -0.238192 -0.438284 
0 10 6.5 1 -0.240707 -0.0976959 
0 5 10 1 -0.00232982 0.0843442 
10 5 10 1 -0.0413452 0.318866 
0 6 0 1 -0.0293403 -0.429528 
0 8 0 1 -0.134106 -0.433921 
0 8 5 1 -0.140587 -0.167894 
0 6 5 1 -0.0404014 -0.162864 
0 2 2.5 1 0.171826 -0.283684 
0 4 2.5 1 0.0680853 -0.288472 
0 4 5 1 0.0604108 -0.157802 
0 2 5 1 0.161856 -0.152708 
0.5 0.5 -0.5 1 0.270893 -0.452854 
0.5 0.5 6 1 0.238733 -0.0960626 
10.5 0.5 -0.5 1 0.541508 -0.781075 
10.5 0.5 6 1 0.444061 -0.0158333 
10.5 10.5 -0.5 1 -0.626397 -0.816672 
10.5 10.5 6 1 -0.587171 -0.0714805 
0.5 10.5 -0.5 1 -0.27211 -0.475019 
0.5 10.5 6 1 -0.27276 -0.122576 
0.5 5.5 9.5 1 -0.02699 0.0651193 
10.5 5.5 9.5 1 -0.0918077 0.294066 
0.5 6.5 -0.5 1 -0.0570981 -0.466242 
0.5 8.5 -0.5 1 -0.164964 -0.470645 
0.5 8.5 4.5 1 -0.170256 -0.195232 
0.5 6.5 4.5 1 -0.067239 -0.190142 
0.5 2.5 2 1 0.150577 -0.315406 
0.5 4.5 2 1 0.0437955 -0.320233 
0.5 4.5 4.5 1 0.0364418 -0.18502 
0.5 2.5 4.5 1 0.140792 -0.179864 
