0 0 0 1 0.280742 -0.350823 
0 0 6.5 1 0.245082 -0.0304567 
10 0 0 1 0.664647 -0.601923 
10 0 6.5 1 0.578374 0.0234704 
10 10 0 1 -0.336243 -0.77514 
10 10 6.5 1 -0.380824 -0.0587962 
0 10 0 1 -0.222794 -0.417018 
0 10 6.5 1 -0.24765 -0.0743447 
0 5 10 1 -0.00947695 0.119772 
10 5 10 1 0.0941636 0.31768 
0 6 0 1 -0.0136123 -0.389519 
0 8 0 1 -0.116841 -0.403089 
0 8 5 1 -0.137936 -0.141565 
0 6 5 1 -0.0364667 -0.131556 
0 2 2.5 1 0.17191 -0.236625 
0 4 2.5 1 0.0746168 -0.2478 
0 4 5 1 0.0624771 -0.121797 
0 2 5 1 0.158988 -0.112278 
0.5 0.5 -0.5 1 0.269391 -0.38665 
0.5 0.5 6 1 0.23296 -0.0558844 
10.5 0.5 -0.5 1 0.665305 -0.689694 
10.5 0.5 6 1 0.573963 -0.0234457 
10.5 10.5 -0.5 1 -0.406045 -0.888096 
10.5 10.5 6 1 -0.449651 -0.117728 
0.5 10.5 -0.5 1 -0.251275 -0.457436 
0.5 10.5 6 1 -0.276153 -0.102845 
0.5 5.5 9.5 1 -0.0294973 0.098424 
10.5 5.5 9.5 1 0.0603188 0.286874 
0.5 6.5 -0.5 1 -0.0347228 -0.427995 
0.5 8.5 -0.5 1 -0.141544 -0.442518 
0.5 8.5 4.5 1 -0.162795 -0.171975 
0.5 6.5 4.5 1 -0.0578583 -0.161262 
0.5 2.5 2 1 0.157208 -0.269071 
0.5 4.5 2 1 0.0567186 -0.281012 
0.5 4.5 4.5 1 0.0443863 -0.150823 
0.5 2.5 4.5 1 0.144041 -0.140649 
