0.290913 -0.387437 0.256661 -0.0438475 
0.531248 -0.638246 0.437808 0.0710327 
-0.546798 -0.668216 -0.527617 0.00257048 
-0.231912 -0.410198 -0.238192 -0.0758477 
0.290913 -0.387437 0.531248 -0.638246 
0.531248 -0.638246 -0.546798 -0.668216 
-0.546798 -0.668216 -0.231912 -0.410198 
-0.231912 -0.410198 0.290913 -0.387437 
0.256661 -0.0438475 -0.00441362 0.108112 
-0.00441362 0.108112 -0.238192 -0.0758477 
0.437808 0.0710327 -0.0748244 0.351613 
-0.0748244 0.351613 -0.527617 0.00257048 
-0.00441362 0.108112 -0.0748244 0.351613 
0.256661 -0.0438475 0.437808 0.0710327 
-0.238192 -0.0758477 -0.527617 0.00257048 
-0.0268424 -0.401271 -0.130036 -0.405763 
-0.130036 -0.405763 -0.139067 -0.144049 
-0.139067 -0.144049 -0.0401187 -0.138114 
-0.0401187 -0.138114 -0.0268424 -0.401271 
0.172326 -0.256272 0.0686971 -0.261653 
0.0686971 -0.261653 0.0600658 -0.132104 
0.0600658 -0.132104 0.16151 -0.126019 
0.16151 -0.126019 0.172326 -0.256272 
