-0.0553256 -0.0392006 -0.0388701 0.212419 
0.34456 -0.0949292 0.379703 0.192765 
0.325385 -0.236548 0.384957 0.25222 
-0.290534 -0.122155 -0.277582 0.270858 
-0.0553256 -0.0392006 0.34456 -0.0949292 
0.34456 -0.0949292 0.325385 -0.236548 
0.325385 -0.236548 -0.290534 -0.122155 
-0.290534 -0.122155 -0.0553256 -0.0392006 
-0.0388701 0.212419 -0.122079 0.41146 
-0.122079 0.41146 -0.277582 0.270858 
0.379703 0.192765 0.407361 0.425372 
0.407361 0.425372 0.384957 0.25222 
-0.122079 0.41146 0.407361 0.425372 
-0.0388701 0.212419 0.379703 0.192765 
-0.277582 0.270858 0.384957 0.25222 
-0.171012 -0.0800017 -0.224854 -0.0989908 
-0.224854 -0.0989908 -0.213544 0.169696 
-0.213544 0.169696 -0.158911 0.16429 
-0.158911 0.16429 -0.171012 -0.0800017 
-0.0817888 0.0511786 -0.119931 0.0460976 
-0.119931 0.0460976 -0.113595 0.159806 
-0.113595 0.159806 -0.0753998 0.156026 
-0.0753998 0.156026 -0.0817888 0.0511786 
