0.0645253 -0.269846 0.0255598 0.410148 
-0.243788 -0.0933767 -0.281198 0.2668 
0.170679 -0.017069 0.159721 0.266169 
0.610167 -0.0914392 0.623407 0.357868 
0.0645253 -0.269846 -0.243788 -0.0933767 
-0.243788 -0.0933767 0.170679 -0.017069 
0.170679 -0.017069 0.610167 -0.0914392 
0.610167 -0.0914392 0.0645253 -0.269846 
0.0255598 0.410148 0.388046 0.709784 
0.388046 0.709784 0.623407 0.357868 
-0.281198 0.2668 -0.0454549 0.450468 
-0.0454549 0.450468 0.159721 0.266169 
0.388046 0.709784 -0.0454549 0.450468 
0.0255598 0.410148 -0.281198 0.2668 
0.623407 0.357868 0.159721 0.266169 
0.44243 -0.146284 0.532306 -0.116897 
0.532306 -0.116897 0.538641 0.247518 
0.538641 0.247518 0.44373 0.24617 
0.44373 0.24617 0.44243 -0.146284 
0.206071 0.00250565 0.334795 0.0250778 
0.334795 0.0250778 0.331881 0.244582 
0.331881 0.244582 0.198115 0.242682 
0.198115 0.242682 0.206071 0.00250565 
