-0.535056 -0.303869 -0.506511 0.319732 
-0.25227 -0.117437 -0.230073 0.201363 
0.2358 -0.16636 0.27229 0.157837 
0.417311 -0.408106 0.501861 0.236444 
-0.535056 -0.303869 -0.25227 -0.117437 
-0.25227 -0.117437 0.2358 -0.16636 
0.2358 -0.16636 0.417311 -0.408106 
0.417311 -0.408106 -0.535056 -0.303869 
-0.506511 0.319732 0.0195191 0.650794 
0.0195191 0.650794 0.501861 0.236444 
-0.230073 0.201363 0.0348747 0.360507 
0.0348747 0.360507 0.27229 0.157837 
0.0195191 0.650794 0.0348747 0.360507 
-0.506511 0.319732 -0.230073 0.201363 
0.501861 0.236444 0.27229 0.157837 
0.0271756 -0.365406 0.220662 -0.386583 
0.220662 -0.386583 0.275793 0.0995248 
0.275793 0.0995248 0.0735381 0.117535 
0.0735381 0.117535 0.0271756 -0.365406 
-0.336094 -0.0906238 -0.144683 -0.10966 
-0.144683 -0.10966 -0.125353 0.135246 
-0.125353 0.135246 -0.320964 0.152665 
-0.320964 0.152665 -0.336094 -0.0906238 
