-0.153231 -0.0257306 -0.160888 0.229695 
0.236534 -0.0345879 0.24965 0.230221 
0.325001 -0.184634 0.355257 0.24931 
-0.302434 -0.162022 -0.327852 0.247273 
-0.153231 -0.0257306 0.236534 -0.0345879 
0.236534 -0.0345879 0.325001 -0.184634 
0.325001 -0.184634 -0.302434 -0.162022 
-0.302434 -0.162022 -0.153231 -0.0257306 
-0.160888 0.229695 -0.23181 0.423193 
-0.23181 0.423193 -0.327852 0.247273 
0.24965 0.230221 0.300102 0.433624 
0.300102 0.433624 0.355257 0.24931 
-0.23181 0.423193 0.300102 0.433624 
-0.160888 0.229695 0.24965 0.230221 
-0.327852 0.247273 0.355257 0.24931 
-0.225497 -0.0917424 -0.259862 -0.123134 
-0.259862 -0.123134 -0.274429 0.15301 
-0.274429 0.15301 -0.236814 0.158033 
-0.236814 0.158033 -0.225497 -0.0917424 
-0.17694 0.0584792 -0.201545 0.0455223 
-0.201545 0.0455223 -0.206122 0.162132 
-0.206122 0.162132 -0.180603 0.16554 
-0.180603 0.16554 -0.17694 0.0584792 
