-0.494184 -0.443972 -0.491178 -0.0838382 
-0.0426264 -0.348189 -0.0578285 -0.0797122 
0.309881 -0.416233 0.268194 -0.0243853 
-0.271389 -0.624814 -0.285573 -0.00116847 
-0.494184 -0.443972 -0.0426264 -0.348189 
-0.0426264 -0.348189 0.309881 -0.416233 
0.309881 -0.416233 -0.271389 -0.624814 
-0.271389 -0.624814 -0.494184 -0.443972 
-0.491178 -0.0838382 -0.415393 0.169247 
-0.415393 0.169247 -0.285573 -0.00116847 
-0.0578285 -0.0797122 0.0632116 0.1027 
0.0632116 0.1027 0.268194 -0.0243853 
-0.415393 0.169247 0.0632116 0.1027 
-0.491178 -0.0838382 -0.0578285 -0.0797122 
-0.285573 -0.00116847 0.268194 -0.0243853 
-0.391463 -0.527349 -0.339288 -0.5697 
-0.339288 -0.5697 -0.345011 -0.143774 
-0.345011 -0.143774 -0.393795 -0.150372 
-0.393795 -0.150372 -0.391463 -0.527349 
-0.465696 -0.309871 -0.432875 -0.320594 
-0.432875 -0.320594 -0.432938 -0.155666 
-0.432938 -0.155666 -0.46504 -0.160008 
-0.46504 -0.160008 -0.465696 -0.309871 
