0 0 0 1 -0.719187 -0.596494 
0 0 6.5 1 -0.637335 -0.0875926 
10 0 0 1 -0.219559 -0.4314 
10 0 6.5 1 -0.192428 -0.128173 
10 10 0 1 0.246096 -0.533805 
10 10 6.5 1 0.253368 -0.1497 
0 10 0 1 -0.029359 -0.896989 
0 10 6.5 1 0.0153396 -0.109923 
0 5 10 1 -0.339918 0.192567 
10 5 10 1 0.0157126 0.0308622 
0 6 0 1 -0.378937 -0.74471 
0 8 0 1 -0.221217 -0.813414 
0 8 5 1 -0.173808 -0.254574 
0 6 5 1 -0.323902 -0.236977 
0 2 2.5 1 -0.590608 -0.416891 
0 4 2.5 1 -0.479962 -0.446514 
0 4 5 1 -0.451128 -0.222061 
0 2 5 1 -0.560342 -0.209257 
0.5 0.5 -0.5 1 -0.662026 -0.634213 
0.5 0.5 6 1 -0.585214 -0.127489 
10.5 0.5 -0.5 1 -0.188709 -0.454864 
10.5 0.5 6 1 -0.163143 -0.152387 
10.5 10.5 -0.5 1 0.281294 -0.562567 
10.5 10.5 6 1 0.286519 -0.179701 
0.5 10.5 -0.5 1 0.0470718 -0.949928 
0.5 10.5 6 1 0.0827689 -0.168415 
0.5 5.5 9.5 1 -0.283938 0.144069 
10.5 5.5 9.5 1 0.0459945 0.00368081 
0.5 6.5 -0.5 1 -0.311262 -0.790385 
0.5 8.5 -0.5 1 -0.149336 -0.86248 
0.5 8.5 4.5 1 -0.108218 -0.307311 
0.5 6.5 4.5 1 -0.261796 -0.285637 
0.5 2.5 2 1 -0.53256 -0.458101 
0.5 4.5 2 1 -0.418701 -0.490583 
0.5 4.5 4.5 1 -0.392243 -0.267227 
0.5 2.5 4.5 1 -0.504419 -0.251396 
