0 0 0 1 0.10507 -0.415009 
0 0 6.5 1 0.117828 -0.13153 
10 0 0 1 0.578407 -0.566881 
10 0 6.5 1 0.56856 -0.146452 
10 10 0 1 0.167353 -0.805345 
10 10 6.5 1 0.191557 -0.0935145 
0 10 0 1 -0.304868 -0.487099 
0 10 6.5 1 -0.264297 -0.0956087 
0 5 10 1 -0.0321737 0.0480485 
10 5 10 1 0.425173 0.126926 
0 6 0 1 -0.107804 -0.452444 
0 8 0 1 -0.19923 -0.468522 
0 8 5 1 -0.174122 -0.185266 
0 6 5 1 -0.0878203 -0.188127 
0 2 2.5 1 0.048933 -0.307427 
0 4 2.5 1 -0.0198084 -0.312248 
0 4 5 1 -0.0120062 -0.19064 
0 2 5 1 0.0551229 -0.192866 
0.5 0.5 -0.5 1 0.105286 -0.446539 
0.5 0.5 6 1 0.118459 -0.152303 
10.5 0.5 -0.5 1 0.603433 -0.622252 
10.5 0.5 6 1 0.591532 -0.177782 
10.5 10.5 -0.5 1 0.17369 -0.925523 
10.5 10.5 6 1 0.199222 -0.142091 
0.5 10.5 -0.5 1 -0.324573 -0.534998 
0.5 10.5 6 1 -0.280975 -0.122699 
0.5 5.5 9.5 1 -0.0370914 0.0313006 
10.5 5.5 9.5 1 0.444409 0.105279 
0.5 6.5 -0.5 1 -0.116476 -0.492174 
0.5 8.5 -0.5 1 -0.212682 -0.511972 
0.5 8.5 4.5 1 -0.185914 -0.214622 
0.5 6.5 4.5 1 -0.0953418 -0.215623 
0.5 2.5 2 1 0.0471293 -0.336407 
0.5 4.5 2 1 -0.0243728 -0.343276 
0.5 4.5 4.5 1 -0.0161909 -0.216498 
0.5 2.5 4.5 1 0.0535707 -0.217269 
