-0.408878 -0.408236 -0.428352 -0.0856193 
0.016931 -0.310097 -0.00683181 -0.0521629 
0.324185 -0.405361 0.279531 -0.0134359 
-0.288208 -0.618521 -0.326609 -0.0548894 
-0.408878 -0.408236 0.016931 -0.310097 
0.016931 -0.310097 0.324185 -0.405361 
0.324185 -0.405361 -0.288208 -0.618521 
-0.288208 -0.618521 -0.408878 -0.408236 
-0.428352 -0.0856193 -0.404292 0.13666 
-0.404292 0.13666 -0.326609 -0.0548894 
-0.00683181 -0.0521629 0.0910055 0.124985 
0.0910055 0.124985 0.279531 -0.0134359 
-0.404292 0.13666 0.0910055 0.124985 
-0.428352 -0.0856193 -0.00683181 -0.0521629 
-0.326609 -0.0548894 0.279531 -0.0134359 
-0.353203 -0.505258 -0.32495 -0.554494 
-0.32495 -0.554494 -0.34997 -0.174182 
-0.34997 -0.174182 -0.374715 -0.169007 
-0.374715 -0.169007 -0.353203 -0.505258 
-0.40226 -0.296638 -0.38513 -0.31388 
-0.38513 -0.31388 -0.394447 -0.16488 
-0.394447 -0.16488 -0.41055 -0.161513 
-0.41055 -0.161513 -0.40226 -0.296638 
