-0.694005 -0.590653 -0.621346 -0.108894 
-0.190937 -0.445756 -0.170753 -0.145917 
0.260682 -0.544609 0.256409 -0.151374 
-0.102529 -0.87841 -0.0648505 -0.099036 
-0.694005 -0.590653 -0.190937 -0.445756 
-0.190937 -0.445756 0.260682 -0.544609 
0.260682 -0.544609 -0.102529 -0.87841 
-0.102529 -0.87841 -0.694005 -0.590653 
-0.621346 -0.108894 -0.372155 0.169263 
-0.372155 0.169263 -0.0648505 -0.099036 
-0.170753 -0.145917 0.0213734 0.0188945 
0.0213734 0.0188945 0.256409 -0.151374 
-0.372155 0.169263 0.0213734 0.0188945 
-0.621346 -0.108894 -0.170753 -0.145917 
-0.0648505 -0.099036 0.256409 -0.151374 
-0.409707 -0.728966 -0.273079 -0.795437 
-0.273079 -0.795437 -0.230941 -0.247505 
-0.230941 -0.247505 -0.360289 -0.236502 
-0.360289 -0.236502 -0.409707 -0.728966 
-0.586004 -0.41705 -0.493761 -0.442264 
-0.493761 -0.442264 -0.467983 -0.227342 
-0.467983 -0.227342 -0.559041 -0.219597 
-0.559041 -0.219597 -0.586004 -0.41705 
