0.156641 -0.409922 0.156319 -0.11627 
0.645353 -0.547464 0.605302 -0.0854259 
0.0885866 -0.742756 0.0963684 -0.000999763 
-0.287023 -0.465497 -0.257004 -0.0794695 
0.156641 -0.409922 0.645353 -0.547464 
0.645353 -0.547464 0.0885866 -0.742756 
0.0885866 -0.742756 -0.287023 -0.465497 
-0.287023 -0.465497 0.156641 -0.409922 
0.156319 -0.11627 -0.0178572 0.0633654 
-0.0178572 0.0633654 -0.257004 -0.0794695 
0.605302 -0.0854259 0.393043 0.210116 
0.393043 0.210116 0.0963684 -0.000999763 
-0.0178572 0.0633654 0.393043 0.210116 
0.156319 -0.11627 0.605302 -0.0854259 
-0.257004 -0.0794695 0.0963684 -0.000999763 
-0.0790326 -0.439443 -0.176703 -0.451678 
-0.176703 -0.451678 -0.160169 -0.168079 
-0.160169 -0.168079 -0.0680668 -0.171912 
-0.0680668 -0.171912 -0.0790326 -0.439443 
0.0875811 -0.295954 0.0113467 -0.299009 
0.0113467 -0.299009 0.0144989 -0.175349 
0.0144989 -0.175349 0.0889365 -0.178447 
0.0889365 -0.178447 0.0875811 -0.295954 
