0.301955 -0.536263 0.241583 0.075848 
-0.223243 -0.36066 -0.260797 0.00750661 
0.122818 -0.22624 0.0967414 0.0355319 
0.572873 -0.277938 0.537565 0.0873393 
0.301955 -0.536263 -0.223243 -0.36066 
-0.223243 -0.36066 0.122818 -0.22624 
0.122818 -0.22624 0.572873 -0.277938 
0.572873 -0.277938 0.301955 -0.536263 
0.241583 0.075848 0.402961 0.330564 
0.402961 0.330564 0.537565 0.0873393 
-0.260797 0.00750661 -0.0683848 0.189169 
-0.0683848 0.189169 0.0967414 0.0355319 
0.402961 0.330564 -0.0683848 0.189169 
0.241583 0.075848 -0.260797 0.00750661 
0.537565 0.0873393 0.0967414 0.0355319 
0.495772 -0.351455 0.537705 -0.311472 
0.537705 -0.311472 0.508103 -0.00602582 
0.508103 -0.00602582 0.463223 -0.0166572 
0.463223 -0.0166572 0.495772 -0.351455 
0.361657 -0.253048 0.426865 -0.21498 
0.426865 -0.21498 0.408769 -0.0295567 
0.408769 -0.0295567 0.341311 -0.0455368 
0.341311 -0.0455368 0.361657 -0.253048 
