0 0 0 1 0.279298 -0.372612 
0 0 6.5 1 0.243756 -0.0522911 
10 0 0 1 0.68554 -0.621308 
10 0 6.5 1 0.595316 -0.00099414 
10 10 0 1 -0.308843 -0.811927 
10 10 6.5 1 -0.348486 -0.0769237 
0 10 0 1 -0.225216 -0.442081 
0 10 6.5 1 -0.247351 -0.0936589 
0 5 10 1 -0.00736383 0.0991228 
10 5 10 1 0.125374 0.293406 
0 6 0 1 -0.0136352 -0.412948 
0 8 0 1 -0.11769 -0.427275 
0 8 5 1 -0.137215 -0.161934 
0 6 5 1 -0.0353727 -0.152134 
0 2 2.5 1 0.171691 -0.258036 
0 4 2.5 1 0.0750677 -0.269309 
0 4 5 1 0.0633102 -0.142638 
0 2 5 1 0.158979 -0.133431 
0.5 0.5 -0.5 1 0.268955 -0.408708 
0.5 0.5 6 1 0.232646 -0.0775009 
10.5 0.5 -0.5 1 0.690449 -0.709419 
10.5 0.5 6 1 0.594574 -0.0469983 
10.5 10.5 -0.5 1 -0.377708 -0.931056 
10.5 10.5 6 1 -0.415272 -0.136335 
0.5 10.5 -0.5 1 -0.253708 -0.483667 
0.5 10.5 6 1 -0.275625 -0.122339 
0.5 5.5 9.5 1 -0.0265584 0.0780723 
10.5 5.5 9.5 1 0.0954514 0.263612 
0.5 6.5 -0.5 1 -0.0341815 -0.452183 
0.5 8.5 -0.5 1 -0.142083 -0.467658 
0.5 8.5 4.5 1 -0.161628 -0.192596 
0.5 6.5 4.5 1 -0.056106 -0.181981 
0.5 2.5 2 1 0.157908 -0.290644 
0.5 4.5 2 1 0.0579588 -0.302808 
0.5 4.5 4.5 1 0.0460388 -0.171706 
0.5 2.5 4.5 1 0.144966 -0.161754 
