0 0 0 1 -0.270273 -0.0573329 
0 0 6.5 1 -0.300855 0.215201 
10 0 0 1 0.124683 -0.0160567 
10 0 6.5 1 0.109603 0.238853 
10 10 0 1 0.31421 -0.0965979 
10 10 6.5 1 0.300052 0.315398 
0 10 0 1 -0.323692 -0.17542 
0 10 6.5 1 -0.379482 0.284679 
0 5 10 1 -0.352657 0.438468 
10 5 10 1 0.172932 0.448711 
0 6 0 1 -0.295524 -0.113153 
0 8 0 1 -0.307937 -0.140592 
0 8 5 1 -0.344361 0.166629 
0 6 5 1 -0.327484 0.161287 
0 2 2.5 1 -0.289847 0.0387198 
0 4 2.5 1 -0.299489 0.0309855 
0 4 5 1 -0.313951 0.157004 
0 2 5 1 -0.302859 0.153493 
0.5 0.5 -0.5 1 -0.248116 -0.0791779 
0.5 0.5 6 1 -0.278324 0.196503 
10.5 0.5 -0.5 1 0.150472 -0.0358698 
10.5 0.5 6 1 0.136074 0.221797 
10.5 10.5 -0.5 1 0.359796 -0.130252 
10.5 10.5 6 1 0.347901 0.288993 
0.5 10.5 -0.5 1 -0.287528 -0.21511 
0.5 10.5 6 1 -0.342408 0.254018 
0.5 5.5 9.5 1 -0.32432 0.418355 
10.5 5.5 9.5 1 0.207742 0.430586 
0.5 6.5 -0.5 1 -0.266654 -0.143113 
0.5 8.5 -0.5 1 -0.275827 -0.174751 
0.5 8.5 4.5 1 -0.311678 0.137674 
0.5 6.5 4.5 1 -0.298141 0.135475 
0.5 2.5 2 1 -0.265659 0.0160593 
0.5 4.5 2 1 -0.273068 0.00594712 
0.5 4.5 4.5 1 -0.287333 0.13372 
0.5 2.5 4.5 1 -0.278504 0.132287 
