0 0 0 1 0.128453 -0.334503 
0 0 6.5 1 0.08546 0.321952 
10 0 0 1 -0.237812 -0.153993 
10 0 6.5 1 -0.277434 0.204465 
10 10 0 1 0.159163 -0.0622529 
10 10 6.5 1 0.142809 0.213092 
0 10 0 1 0.602499 -0.131145 
0 10 6.5 1 0.600919 0.29152 
0 5 10 1 0.39378 0.609211 
10 5 10 1 -0.0530669 0.387438 
0 6 0 1 0.459766 -0.192376 
0 8 0 1 0.536567 -0.159429 
0 8 5 1 0.532374 0.186015 
0 6 5 1 0.451546 0.181327 
0 2 2.5 1 0.250279 -0.0606438 
0 4 2.5 1 0.362478 -0.0329234 
0 4 5 1 0.355439 0.175752 
0 2 5 1 0.239269 0.169014 
0.5 0.5 -0.5 1 0.134656 -0.348002 
0.5 0.5 6 1 0.0953378 0.258763 
10.5 0.5 -0.5 1 -0.219903 -0.168785 
10.5 0.5 6 1 -0.257121 0.174354 
10.5 10.5 -0.5 1 0.160975 -0.0764941 
10.5 10.5 6 1 0.145195 0.189731 
0.5 10.5 -0.5 1 0.585056 -0.149331 
0.5 10.5 6 1 0.582662 0.252212 
0.5 5.5 9.5 1 0.383265 0.54068 
10.5 5.5 9.5 1 -0.0432053 0.35412 
0.5 6.5 -0.5 1 0.447101 -0.210183 
0.5 8.5 -0.5 1 0.521075 -0.177553 
0.5 8.5 4.5 1 0.516449 0.149591 
0.5 6.5 4.5 1 0.438762 0.142188 
0.5 2.5 2 1 0.248268 -0.0907215 
0.5 4.5 2 1 0.354091 -0.0620107 
0.5 4.5 4.5 1 0.347267 0.133469 
0.5 2.5 4.5 1 0.237926 0.123049 
