0 0 0 1 0.403321 -0.590239 
0 0 6.5 1 0.35354 -0.0503536 
10 0 0 1 -0.30037 -0.518997 
10 0 6.5 1 -0.286594 -0.0932354 
10 10 0 1 -0.0470446 -0.394266 
10 10 6.5 1 -0.050569 -0.127305 
0 10 0 1 0.389407 -0.414833 
0 10 6.5 1 0.360909 -0.107137 
0 5 10 1 0.340706 0.102875 
10 5 10 1 -0.142062 0.0470425 
0 6 0 1 0.393208 -0.462744 
0 8 0 1 0.391126 -0.436498 
0 8 5 1 0.366813 -0.173844 
0 6 5 1 0.36635 -0.172404 
0 2 2.5 1 0.381486 -0.346162 
0 4 2.5 1 0.380333 -0.328052 
0 4 5 1 0.365785 -0.170643 
0 2 5 1 0.365078 -0.168441 
0.5 0.5 -0.5 1 0.363121 -0.614928 
0.5 0.5 6 1 0.318949 -0.0936931 
10.5 0.5 -0.5 1 -0.30842 -0.540885 
10.5 0.5 6 1 -0.29448 -0.126784 
10.5 10.5 -0.5 1 -0.0575028 -0.410724 
10.5 10.5 6 1 -0.060456 -0.148375 
0.5 10.5 -0.5 1 0.366658 -0.433309 
0.5 10.5 6 1 0.340065 -0.131725 
0.5 5.5 9.5 1 0.316105 0.0673212 
10.5 5.5 9.5 1 -0.151517 0.0181082 
0.5 6.5 -0.5 1 0.365679 -0.483598 
0.5 8.5 -0.5 1 0.366214 -0.456114 
0.5 8.5 4.5 1 0.343678 -0.199253 
0.5 6.5 4.5 1 0.340976 -0.200327 
0.5 2.5 2 1 0.348403 -0.375729 
0.5 4.5 2 1 0.350959 -0.354916 
0.5 4.5 4.5 1 0.337691 -0.201633 
0.5 2.5 4.5 1 0.333611 -0.203255 
