0 0 0 1 -0.123857 -0.275772 
0 0 6.5 1 -0.152218 0.41824 
10 0 0 1 -0.247806 -0.0495278 
10 0 6.5 1 -0.270453 0.303657 
10 10 0 1 0.204741 -0.00591079 
10 10 6.5 1 0.212936 0.293175 
0 10 0 1 0.608043 -0.144346 
0 10 6.5 1 0.665136 0.367403 
0 5 10 1 0.341866 0.77023 
10 5 10 1 -0.0104317 0.490538 
0 6 0 1 0.365297 -0.187936 
0 8 0 1 0.493209 -0.164967 
0 8 5 1 0.528928 0.240015 
0 6 5 1 0.391808 0.240116 
0 2 2.5 1 0.0597494 -0.0129006 
0 4 2.5 1 0.228912 0.00296261 
0 4 5 1 0.236552 0.24023 
0 2 5 1 0.0593071 0.240361 
0.5 0.5 -0.5 1 -0.0873851 -0.290624 
0.5 0.5 6 1 -0.108585 0.347576 
10.5 0.5 -0.5 1 -0.223655 -0.0658085 
10.5 0.5 6 1 -0.243753 0.272412 
10.5 10.5 -0.5 1 0.211187 -0.0211672 
10.5 10.5 6 1 0.219485 0.267128 
0.5 10.5 -0.5 1 0.597844 -0.162391 
0.5 10.5 6 1 0.650673 0.318467 
0.5 5.5 9.5 1 0.34668 0.681868 
10.5 5.5 9.5 1 0.00521802 0.453974 
0.5 6.5 -0.5 1 0.367896 -0.205423 
0.5 8.5 -0.5 1 0.488728 -0.182811 
0.5 8.5 4.5 1 0.521998 0.197018 
0.5 6.5 4.5 1 0.392981 0.194611 
0.5 2.5 2 1 0.083273 -0.0451094 
0.5 4.5 2 1 0.240377 -0.0283415 
0.5 4.5 4.5 1 0.248024 0.191906 
0.5 2.5 4.5 1 0.0839768 0.188846 
