0.138876 -0.34723 0.0951423 0.305374 
-0.236663 -0.165547 -0.276507 0.192697 
0.157357 -0.0710738 0.140206 0.203041 
0.601171 -0.13944 0.597294 0.279056 
0.138876 -0.34723 -0.236663 -0.165547 
-0.236663 -0.165547 0.157357 -0.0710738 
0.157357 -0.0710738 0.601171 -0.13944 
0.601171 -0.13944 0.138876 -0.34723 
0.0951423 0.305374 0.394622 0.591075 
0.394622 0.591075 0.597294 0.279056 
-0.276507 0.192697 -0.0540505 0.375682 
-0.0540505 0.375682 0.140206 0.203041 
0.394622 0.591075 -0.0540505 0.375682 
0.0951423 0.305374 -0.276507 0.192697 
0.597294 0.279056 0.140206 0.203041 
0.462428 -0.201801 0.537129 -0.168225 
0.537129 -0.168225 0.531277 0.174238 
0.531277 0.174238 0.452682 0.168936 
0.452682 0.168936 0.462428 -0.201801 
0.257342 -0.0729711 0.366816 -0.0443169 
0.366816 -0.0443169 0.359107 0.162624 
0.359107 0.162624 0.245818 0.154982 
0.245818 0.154982 0.257342 -0.0729711 
