-0.409165 -0.387254 -0.408677 0.251884 
-0.252015 -0.121225 -0.243668 0.205251 
0.228343 -0.139212 0.25995 0.171344 
0.500401 -0.399033 0.588143 0.181581 
-0.409165 -0.387254 -0.252015 -0.121225 
-0.252015 -0.121225 0.228343 -0.139212 
0.228343 -0.139212 0.500401 -0.399033 
0.500401 -0.399033 -0.409165 -0.387254 
-0.408677 0.251884 0.143308 0.596272 
0.143308 0.596272 0.588143 0.181581 
-0.243668 0.205251 0.0260071 0.372956 
0.0260071 0.372956 0.25995 0.171344 
0.143308 0.596272 0.0260071 0.372956 
-0.408677 0.251884 -0.243668 0.205251 
0.588143 0.181581 0.25995 0.171344 
0.155067 -0.394561 0.33061 -0.396834 
0.33061 -0.396834 0.38534 0.0480906 
0.38534 0.0480906 0.197651 0.0586363 
0.197651 0.0586363 0.155067 -0.394561 
-0.207039 -0.163226 -0.0123059 -0.169797 
-0.0123059 -0.169797 0.00300044 0.0695732 
0.00300044 0.0695732 -0.199008 0.0809235 
-0.199008 0.0809235 -0.207039 -0.163226 
