-0.500414 -0.444376 -0.495459 -0.0815828 
-0.047129 -0.349442 -0.0614669 -0.0802688 
0.30845 -0.415782 0.267382 -0.0242328 
-0.269144 -0.622478 -0.281436 0.00462449 
-0.500414 -0.444376 -0.047129 -0.349442 
-0.047129 -0.349442 0.30845 -0.415782 
0.30845 -0.415782 -0.269144 -0.622478 
-0.269144 -0.622478 -0.500414 -0.444376 
-0.495459 -0.0815828 -0.415434 0.173579 
-0.415434 0.173579 -0.281436 0.00462449 
-0.0614669 -0.0802688 0.0614165 0.102346 
0.0614165 0.102346 0.267382 -0.0242328 
-0.415434 0.173579 0.0614165 0.102346 
-0.495459 -0.0815828 -0.0614669 -0.0802688 
-0.281436 0.00462449 0.267382 -0.0242328 
-0.393734 -0.526531 -0.339582 -0.568234 
-0.339582 -0.568234 -0.34372 -0.139459 
-0.34372 -0.139459 -0.394454 -0.146892 
-0.394454 -0.146892 -0.393734 -0.526531 
-0.470045 -0.308638 -0.435909 -0.318854 
-0.435909 -0.318854 -0.435192 -0.15286 
-0.435192 -0.15286 -0.468625 -0.157759 
-0.468625 -0.157759 -0.470045 -0.308638 
