-0.333478 -0.245825 -0.365079 0.0414029 
0.0692121 -0.173373 0.044899 0.075652 
0.3181 -0.266967 0.282882 0.122703 
-0.305224 -0.415726 -0.359222 0.076358 
-0.333478 -0.245825 0.0692121 -0.173373 
0.0692121 -0.173373 0.3181 -0.266967 
0.3181 -0.266967 -0.305224 -0.415726 
-0.305224 -0.415726 -0.333478 -0.245825 
-0.365079 0.0414029 -0.384761 0.252882 
-0.384761 0.252882 -0.359222 0.076358 
0.044899 0.075652 0.121795 0.259905 
0.121795 0.259905 0.282882 0.122703 
-0.384761 0.252882 0.121795 0.259905 
-0.365079 0.0414029 0.044899 0.075652 
-0.359222 0.076358 0.282882 0.122703 
-0.320281 -0.325183 -0.31369 -0.364815 
-0.31369 -0.364815 -0.349961 -0.0345394 
-0.349961 -0.0345394 -0.352557 -0.0314626 
-0.352557 -0.0314626 -0.320281 -0.325183 
-0.343054 -0.147674 -0.340036 -0.161757 
-0.340036 -0.161757 -0.354631 -0.0290044 
-0.354631 -0.0290044 -0.356327 -0.0269952 
-0.356327 -0.0269952 -0.343054 -0.147674 
