0.203425 -0.390472 0.189051 -0.0888352 
0.691906 -0.517227 0.623722 -0.0148562 
-0.0196311 -0.692893 -0.0238827 0.0598575 
-0.267863 -0.443933 -0.252786 -0.0672213 
0.203425 -0.390472 0.691906 -0.517227 
0.691906 -0.517227 -0.0196311 -0.692893 
-0.0196311 -0.692893 -0.267863 -0.443933 
-0.267863 -0.443933 0.203425 -0.390472 
0.189051 -0.0888352 -0.00990133 0.084485 
-0.00990133 0.084485 -0.252786 -0.0672213 
0.623722 -0.0148562 0.336874 0.288833 
0.336874 0.288833 -0.0238827 0.0598575 
-0.00990133 0.084485 0.336874 0.288833 
0.189051 -0.0888352 0.623722 -0.0148562 
-0.252786 -0.0672213 -0.0238827 0.0598575 
-0.0532437 -0.419588 -0.15536 -0.431171 
-0.15536 -0.431171 -0.149963 -0.15083 
-0.149963 -0.15083 -0.0531601 -0.152119 
-0.0531601 -0.152119 -0.0532437 -0.419588 
0.120968 -0.274006 0.0376319 -0.278044 
0.0376319 -0.278044 0.0355079 -0.153299 
0.0355079 -0.153299 0.117025 -0.154385 
0.117025 -0.154385 0.120968 -0.274006 
