0 0 0 1 0.312988 -0.496127 
0 0 6.5 1 0.329434 -0.0462417 
10 0 0 1 -0.383207 -0.444168 
10 0 6.5 1 -0.329264 0.00603565 
10 10 0 1 -0.234395 -0.313009 
10 10 6.5 1 -0.206678 -0.0457061 
0 10 0 1 0.176871 -0.344313 
0 10 6.5 1 0.191208 -0.0771098 
0 5 10 1 0.251312 0.104126 
10 5 10 1 -0.234185 0.14339 
0 6 0 1 0.215373 -0.387256 
0 8 0 1 0.19441 -0.363875 
0 8 5 1 0.206006 -0.138345 
0 6 5 1 0.227444 -0.13967 
0 2 2.5 1 0.279073 -0.294266 
0 4 2.5 1 0.247225 -0.276193 
0 4 5 1 0.253369 -0.141272 
0 2 5 1 0.285351 -0.143249 
0.5 0.5 -0.5 1 0.266963 -0.516662 
0.5 0.5 6 1 0.285344 -0.0780606 
10.5 0.5 -0.5 1 -0.40926 -0.466363 
10.5 0.5 6 1 -0.355447 -0.0274416 
10.5 10.5 -0.5 1 -0.252539 -0.328543 
10.5 10.5 6 1 -0.224712 -0.0652506 
0.5 10.5 -0.5 1 0.151674 -0.35924 
0.5 10.5 6 1 0.166569 -0.0960475 
0.5 5.5 9.5 1 0.220141 0.0774127 
10.5 5.5 9.5 1 -0.255558 0.115739 
0.5 6.5 -0.5 1 0.184564 -0.404149 
0.5 8.5 -0.5 1 0.166684 -0.379735 
0.5 8.5 4.5 1 0.178806 -0.157919 
0.5 6.5 4.5 1 0.197291 -0.161035 
0.5 2.5 2 1 0.240078 -0.317103 
0.5 4.5 2 1 0.212999 -0.297062 
0.5 4.5 4.5 1 0.219557 -0.164787 
0.5 2.5 4.5 1 0.246898 -0.169396 
