0 0 0 1 -0.376913 -0.36127 
0 0 6.5 1 -0.402628 -0.0540655 
10 0 0 1 0.0385048 -0.270266 
10 0 6.5 1 0.0134019 -0.01688 
10 10 0 1 0.324302 -0.370261 
10 10 6.5 1 0.281804 0.0194341 
0 10 0 1 -0.292929 -0.565025 
0 10 6.5 1 -0.33886 -0.0316151 
0 5 10 1 -0.39659 0.159596 
10 5 10 1 0.102646 0.160002 
0 6 0 1 -0.338005 -0.455666 
0 8 0 1 -0.318365 -0.503315 
0 8 5 1 -0.34902 -0.144282 
0 6 5 1 -0.364982 -0.137616 
0 2 2.5 1 -0.377278 -0.256819 
0 4 2.5 1 -0.365733 -0.274292 
0 4 5 1 -0.377713 -0.132299 
0 2 5 1 -0.388103 -0.12796 
0.5 0.5 -0.5 1 -0.347003 -0.385804 
0.5 0.5 6 1 -0.373351 -0.0747724 
10.5 0.5 -0.5 1 0.0671619 -0.289612 
10.5 0.5 6 1 0.041553 -0.0336267 
10.5 10.5 -0.5 1 0.372928 -0.4017 
10.5 10.5 6 1 0.329109 -0.00582541 
0.5 10.5 -0.5 1 -0.238778 -0.612205 
0.5 10.5 6 1 -0.286691 -0.0671559 
0.5 5.5 9.5 1 -0.359617 0.136619 
10.5 5.5 9.5 1 0.137605 0.141851 
0.5 6.5 -0.5 1 -0.297097 -0.490204 
0.5 8.5 -0.5 1 -0.271754 -0.543221 
0.5 8.5 4.5 1 -0.303562 -0.177353 
0.5 6.5 4.5 1 -0.324972 -0.166801 
0.5 2.5 2 1 -0.344717 -0.282201 
0.5 4.5 2 1 -0.32965 -0.302538 
0.5 4.5 4.5 1 -0.341987 -0.158414 
0.5 2.5 4.5 1 -0.355834 -0.151589 
