0.2768 -0.247958 0.243515 0.0737168 
0.57045 -0.478477 0.501962 0.161225 
-0.424548 -0.589156 -0.485829 0.0649509 
-0.220824 -0.300538 -0.252299 0.0247387 
0.2768 -0.247958 0.57045 -0.478477 
0.57045 -0.478477 -0.424548 -0.589156 
-0.424548 -0.589156 -0.220824 -0.300538 
-0.220824 -0.300538 0.2768 -0.247958 
0.243515 0.0737168 -0.0204238 0.222376 
-0.0204238 0.222376 -0.252299 0.0247387 
0.501962 0.161225 -0.0213195 0.457292 
-0.0213195 0.457292 -0.485829 0.0649509 
-0.0204238 0.222376 -0.0213195 0.457292 
0.243515 0.0737168 0.501962 0.161225 
-0.252299 0.0247387 -0.485829 0.0649509 
-0.0205215 -0.279374 -0.120462 -0.289934 
-0.120462 -0.289934 -0.144982 -0.0400301 
-0.144982 -0.0400301 -0.0453222 -0.0300278 
-0.0453222 -0.0300278 -0.0205215 -0.279374 
0.165408 -0.134061 0.0664402 -0.144256 
0.0664402 -0.144256 0.0539213 -0.0200672 
0.0539213 -0.0200672 0.152752 -0.0101482 
0.152752 -0.0101482 0.165408 -0.134061 
