0 0 0 1 -0.620471 -0.293579 
0 0 6.5 1 -0.564965 0.289116 
10 0 0 1 -0.249495 -0.159658 
10 0 6.5 1 -0.21917 0.148908 
10 10 0 1 0.236751 -0.22507 
10 10 6.5 1 0.271075 0.110022 
0 10 0 1 0.307238 -0.450789 
0 10 6.5 1 0.377959 0.234323 
0 5 10 1 -0.0980822 0.605839 
10 5 10 1 0.0332018 0.303992 
0 6 0 1 -0.100514 -0.381691 
0 8 0 1 0.0964179 -0.415063 
0 8 5 1 0.147982 0.0933931 
0 6 5 1 -0.051474 0.110087 
0 2 2.5 1 -0.435605 -0.0908329 
0 4 2.5 1 -0.261569 -0.112846 
0 4 5 1 -0.238158 0.125711 
0 2 5 1 -0.413259 0.140366 
0.5 0.5 -0.5 1 -0.552816 -0.330849 
0.5 0.5 6 1 -0.49899 0.230676 
10.5 0.5 -0.5 1 -0.220185 -0.182345 
10.5 0.5 6 1 -0.190373 0.120181 
10.5 10.5 -0.5 1 0.258341 -0.248303 
10.5 10.5 6 1 0.292003 0.0796784 
0.5 10.5 -0.5 1 0.347436 -0.487765 
0.5 10.5 6 1 0.415399 0.168267 
0.5 5.5 9.5 1 -0.0449333 0.530313 
10.5 5.5 9.5 1 0.0581135 0.270921 
0.5 6.5 -0.5 1 -0.0468513 -0.41904 
0.5 8.5 -0.5 1 0.14385 -0.452279 
0.5 8.5 4.5 1 0.19351 0.0353237 
0.5 6.5 4.5 1 0.000469947 0.0532041 
0.5 2.5 2 1 -0.372645 -0.136784 
0.5 4.5 2 1 -0.203311 -0.15937 
0.5 4.5 4.5 1 -0.180681 0.0699833 
0.5 2.5 4.5 1 -0.35101 0.08576 
