0 0 0 1 0.280914 -0.333439 
0 0 6.5 1 0.245404 -0.0130644 
10 0 0 1 0.648487 -0.583524 
10 0 6.5 1 0.565323 0.0446881 
10 10 0 1 -0.354291 -0.74419 
10 10 6.5 1 -0.402203 -0.0408456 
0 10 0 1 -0.221683 -0.397118 
0 10 6.5 1 -0.248161 -0.0582698 
0 5 10 1 -0.0112539 0.136553 
10 5 10 1 0.0723213 0.338967 
0 6 0 1 -0.0142074 -0.370831 
0 8 0 1 -0.116826 -0.383833 
0 8 5 1 -0.138823 -0.124866 
0 6 5 1 -0.0376619 -0.114797 
0 2 2.5 1 0.171402 -0.219444 
0 4 2.5 1 0.0737187 -0.230481 
0 4 5 1 0.0613975 -0.104936 
0 2 5 1 0.15842 -0.0952788 
0.5 0.5 -0.5 1 0.268862 -0.368999 
0.5 0.5 6 1 0.232578 -0.038569 
10.5 0.5 -0.5 1 0.646156 -0.670619 
10.5 0.5 6 1 0.558304 -0.00257045 
10.5 10.5 -0.5 1 -0.424463 -0.852642 
10.5 10.5 6 1 -0.472155 -0.0990433 
0.5 10.5 -0.5 1 -0.250156 -0.436672 
0.5 10.5 6 1 -0.276808 -0.0865609 
0.5 5.5 9.5 1 -0.0318314 0.115078 
10.5 5.5 9.5 1 0.0358608 0.307745 
0.5 6.5 -0.5 1 -0.0356981 -0.40871 
0.5 8.5 -0.5 1 -0.141735 -0.422536 
0.5 8.5 4.5 1 -0.163975 -0.155021 
0.5 6.5 4.5 1 -0.0594948 -0.144322 
0.5 2.5 2 1 0.156067 -0.251697 
0.5 4.5 2 1 0.0552835 -0.263414 
0.5 4.5 4.5 1 0.0427498 -0.133852 
0.5 2.5 4.5 1 0.14283 -0.123604 
