-0.266192 -0.0502497 -0.296302 0.221785 
0.128583 -0.0106088 0.114349 0.244913 
0.314685 -0.0918984 0.302103 0.321765 
-0.323822 -0.167358 -0.379157 0.291403 
-0.266192 -0.0502497 0.128583 -0.0106088 
0.128583 -0.0106088 0.314685 -0.0918984 
0.314685 -0.0918984 -0.323822 -0.167358 
-0.323822 -0.167358 -0.266192 -0.0502497 
-0.296302 0.221785 -0.34944 0.445152 
-0.34944 0.445152 -0.379157 0.291403 
0.114349 0.244913 0.177169 0.455863 
0.177169 0.455863 0.302103 0.321765 
-0.34944 0.445152 0.177169 0.455863 
-0.296302 0.221785 0.114349 0.244913 
-0.379157 0.291403 0.302103 0.321765 
-0.293454 -0.105648 -0.306842 -0.132853 
-0.306842 -0.132853 -0.342879 0.173439 
-0.342879 0.173439 -0.325022 0.168043 
-0.325022 0.168043 -0.293454 -0.105648 
-0.28613 0.0455981 -0.296426 0.0379408 
-0.296426 0.0379408 -0.3107 0.163715 
-0.3107 0.163715 -0.298957 0.160166 
-0.298957 0.160166 -0.28613 0.0455981 
