0 0 0 1 -0.000401955 -0.115407 
0 0 6.5 1 0.0243549 0.136498 
10 0 0 1 0.413188 -0.193456 
10 0 6.5 1 0.449652 0.117267 
10 10 0 1 0.304428 -0.323967 
10 10 6.5 1 0.36488 0.210555 
0 10 0 1 -0.288383 -0.168804 
0 10 6.5 1 -0.255781 0.212535 
0 5 10 1 -0.0713741 0.333536 
10 5 10 1 0.443786 0.368905 
0 6 0 1 -0.143976 -0.142028 
0 8 0 1 -0.209511 -0.15418 
0 8 5 1 -0.185922 0.110866 
0 6 5 1 -0.121684 0.100499 
0 2 2.5 1 -0.0313863 -0.0198294 
0 4 2.5 1 -0.0781626 -0.0205649 
0 4 5 1 -0.0675625 0.0917636 
0 2 5 1 -0.0213411 0.0843038 
0.5 0.5 -0.5 1 0.00506096 -0.140128 
0.5 0.5 6 1 0.0305368 0.118156 
10.5 0.5 -0.5 1 0.433415 -0.2267 
10.5 0.5 6 1 0.471374 0.0937851 
10.5 10.5 -0.5 1 0.333702 -0.389706 
10.5 10.5 6 1 0.398441 0.17437 
0.5 10.5 -0.5 1 -0.291549 -0.208739 
0.5 10.5 6 1 -0.257677 0.187411 
0.5 5.5 9.5 1 -0.066918 0.317502 
10.5 5.5 9.5 1 0.471595 0.349289 
0.5 6.5 -0.5 1 -0.141822 -0.174104 
0.5 8.5 -0.5 1 -0.209522 -0.189765 
0.5 8.5 4.5 1 -0.185069 0.0845464 
0.5 6.5 4.5 1 -0.118762 0.0761573 
0.5 2.5 2 1 -0.0263642 -0.0438156 
0.5 4.5 2 1 -0.0741626 -0.04651 
0.5 4.5 4.5 1 -0.0632165 0.0691297 
0.5 2.5 4.5 1 -0.0160097 0.0631572 
