0.0805503 -0.389637 0.0984618 -0.113643 
0.540972 -0.535942 0.544703 -0.140355 
0.197235 -0.774915 0.230209 -0.0969002 
-0.3087 -0.466232 -0.26566 -0.0771947 
0.0805503 -0.389637 0.540972 -0.535942 
0.540972 -0.535942 0.197235 -0.774915 
0.197235 -0.774915 -0.3087 -0.466232 
-0.3087 -0.466232 0.0805503 -0.389637 
0.0984618 -0.113643 -0.0397189 0.0653121 
-0.0397189 0.0653121 -0.26566 -0.0771947 
0.544703 -0.140355 0.432693 0.12155 
0.432693 0.12155 0.230209 -0.0969002 
-0.0397189 0.0653121 0.432693 0.12155 
0.0984618 -0.113643 0.544703 -0.140355 
-0.26566 -0.0771947 0.230209 -0.0969002 
-0.119682 -0.429038 -0.206932 -0.446207 
-0.206932 -0.446207 -0.179343 -0.166842 
-0.179343 -0.166842 -0.0967063 -0.169515 
-0.0967063 -0.169515 -0.119682 -0.429038 
0.0304117 -0.285939 -0.0342603 -0.291215 
-0.0342603 -0.291215 -0.0247547 -0.171842 
-0.0247547 -0.171842 0.0384587 -0.173887 
0.0384587 -0.173887 0.0304117 -0.285939 
