0 0 0 1 0.292464 -0.292744 
0 0 6.5 1 0.253577 0.0512399 
10 0 0 1 0.370699 -0.531729 
10 0 6.5 1 0.287046 0.179492 
10 10 0 1 -0.584847 -0.527764 
10 10 6.5 1 -0.60375 0.0561761 
0 10 0 1 -0.206141 -0.314517 
0 10 6.5 1 -0.227135 -0.00330689 
0 5 10 1 -0.0139996 0.190603 
10 5 10 1 -0.224332 0.427617 
0 6 0 1 -0.0191511 -0.306352 
0 8 0 1 -0.114552 -0.310518 
0 8 5 1 -0.133179 -0.0648373 
0 6 5 1 -0.0403339 -0.0557701 
0 2 2.5 1 0.170462 -0.165409 
0 4 2.5 1 0.0681948 -0.172661 
0 4 5 1 0.0563663 -0.0463265 
0 2 5 1 0.157166 -0.0364825 
0.5 0.5 -0.5 1 0.269188 -0.327788 
0.5 0.5 6 1 0.230159 0.025176 
10.5 0.5 -0.5 1 0.324661 -0.619125 
10.5 0.5 6 1 0.240109 0.131557 
10.5 10.5 -0.5 1 -0.660786 -0.597854 
10.5 10.5 6 1 -0.676307 0.012384 
0.5 10.5 -0.5 1 -0.237607 -0.346447 
0.5 10.5 6 1 -0.258123 -0.0279111 
0.5 5.5 9.5 1 -0.0415385 0.169264 
10.5 5.5 9.5 1 -0.286204 0.396136 
0.5 6.5 -0.5 1 -0.0478254 -0.33946 
0.5 8.5 -0.5 1 -0.144693 -0.343026 
0.5 8.5 4.5 1 -0.163025 -0.0914112 
0.5 6.5 4.5 1 -0.0687968 -0.0827005 
0.5 2.5 2 1 0.145203 -0.196351 
0.5 4.5 2 1 0.0411978 -0.203101 
0.5 4.5 4.5 1 0.0294301 -0.0736202 
0.5 2.5 4.5 1 0.131915 -0.0641462 
