0 0 0 1 0.402686 -0.600627 
0 0 6.5 1 0.354415 -0.0611853 
10 0 0 1 -0.303756 -0.527766 
10 0 6.5 1 -0.28824 -0.0996986 
10 10 0 1 -0.0526726 -0.400241 
10 10 6.5 1 -0.0550984 -0.132655 
0 10 0 1 0.383593 -0.421919 
0 10 6.5 1 0.356279 -0.114733 
0 5 10 1 0.338776 0.0937378 
10 5 10 1 -0.14468 0.0416649 
0 6 0 1 0.388807 -0.470723 
0 8 0 1 0.385951 -0.443987 
0 8 5 1 0.362612 -0.181725 
0 6 5 1 0.36298 -0.180777 
0 2 2.5 1 0.379847 -0.355687 
0 4 2.5 1 0.377449 -0.336818 
0 4 5 1 0.36343 -0.179619 
0 2 5 1 0.363993 -0.17817 
0.5 0.5 -0.5 1 0.362041 -0.624957 
0.5 0.5 6 1 0.319359 -0.103955 
10.5 0.5 -0.5 1 -0.312357 -0.549547 
10.5 0.5 6 1 -0.296683 -0.133147 
10.5 10.5 -0.5 1 -0.0633832 -0.416635 
10.5 10.5 6 1 -0.065244 -0.153634 
0.5 10.5 -0.5 1 0.360721 -0.440219 
0.5 10.5 6 1 0.33529 -0.139062 
0.5 5.5 9.5 1 0.313921 0.058603 
10.5 5.5 9.5 1 -0.154505 0.0128458 
0.5 6.5 -0.5 1 0.361086 -0.491354 
0.5 8.5 -0.5 1 0.360886 -0.463406 
0.5 8.5 4.5 1 0.339306 -0.206862 
0.5 6.5 4.5 1 0.337394 -0.20839 
0.5 2.5 2 1 0.346427 -0.384887 
0.5 4.5 2 1 0.347817 -0.363371 
0.5 4.5 4.5 1 0.335068 -0.210247 
0.5 2.5 4.5 1 0.33218 -0.212553 
