-0.614234 -0.288873 -0.56076 0.297682 
-0.249696 -0.153085 -0.219838 0.15632 
0.236977 -0.217362 0.271721 0.116807 
0.317835 -0.442224 0.389869 0.240204 
-0.614234 -0.288873 -0.249696 -0.153085 
-0.249696 -0.153085 0.236977 -0.217362 
0.236977 -0.217362 0.317835 -0.442224 
0.317835 -0.442224 -0.614234 -0.288873 
-0.56076 0.297682 -0.0881893 0.615882 
-0.0881893 0.615882 0.389869 0.240204 
-0.219838 0.15632 0.0338113 0.311645 
0.0338113 0.311645 0.271721 0.116807 
-0.0881893 0.615882 0.0338113 0.311645 
-0.56076 0.297682 -0.219838 0.15632 
0.389869 0.240204 0.271721 0.116807 
-0.0895109 -0.375204 0.107676 -0.407647 
0.107676 -0.407647 0.159561 0.0995046 
0.159561 0.0995046 -0.0407125 0.116421 
-0.0407125 0.116421 -0.0895109 -0.375204 
-0.427866 -0.0851583 -0.251982 -0.107054 
-0.251982 -0.107054 -0.228908 0.132318 
-0.228908 0.132318 -0.406085 0.147284 
-0.406085 0.147284 -0.427866 -0.0851583 
