-0.606089 -0.489967 -0.564358 -0.0728759 
-0.124037 -0.39304 -0.120635 -0.108967 
0.285217 -0.461936 0.260362 -0.0706579 
-0.202421 -0.683349 -0.184803 0.0151085 
-0.606089 -0.489967 -0.124037 -0.39304 
-0.124037 -0.39304 0.285217 -0.461936 
0.285217 -0.461936 -0.202421 -0.683349 
-0.202421 -0.683349 -0.606089 -0.489967 
-0.564358 -0.0728759 -0.401948 0.203067 
-0.401948 0.203067 -0.184803 0.0151085 
-0.120635 -0.108967 0.0376076 0.0683893 
0.0376076 0.0683893 0.260362 -0.0706579 
-0.401948 0.203067 0.0376076 0.0683893 
-0.564358 -0.0728759 -0.120635 -0.108967 
-0.184803 0.0151085 0.260362 -0.0706579 
-0.417125 -0.580493 -0.323028 -0.625571 
-0.323028 -0.625571 -0.300182 -0.139901 
-0.300182 -0.139901 -0.389255 -0.147552 
-0.389255 -0.147552 -0.417125 -0.580493 
-0.537873 -0.330884 -0.476699 -0.341899 
-0.476699 -0.341899 -0.461936 -0.153795 
-0.461936 -0.153795 -0.52237 -0.158986 
-0.52237 -0.158986 -0.537873 -0.330884 
