-0.0258561 -0.0618227 -0.00411005 0.18978 
0.380543 -0.127814 0.418196 0.17079 
0.320203 -0.255435 0.382614 0.257034 
-0.287525 -0.123311 -0.263557 0.264724 
-0.0258561 -0.0618227 0.380543 -0.127814 
0.380543 -0.127814 0.320203 -0.255435 
0.320203 -0.255435 -0.287525 -0.123311 
-0.287525 -0.123311 -0.0258561 -0.0618227 
-0.00411005 0.18978 -0.0926114 0.391047 
-0.0926114 0.391047 -0.263557 0.264724 
0.418196 0.17079 0.431945 0.417105 
0.431945 0.417105 0.382614 0.257034 
-0.0926114 0.391047 0.431945 0.417105 
-0.00411005 0.18978 0.418196 0.17079 
-0.263557 0.264724 0.382614 0.257034 
-0.15533 -0.092247 -0.215076 -0.106286 
-0.215076 -0.106286 -0.196739 0.160922 
-0.196739 0.160922 -0.137242 0.151317 
-0.137242 0.151317 -0.15533 -0.092247 
-0.0540733 0.0320047 -0.0964719 0.0302246 
-0.0964719 0.0302246 -0.0875417 0.143293 
-0.0875417 0.143293 -0.0454024 0.13649 
-0.0454024 0.13649 -0.0540733 0.0320047 
