-0.721649 -0.58147 -0.638471 -0.065145 
-0.227709 -0.41424 -0.198631 -0.11089 
0.241555 -0.514723 0.252868 -0.136063 
0.00201379 -0.874417 0.0487784 -0.0938329 
-0.721649 -0.58147 -0.227709 -0.41424 
-0.227709 -0.41424 0.241555 -0.514723 
0.241555 -0.514723 0.00201379 -0.874417 
0.00201379 -0.874417 -0.721649 -0.58147 
-0.638471 -0.065145 -0.323229 0.216694 
-0.323229 0.216694 0.0487784 -0.0938329 
-0.198631 -0.11089 0.014914 0.0464784 
0.014914 0.0464784 0.252868 -0.136063 
-0.323229 0.216694 0.014914 0.0464784 
-0.638471 -0.065145 -0.198631 -0.11089 
0.0487784 -0.0938329 0.252868 -0.136063 
-0.360475 -0.727677 -0.195871 -0.794311 
-0.195871 -0.794311 -0.147544 -0.237529 
-0.147544 -0.237529 -0.30473 -0.219065 
-0.30473 -0.219065 -0.360475 -0.727677 
-0.585938 -0.399843 -0.468321 -0.429704 
-0.468321 -0.429704 -0.43907 -0.203284 
-0.43907 -0.203284 -0.555208 -0.189641 
-0.555208 -0.189641 -0.585938 -0.399843 
