0.287334 -0.43542 0.256571 -0.0900289 
0.582336 -0.714588 0.48782 -0.00154433 
-0.526116 -0.756861 -0.493726 -0.0461873 
-0.242637 -0.457212 -0.242546 -0.11233 
0.287334 -0.43542 0.582336 -0.714588 
0.582336 -0.714588 -0.526116 -0.756861 
-0.526116 -0.756861 -0.242637 -0.457212 
-0.242637 -0.457212 0.287334 -0.43542 
0.256571 -0.0900289 -0.00113116 0.0685359 
-0.00113116 0.0685359 -0.242546 -0.11233 
0.48782 -0.00154433 -0.019086 0.295887 
-0.019086 0.295887 -0.493726 -0.0461873 
-0.00113116 0.0685359 -0.019086 0.295887 
0.256571 -0.0900289 0.48782 -0.00154433 
-0.242546 -0.11233 -0.493726 -0.0461873 
-0.0313422 -0.448523 -0.137105 -0.452872 
-0.137105 -0.452872 -0.141804 -0.183901 
-0.141804 -0.183901 -0.0408327 -0.179469 
-0.0408327 -0.179469 -0.0313422 -0.448523 
0.171088 -0.302064 0.0673346 -0.306478 
0.0673346 -0.306478 0.0603495 -0.175027 
0.0603495 -0.175027 0.161743 -0.170577 
0.161743 -0.170577 0.171088 -0.302064 
