-0.157609 -0.0241478 -0.166366 0.231881 
0.232228 -0.0306931 0.244195 0.233753 
0.325045 -0.178178 0.353712 0.255052 
-0.303261 -0.16028 -0.330263 0.250795 
-0.157609 -0.0241478 0.232228 -0.0306931 
0.232228 -0.0306931 0.325045 -0.178178 
0.325045 -0.178178 -0.303261 -0.16028 
-0.303261 -0.16028 -0.157609 -0.0241478 
-0.166366 0.231881 -0.236826 0.426506 
-0.236826 0.426506 -0.330263 0.250795 
0.244195 0.233753 0.295318 0.437641 
0.295318 0.437641 0.353712 0.255052 
-0.236826 0.426506 0.295318 0.437641 
-0.166366 0.231881 0.244195 0.233753 
-0.330263 0.250795 0.353712 0.255052 
-0.228092 -0.0900239 -0.261651 -0.12139 
-0.261651 -0.12139 -0.277314 0.155782 
-0.277314 0.155782 -0.240426 0.16057 
-0.240426 0.16057 -0.228092 -0.0900239 
-0.181242 0.0603735 -0.205288 0.0475187 
-0.205288 0.0475187 -0.21035 0.164474 
-0.21035 0.164474 -0.185359 0.167718 
-0.185359 0.167718 -0.181242 0.0603735 
