0 0 0 1 -0.551184 -0.293321 
0 0 6.5 1 -0.517902 0.325007 
10 0 0 1 -0.251836 -0.119457 
10 0 6.5 1 -0.227915 0.197787 
10 10 0 1 0.236526 -0.171806 
10 10 6.5 1 0.273111 0.154329 
0 10 0 1 0.401613 -0.40827 
0 10 6.5 1 0.484379 0.244737 
0 5 10 1 0.000152841 0.654148 
10 5 10 1 0.03544 0.356058 
0 6 0 1 0.00661037 -0.360616 
0 8 0 1 0.201684 -0.38415 
0 8 5 1 0.256373 0.10704 
0 6 5 1 0.0534298 0.125256 
0 2 2.5 1 -0.353866 -0.0816307 
0 4 2.5 1 -0.164476 -0.101604 
0 4 5 1 -0.144467 0.14302 
0 2 5 1 -0.337503 0.160347 
0.5 0.5 -0.5 1 -0.483081 -0.325858 
0.5 0.5 6 1 -0.448336 0.262001 
10.5 0.5 -0.5 1 -0.222911 -0.140814 
10.5 0.5 6 1 -0.198906 0.168218 
10.5 10.5 -0.5 1 0.254363 -0.192531 
10.5 10.5 6 1 0.290453 0.124927 
0.5 10.5 -0.5 1 0.428394 -0.437263 
0.5 10.5 6 1 0.508298 0.181823 
0.5 5.5 9.5 1 0.0479419 0.57129 
10.5 5.5 9.5 1 0.0586808 0.321691 
0.5 6.5 -0.5 1 0.0511401 -0.391153 
0.5 8.5 -0.5 1 0.237558 -0.413938 
0.5 8.5 4.5 1 0.290855 0.0522662 
0.5 6.5 4.5 1 0.0972663 0.0702624 
0.5 2.5 2 1 -0.292952 -0.124873 
0.5 4.5 2 1 -0.111708 -0.144415 
0.5 4.5 4.5 1 -0.0917369 0.0878324 
0.5 2.5 4.5 1 -0.276316 0.104991 
