0 0 0 1 0.271089 -0.27559 
0 0 6.5 1 0.314963 0.118437 
10 0 0 1 -0.37278 -0.275062 
10 0 6.5 1 -0.333442 0.20446 
10 10 0 1 -0.341273 -0.130976 
10 10 6.5 1 -0.317983 0.149892 
0 10 0 1 0.0627473 -0.147281 
0 10 6.5 1 0.0879839 0.10192 
0 5 10 1 0.193266 0.276222 
10 5 10 1 -0.307522 0.365465 
0 6 0 1 0.12457 -0.185355 
0 8 0 1 0.0912094 -0.164809 
0 8 5 1 0.112386 0.0415128 
0 6 5 1 0.147927 0.0386936 
0 2 2.5 1 0.226681 -0.104818 
0 4 2.5 1 0.177151 -0.0878937 
0 4 5 1 0.190234 0.0353377 
0 2 5 1 0.241444 0.0312755 
0.5 0.5 -0.5 1 0.225739 -0.294793 
0.5 0.5 6 1 0.267873 0.0904202 
10.5 0.5 -0.5 1 -0.411084 -0.298252 
10.5 0.5 6 1 -0.373586 0.168282 
10.5 10.5 -0.5 1 -0.36448 -0.146918 
10.5 10.5 6 1 -0.341837 0.129445 
0.5 10.5 -0.5 1 0.0366297 -0.16126 
0.5 10.5 6 1 0.0612316 0.0843872 
0.5 5.5 9.5 1 0.158506 0.251671 
10.5 5.5 9.5 1 -0.338019 0.335301 
0.5 6.5 -0.5 1 0.0930533 -0.201101 
0.5 8.5 -0.5 1 0.0626386 -0.179625 
0.5 8.5 4.5 1 0.0832417 0.0235333 
0.5 6.5 4.5 1 0.115723 0.0192211 
0.5 2.5 2 1 0.186559 -0.125428 
0.5 4.5 2 1 0.14162 -0.106879 
0.5 4.5 4.5 1 0.154281 0.014102 
0.5 2.5 4.5 1 0.200797 0.00792645 
