0 0 0 1 0.279054 -0.282128 
0 0 6.5 1 0.244651 0.0386938 
10 0 0 1 0.601741 -0.522136 
10 0 6.5 1 0.527478 0.112768 
10 10 0 1 -0.398642 -0.65092 
10 10 6.5 1 -0.454926 0.0205688 
0 10 0 1 -0.220569 -0.338934 
0 10 6.5 1 -0.250444 -0.00902569 
0 5 10 1 -0.0167276 0.18743 
10 5 10 1 0.0147231 0.407895 
0 6 0 1 -0.0175538 -0.315852 
0 8 0 1 -0.118522 -0.327331 
0 8 5 1 -0.142291 -0.0743533 
0 6 5 1 -0.0420366 -0.0642936 
0 2 2.5 1 0.168233 -0.168356 
0 4 2.5 1 0.0697116 -0.178897 
0 4 5 1 0.0571736 -0.0543387 
0 2 5 1 0.155356 -0.044487 
0.5 0.5 -0.5 1 0.265155 -0.316821 
0.5 0.5 6 1 0.229962 0.0131584 
10.5 0.5 -0.5 1 0.591603 -0.60643 
10.5 0.5 6 1 0.513464 0.0653612 
10.5 10.5 -0.5 1 -0.46906 -0.747755 
10.5 10.5 6 1 -0.526991 -0.0348799 
0.5 10.5 -0.5 1 -0.249051 -0.376193 
0.5 10.5 6 1 -0.279446 -0.0365953 
0.5 5.5 9.5 1 -0.0387303 0.165806 
10.5 5.5 9.5 1 -0.028222 0.376306 
0.5 6.5 -0.5 1 -0.0400183 -0.352057 
0.5 8.5 -0.5 1 -0.143964 -0.364059 
0.5 8.5 4.5 1 -0.168181 -0.103676 
0.5 6.5 4.5 1 -0.0649918 -0.0931777 
0.5 2.5 2 1 0.15125 -0.199936 
0.5 4.5 2 1 0.0498936 -0.21094 
0.5 4.5 4.5 1 0.0370921 -0.0827921 
0.5 2.5 4.5 1 0.138089 -0.0725172 
