0.286057 -0.263063 0.252746 0.0851984 
0.168676 -0.580446 0.100588 0.113407 
-0.582821 -0.47875 -0.637349 0.014438 
-0.174306 -0.257038 -0.204189 0.0321645 
0.286057 -0.263063 0.168676 -0.580446 
0.168676 -0.580446 -0.582821 -0.47875 
-0.582821 -0.47875 -0.174306 -0.257038 
-0.174306 -0.257038 0.286057 -0.263063 
0.252746 0.0851984 -0.0140265 0.227761 
-0.0140265 0.227761 -0.204189 0.0321645 
0.100588 0.113407 -0.364269 0.370616 
-0.364269 0.370616 -0.637349 0.014438 
-0.0140265 0.227761 -0.364269 0.370616 
0.252746 0.0851984 0.100588 0.113407 
-0.204189 0.0321645 -0.637349 0.014438 
-0.0101678 -0.259186 -0.095105 -0.258074 
-0.095105 -0.258074 -0.118568 -0.0280664 
-0.118568 -0.0280664 -0.0341454 -0.0208193 
-0.0341454 -0.0208193 -0.0101678 -0.259186 
0.16711 -0.13342 0.0689256 -0.136958 
0.0689256 -0.136958 0.0566479 -0.0130253 
0.0566479 -0.0130253 0.154562 -0.0046201 
0.154562 -0.0046201 0.16711 -0.13342 
