0.253134 -0.40432 0.223932 -0.0894427 
0.723685 -0.589271 0.631312 -0.0170892 
-0.173506 -0.805819 -0.192707 -0.0281187 
-0.244958 -0.474741 -0.250459 -0.106319 
0.253134 -0.40432 0.723685 -0.589271 
0.723685 -0.589271 -0.173506 -0.805819 
-0.173506 -0.805819 -0.244958 -0.474741 
-0.244958 -0.474741 0.253134 -0.40432 
0.223932 -0.0894427 -0.00550079 0.0711661 
-0.00550079 0.0711661 -0.250459 -0.106319 
0.631312 -0.0170892 0.244419 0.282059 
0.244419 0.282059 -0.192707 -0.0281187 
-0.00550079 0.0711661 0.244419 0.282059 
0.223932 -0.0894427 0.631312 -0.0170892 
-0.250459 -0.106319 -0.192707 -0.0281187 
-0.0270265 -0.443929 -0.132474 -0.458838 
-0.132474 -0.458838 -0.141456 -0.181228 
-0.141456 -0.181228 -0.0401287 -0.175262 
-0.0401287 -0.175262 -0.0270265 -0.443929 
0.15509 -0.288016 0.0634906 -0.2971 
0.0634906 -0.2971 0.0553011 -0.169643 
0.0553011 -0.169643 0.145333 -0.164341 
0.145333 -0.164341 0.15509 -0.288016 
