0 0 0 1 -0.101299 -0.261231 
0 0 6.5 1 -0.131054 0.437002 
10 0 0 1 -0.248007 -0.0450392 
10 0 6.5 1 -0.272935 0.310351 
10 10 0 1 0.201261 0.00209098 
10 10 6.5 1 0.207111 0.300264 
0 10 0 1 0.611609 -0.124647 
0 10 6.5 1 0.664117 0.382136 
0 5 10 1 0.351358 0.783962 
10 5 10 1 -0.0148578 0.497429 
0 6 0 1 0.377559 -0.169488 
0 8 0 1 0.501182 -0.145803 
0 8 5 1 0.533964 0.256463 
0 6 5 1 0.40165 0.256843 
0 2 2.5 1 0.0789116 0.00403954 
0 4 2.5 1 0.244301 0.0204082 
0 4 5 1 0.250946 0.257276 
0 2 5 1 0.0777328 0.257774 
0.5 0.5 -0.5 1 -0.0672773 -0.276875 
0.5 0.5 6 1 -0.0901247 0.364683 
10.5 0.5 -0.5 1 -0.224232 -0.0614913 
10.5 0.5 6 1 -0.246547 0.278685 
10.5 10.5 -0.5 1 0.207267 -0.0132997 
10.5 10.5 6 1 0.213266 0.274102 
0.5 10.5 -0.5 1 0.600347 -0.143357 
0.5 10.5 6 1 0.648795 0.333 
0.5 5.5 9.5 1 0.354241 0.695161 
10.5 5.5 9.5 1 0.000373471 0.460584 
0.5 6.5 -0.5 1 0.378424 -0.18774 
0.5 8.5 -0.5 1 0.495302 -0.164365 
0.5 8.5 4.5 1 0.525715 0.212981 
0.5 6.5 4.5 1 0.401094 0.210687 
0.5 2.5 2 1 0.100053 -0.029141 
0.5 4.5 2 1 0.253677 -0.0117431 
0.5 4.5 4.5 1 0.260294 0.208096 
0.5 2.5 4.5 1 0.0999463 0.205145 
