-0.721046 -0.566236 -0.637648 -0.0456476 
-0.23226 -0.399438 -0.202106 -0.0962419 
0.239012 -0.497869 0.252882 -0.123225 
0.023984 -0.851051 0.0720407 -0.0769791 
-0.721046 -0.566236 -0.23226 -0.399438 
-0.23226 -0.399438 0.239012 -0.497869 
0.239012 -0.497869 0.023984 -0.851051 
0.023984 -0.851051 -0.721046 -0.566236 
-0.637648 -0.0456476 -0.310639 0.237654 
-0.310639 0.237654 0.0720407 -0.0769791 
-0.202106 -0.0962419 0.0148719 0.0601903 
0.0148719 0.0601903 0.252882 -0.123225 
-0.310639 0.237654 0.0148719 0.0601903 
-0.637648 -0.0456476 -0.202106 -0.0962419 
0.0720407 -0.0769791 0.252882 -0.123225 
-0.346096 -0.709574 -0.17728 -0.77411 
-0.17728 -0.77411 -0.128592 -0.220197 
-0.128592 -0.220197 -0.290249 -0.201588 
-0.290249 -0.201588 -0.346096 -0.709574 
-0.580791 -0.383288 -0.458547 -0.412916 
-0.458547 -0.412916 -0.429227 -0.185589 
-0.429227 -0.185589 -0.549985 -0.171688 
-0.549985 -0.171688 -0.580791 -0.383288 
