0.271983 -0.204516 0.249317 0.146312 
0.0249222 -0.507262 -0.0347011 0.149558 
-0.570781 -0.361566 -0.635153 0.0759309 
-0.155314 -0.175496 -0.184385 0.101253 
0.271983 -0.204516 0.0249222 -0.507262 
0.0249222 -0.507262 -0.570781 -0.361566 
-0.570781 -0.361566 -0.155314 -0.175496 
-0.155314 -0.175496 0.271983 -0.204516 
0.249317 0.146312 -0.00862285 0.29537 
-0.00862285 0.29537 -0.184385 0.101253 
-0.0347011 0.149558 -0.435257 0.410761 
-0.435257 0.410761 -0.635153 0.0759309 
-0.00862285 0.29537 -0.435257 0.410761 
0.249317 0.146312 -0.0347011 0.149558 
-0.184385 0.101253 -0.635153 0.0759309 
-0.00764447 -0.185525 -0.084682 -0.180293 
-0.084682 -0.180293 -0.10641 0.0405769 
-0.10641 0.0405769 -0.0286867 0.0454648 
-0.0286867 0.0454648 -0.00764447 -0.185525 
0.160141 -0.0719293 0.0667651 -0.0715919 
0.0667651 -0.0715919 0.0565902 0.0508276 
0.0565902 0.0508276 0.150577 0.0567383 
0.150577 0.0567383 0.160141 -0.0719293 
