-0.387078 -0.379261 -0.410951 -0.067103 
0.0316377 -0.285388 0.00682259 -0.0305688 
0.324707 -0.384592 0.28128 0.00584123 
-0.291196 -0.586702 -0.334854 -0.0433483 
-0.387078 -0.379261 0.0316377 -0.285388 
0.0316377 -0.285388 0.324707 -0.384592 
0.324707 -0.384592 -0.291196 -0.586702 
-0.291196 -0.586702 -0.387078 -0.379261 
-0.410951 -0.067103 -0.39915 0.148853 
-0.39915 0.148853 -0.334854 -0.0433483 
0.00682259 -0.0305688 0.0988424 0.146072 
0.0988424 0.146072 0.28128 0.00584123 
-0.39915 0.148853 0.0988424 0.146072 
-0.410951 -0.067103 0.00682259 -0.0305688 
-0.334854 -0.0433483 0.28128 0.00584123 
-0.342725 -0.475219 -0.320292 -0.523751 
-0.320292 -0.523751 -0.349272 -0.157773 
-0.349272 -0.157773 -0.368084 -0.151256 
-0.368084 -0.151256 -0.342725 -0.475219 
-0.385254 -0.2727 -0.371897 -0.290323 
-0.371897 -0.290323 -0.383086 -0.146059 
-0.383086 -0.146059 -0.395327 -0.141818 
-0.395327 -0.141818 -0.385254 -0.2727 
