0 0 0 1 0.286526 -0.315225 
0 0 6.5 1 0.323571 0.0944956 
10 0 0 1 -0.377963 -0.281984 
10 0 6.5 1 -0.327693 0.178569 
10 10 0 1 -0.296951 -0.169675 
10 10 6.5 1 -0.267915 0.101144 
0 10 0 1 0.106332 -0.197905 
0 10 6.5 1 0.130509 0.0545019 
0 5 10 1 0.21981 0.23572 
10 5 10 1 -0.270563 0.31083 
0 6 0 1 0.15875 -0.232033 
0 8 0 1 0.130357 -0.213547 
0 8 5 1 0.150386 -0.00286416 
0 6 5 1 0.180405 -0.00219955 
0 2 2.5 1 0.247435 -0.140325 
0 4 2.5 1 0.204646 -0.127359 
0 4 5 1 0.216385 -0.00140295 
0 2 5 1 0.2603 -0.000430703 
0.5 0.5 -0.5 1 0.240649 -0.335597 
0.5 0.5 6 1 0.277325 0.0645733 
10.5 0.5 -0.5 1 -0.411479 -0.305768 
10.5 0.5 6 1 -0.362133 0.142752 
10.5 10.5 -0.5 1 -0.318143 -0.185596 
10.5 10.5 6 1 -0.289411 0.0810182 
0.5 10.5 -0.5 1 0.0805393 -0.212317 
0.5 10.5 6 1 0.104537 0.0364329 
0.5 5.5 9.5 1 0.186337 0.21026 
10.5 5.5 9.5 1 -0.297304 0.28157 
0.5 6.5 -0.5 1 0.127423 -0.248416 
0.5 8.5 -0.5 1 0.102059 -0.228887 
0.5 8.5 4.5 1 0.12193 -0.0215125 
0.5 6.5 4.5 1 0.148897 -0.0225145 
0.5 2.5 2 1 0.207543 -0.162159 
0.5 4.5 2 1 0.16948 -0.147311 
0.5 4.5 4.5 1 0.181116 -0.0237117 
0.5 2.5 4.5 1 0.220287 -0.0251673 
