0 0 0 1 0.40186 -0.610919 
0 0 6.5 1 0.355157 -0.0719323 
10 0 0 1 -0.307219 -0.53649 
10 0 6.5 1 -0.28996 -0.106104 
10 10 0 1 -0.0583776 -0.40606 
10 10 6.5 1 -0.0596931 -0.137849 
0 10 0 1 0.377688 -0.428832 
0 10 6.5 1 0.351588 -0.122155 
0 5 10 1 0.336775 0.0847627 
10 5 10 1 -0.147366 0.0364216 
0 6 0 1 0.384288 -0.478551 
0 8 0 1 0.380672 -0.451313 
0 8 5 1 0.358334 -0.189448 
0 6 5 1 0.359521 -0.189007 
0 2 2.5 1 0.378068 -0.365108 
0 4 2.5 1 0.374446 -0.345459 
0 4 5 1 0.360972 -0.188468 
0 2 5 1 0.362786 -0.187794 
0.5 0.5 -0.5 1 0.360782 -0.634883 
0.5 0.5 6 1 0.319642 -0.114133 
10.5 0.5 -0.5 1 -0.316373 -0.558153 
10.5 0.5 6 1 -0.29896 -0.139446 
10.5 10.5 -0.5 1 -0.0693407 -0.422386 
10.5 10.5 6 1 -0.0700976 -0.158735 
0.5 10.5 -0.5 1 0.354693 -0.446952 
0.5 10.5 6 1 0.330452 -0.146227 
0.5 5.5 9.5 1 0.311666 0.0500433 
10.5 5.5 9.5 1 -0.157561 0.00771911 
0.5 6.5 -0.5 1 0.356378 -0.498957 
0.5 8.5 -0.5 1 0.355457 -0.470532 
0.5 8.5 4.5 1 0.334857 -0.214313 
0.5 6.5 4.5 1 0.333723 -0.216307 
0.5 2.5 2 1 0.344317 -0.393938 
0.5 4.5 2 1 0.344559 -0.371699 
0.5 4.5 4.5 1 0.332344 -0.218733 
0.5 2.5 4.5 1 0.330631 -0.221745 
