0 0 0 1 0.109344 -0.417059 
0 0 6.5 1 0.121131 -0.132478 
10 0 0 1 0.584591 -0.568911 
10 0 6.5 1 0.572319 -0.144559 
10 10 0 1 0.161892 -0.805387 
10 10 6.5 1 0.184618 -0.0891024 
0 10 0 1 -0.303782 -0.487918 
0 10 6.5 1 -0.263824 -0.0963747 
0 5 10 1 -0.0308664 0.0472459 
10 5 10 1 0.423468 0.130889 
0 6 0 1 -0.105553 -0.453918 
0 8 0 1 -0.197604 -0.469707 
0 8 5 1 -0.173042 -0.186047 
0 6 5 1 -0.0861833 -0.189007 
0 2 2.5 1 0.0521695 -0.308834 
0 4 2.5 1 -0.0172283 -0.313514 
0 4 5 1 -0.00975891 -0.191611 
0 2 5 1 0.0580048 -0.19392 
0.5 0.5 -0.5 1 0.109437 -0.448648 
0.5 0.5 6 1 0.121613 -0.153195 
10.5 0.5 -0.5 1 0.609815 -0.624755 
10.5 0.5 6 1 0.595297 -0.17583 
10.5 10.5 -0.5 1 0.167045 -0.926202 
10.5 10.5 6 1 0.191096 -0.137156 
0.5 10.5 -0.5 1 -0.323848 -0.535683 
0.5 10.5 6 1 -0.28084 -0.123265 
0.5 5.5 9.5 1 -0.0360374 0.0306332 
10.5 5.5 9.5 1 0.442259 0.109639 
0.5 6.5 -0.5 1 -0.11449 -0.493628 
0.5 8.5 -0.5 1 -0.211372 -0.513089 
0.5 8.5 4.5 1 -0.185143 -0.215256 
0.5 6.5 4.5 1 -0.0939719 -0.216393 
0.5 2.5 2 1 0.0501908 -0.337801 
0.5 4.5 2 1 -0.0220121 -0.344502 
0.5 4.5 4.5 1 -0.0141679 -0.217389 
0.5 2.5 4.5 1 0.0562699 -0.218268 
