-0.0829649 -0.0357008 -0.0726628 0.215657 
0.311884 -0.0807297 0.342268 0.197896 
0.325157 -0.236762 0.378564 0.230132 
-0.293766 -0.141924 -0.291716 0.253156 
-0.0829649 -0.0357008 0.311884 -0.0807297 
0.311884 -0.0807297 0.325157 -0.236762 
0.325157 -0.236762 -0.293766 -0.141924 
-0.293766 -0.141924 -0.0829649 -0.0357008 
-0.0726628 0.215657 -0.152021 0.409309 
-0.152021 0.409309 -0.291716 0.253156 
0.342268 0.197896 0.378471 0.415724 
0.378471 0.415724 0.378564 0.230132 
-0.152021 0.409309 0.378471 0.415724 
-0.0726628 0.215657 0.342268 0.197896 
-0.291716 0.253156 0.378564 0.230132 
-0.186224 -0.0877334 -0.23456 -0.11209 
-0.23456 -0.11209 -0.230426 0.156829 
-0.230426 0.156829 -0.180457 0.156485 
-0.180457 0.156485 -0.186224 -0.0877334 
-0.108383 0.0510195 -0.142679 0.0422636 
-0.142679 0.0422636 -0.139213 0.156202 
-0.139213 0.156202 -0.104592 0.155964 
-0.104592 0.155964 -0.108383 0.0510195 
