0.26682 -0.171884 0.248525 0.181663 
-0.0209574 -0.453568 -0.0786541 0.195204 
-0.567855 -0.304862 -0.632932 0.119402 
-0.149487 -0.137776 -0.177158 0.13667 
0.26682 -0.171884 -0.0209574 -0.453568 
-0.0209574 -0.453568 -0.567855 -0.304862 
-0.567855 -0.304862 -0.149487 -0.137776 
-0.149487 -0.137776 0.26682 -0.171884 
0.248525 0.181663 -0.00551414 0.33225 
-0.00551414 0.33225 -0.177158 0.13667 
-0.0786541 0.195204 -0.45506 0.452726 
-0.45506 0.452726 -0.632932 0.119402 
-0.00551414 0.33225 -0.45506 0.452726 
0.248525 0.181663 -0.0786541 0.195204 
-0.177158 0.13667 -0.632932 0.119402 
-0.00703402 -0.149447 -0.0815347 -0.143343 
-0.0815347 -0.143343 -0.101892 0.0759355 
-0.101892 0.0759355 -0.0263684 0.0805182 
-0.0263684 0.0805182 -0.00703402 -0.149447 
0.157807 -0.0381053 0.0661422 -0.0370042 
0.0661422 -0.0370042 0.0570211 0.0855783 
0.0570211 0.0855783 0.149572 0.0911942 
0.149572 0.0911942 0.157807 -0.0381053 
