0.292023 -0.281881 0.253277 0.0634862 
0.323728 -0.53839 0.243623 0.174399 
-0.588868 -0.515866 -0.617962 0.0471673 
-0.198756 -0.299847 -0.222876 0.00611179 
0.292023 -0.281881 0.323728 -0.53839 
0.323728 -0.53839 -0.588868 -0.515866 
-0.588868 -0.515866 -0.198756 -0.299847 
-0.198756 -0.299847 0.292023 -0.281881 
0.253277 0.0634862 -0.0153005 0.201924 
-0.0153005 0.201924 -0.222876 0.00611179 
0.243623 0.174399 -0.262285 0.420745 
-0.262285 0.420745 -0.617962 0.0471673 
-0.0153005 0.201924 -0.262285 0.420745 
0.253277 0.0634862 0.243623 0.174399 
-0.222876 0.00611179 -0.617962 0.0471673 
-0.0169826 -0.293193 -0.110059 -0.2966 
-0.110059 -0.2966 -0.130597 -0.0545665 
-0.130597 -0.0545665 -0.0395809 -0.0453421 
-0.0395809 -0.0453421 -0.0169826 -0.293193 
0.169905 -0.154506 0.0682761 -0.161534 
0.0682761 -0.161534 0.0559627 -0.0356588 
0.0559627 -0.0356588 0.156381 -0.0254815 
0.156381 -0.0254815 0.169905 -0.154506 
