0 0 0 1 0.27499 -0.392914 
0 0 6.5 1 0.240285 -0.0730559 
10 0 0 1 0.70642 -0.630874 
10 0 6.5 1 0.61263 -0.0198996 
10 10 0 1 -0.271572 -0.839771 
10 10 6.5 1 -0.304826 -0.083544 
0 10 0 1 -0.229744 -0.465369 
0 10 6.5 1 -0.247726 -0.109719 
0 5 10 1 -0.00561668 0.0804146 
10 5 10 1 0.163826 0.275288 
0 6 0 1 -0.0154093 -0.434601 
0 8 0 1 -0.120329 -0.449662 
0 8 5 1 -0.137353 -0.179617 
0 6 5 1 -0.0352387 -0.170388 
0 2 2.5 1 0.16945 -0.277774 
0 4 2.5 1 0.0739197 -0.288904 
0 4 5 1 0.0628862 -0.161519 
0 2 5 1 0.157251 -0.15299 
0.5 0.5 -0.5 1 0.265899 -0.429058 
0.5 0.5 6 1 0.230441 -0.0977517 
10.5 0.5 -0.5 1 0.716429 -0.717977 
10.5 0.5 6 1 0.616264 -0.0639016 
10.5 10.5 -0.5 1 -0.338318 -0.965305 
10.5 10.5 6 1 -0.368151 -0.142157 
0.5 10.5 -0.5 1 -0.258223 -0.508164 
0.5 10.5 6 1 -0.275648 -0.138321 
0.5 5.5 9.5 1 -0.023721 0.0599914 
10.5 5.5 9.5 1 0.139082 0.247612 
0.5 6.5 -0.5 1 -0.0352051 -0.474504 
0.5 8.5 -0.5 1 -0.144292 -0.490968 
0.5 8.5 4.5 1 -0.161146 -0.210301 
0.5 6.5 4.5 1 -0.0550911 -0.200128 
0.5 2.5 2 1 0.156837 -0.310306 
0.5 4.5 2 1 0.0578373 -0.322477 
0.5 4.5 4.5 1 0.0466828 -0.190365 
0.5 2.5 4.5 1 0.14443 -0.180989 
