-0.238197 -0.359882 -0.258151 0.303725 
-0.247695 -0.0878538 -0.25801 0.252181 
0.217745 -0.0647653 0.236911 0.236905 
0.575655 -0.266858 0.650782 0.264601 
-0.238197 -0.359882 -0.247695 -0.0878538 
-0.247695 -0.0878538 0.217745 -0.0647653 
0.217745 -0.0647653 0.575655 -0.266858 
0.575655 -0.266858 -0.238197 -0.359882 
-0.258151 0.303725 0.276155 0.66513 
0.276155 0.66513 0.650782 0.264601 
-0.25801 0.252181 0.00851156 0.43392 
0.00851156 0.43392 0.236911 0.236905 
0.276155 0.66513 0.00851156 0.43392 
-0.258151 0.303725 -0.25801 0.252181 
0.650782 0.264601 0.236911 0.236905 
0.291016 -0.299393 0.439056 -0.282472 
0.439056 -0.282472 0.485931 0.132138 
0.485931 0.132138 0.326515 0.132622 
0.326515 0.132622 0.291016 -0.299393 
-0.0431742 -0.113353 0.140433 -0.102615 
0.140433 -0.102615 0.151829 0.133152 
0.151829 0.133152 -0.0404314 0.133735 
-0.0404314 0.133735 -0.0431742 -0.113353 
