-0.506634 -0.444787 -0.499695 -0.0793173 
-0.0516392 -0.350706 -0.065086 -0.080833 
0.307011 -0.415498 0.266608 -0.0242518 
-0.26671 -0.620344 -0.27711 0.0101747 
-0.506634 -0.444787 -0.0516392 -0.350706 
-0.0516392 -0.350706 0.307011 -0.415498 
0.307011 -0.415498 -0.26671 -0.620344 
-0.26671 -0.620344 -0.506634 -0.444787 
-0.499695 -0.0793173 -0.41536 0.177842 
-0.41536 0.177842 -0.27711 0.0101747 
-0.065086 -0.080833 0.0596679 0.101931 
0.0596679 0.101931 0.266608 -0.0242518 
-0.41536 0.177842 0.0596679 0.101931 
-0.499695 -0.0793173 -0.065086 -0.080833 
-0.27711 0.0101747 0.266608 -0.0242518 
-0.395901 -0.525813 -0.339731 -0.566913 
-0.339731 -0.566913 -0.342273 -0.135307 
-0.342273 -0.135307 -0.39499 -0.143517 
-0.39499 -0.143517 -0.395901 -0.525813 
-0.474342 -0.307434 -0.438862 -0.317177 
-0.438862 -0.317177 -0.437356 -0.150115 
-0.437356 -0.150115 -0.472147 -0.155533 
-0.472147 -0.155533 -0.474342 -0.307434 
