0 0 0 1 -0.253529 -0.032655 
0 0 6.5 1 -0.281955 0.237844 
10 0 0 1 0.140716 0.00208854 
10 0 6.5 1 0.129204 0.259385 
10 10 0 1 0.316426 -0.0829387 
10 10 6.5 1 0.308757 0.335415 
0 10 0 1 -0.323384 -0.148457 
0 10 6.5 1 -0.376924 0.305974 
0 5 10 1 -0.338701 0.460628 
10 5 10 1 0.190622 0.472832 
0 6 0 1 -0.286652 -0.0875654 
0 8 0 1 -0.302867 -0.114445 
0 8 5 1 -0.337462 0.188935 
0 6 5 1 -0.316792 0.183798 
0 2 2.5 1 -0.274412 0.0623654 
0 4 2.5 1 -0.286608 0.0546772 
0 4 5 1 -0.300193 0.179673 
0 2 5 1 -0.28657 0.176288 
0.5 0.5 -0.5 1 -0.232441 -0.0545981 
0.5 0.5 6 1 -0.26041 0.219031 
10.5 0.5 -0.5 1 0.166063 -0.0182295 
10.5 0.5 6 1 0.155391 0.241904 
10.5 10.5 -0.5 1 0.361405 -0.117762 
10.5 10.5 6 1 0.356515 0.308142 
0.5 10.5 -0.5 1 -0.289654 -0.188101 
0.5 10.5 6 1 -0.342139 0.275217 
0.5 5.5 9.5 1 -0.311708 0.44044 
10.5 5.5 9.5 1 0.225333 0.454279 
0.5 6.5 -0.5 1 -0.259433 -0.117584 
0.5 8.5 -0.5 1 -0.272736 -0.148625 
0.5 8.5 4.5 1 -0.306659 0.159871 
0.5 6.5 4.5 1 -0.289011 0.15787 
0.5 2.5 2 1 -0.251407 0.039593 
0.5 4.5 2 1 -0.261554 0.0295311 
0.5 4.5 4.5 1 -0.274901 0.15627 
0.5 2.5 4.5 1 -0.263362 0.154962 
