-0.712725 -0.601774 -0.633398 -0.101788 
-0.209895 -0.442082 -0.185091 -0.139555 
0.251301 -0.544718 0.254335 -0.156158 
-0.0586344 -0.903219 -0.0162652 -0.11456 
-0.712725 -0.601774 -0.209895 -0.442082 
-0.209895 -0.442082 0.251301 -0.544718 
0.251301 -0.544718 -0.0586344 -0.903219 
-0.0586344 -0.903219 -0.712725 -0.601774 
-0.633398 -0.101788 -0.353994 0.177256 
-0.353994 0.177256 -0.0162652 -0.11456 
-0.185091 -0.139555 0.017315 0.0214405 
0.017315 0.0214405 0.254335 -0.156158 
-0.353994 0.177256 0.017315 0.0214405 
-0.633398 -0.101788 -0.185091 -0.139555 
-0.0162652 -0.11456 0.254335 -0.156158 
-0.393547 -0.748871 -0.243334 -0.818098 
-0.243334 -0.818098 -0.197392 -0.26045 
-0.197392 -0.26045 -0.339972 -0.244607 
-0.339972 -0.244607 -0.393547 -0.748871 
-0.591632 -0.424298 -0.48795 -0.452897 
-0.48795 -0.452897 -0.459933 -0.231278 
-0.459933 -0.231278 -0.562263 -0.219907 
-0.562263 -0.219907 -0.591632 -0.424298 
