-0.631358 -0.517071 -0.580612 -0.0832618 
-0.142322 -0.41064 -0.134297 -0.121965 
0.279568 -0.487844 0.25976 -0.09494 
-0.179698 -0.734568 -0.156009 -0.0125136 
-0.631358 -0.517071 -0.142322 -0.41064 
-0.142322 -0.41064 0.279568 -0.487844 
0.279568 -0.487844 -0.179698 -0.734568 
-0.179698 -0.734568 -0.631358 -0.517071 
-0.580612 -0.0832618 -0.396114 0.193969 
-0.396114 0.193969 -0.156009 -0.0125136 
-0.134297 -0.121965 0.0330886 0.0522678 
0.0330886 0.0522678 0.25976 -0.09494 
-0.396114 0.193969 0.0330886 0.0522678 
-0.580612 -0.0832618 -0.134297 -0.121965 
-0.156009 -0.0125136 0.25976 -0.09494 
-0.418863 -0.619398 -0.313749 -0.670015 
-0.313749 -0.670015 -0.285 -0.166585 
-0.285 -0.166585 -0.384459 -0.170005 
-0.384459 -0.170005 -0.418863 -0.619398 
-0.552857 -0.353671 -0.484013 -0.36797 
-0.484013 -0.36797 -0.465965 -0.172808 
-0.465965 -0.172808 -0.533978 -0.175147 
-0.533978 -0.175147 -0.552857 -0.353671 
