0 0 0 1 0.263106 -0.503901 
0 0 6.5 1 0.207687 0.114352 
10 0 0 1 -0.22409 -0.317182 
10 0 6.5 1 -0.263484 0.0454335 
10 10 0 1 0.133933 -0.189945 
10 10 6.5 1 0.109263 0.0733505 
0 10 0 1 0.582793 -0.24932 
0 10 6.5 1 0.554257 0.126935 
0 5 10 1 0.402967 0.38151 
10 5 10 1 -0.0638044 0.229039 
0 6 0 1 0.490558 -0.322771 
0 8 0 1 0.540596 -0.282924 
0 8 5 1 0.516306 0.029897 
0 6 5 1 0.46329 0.0189623 
0 2 2.5 1 0.338435 -0.221901 
0 4 2.5 1 0.414877 -0.183937 
0 4 5 1 0.399248 0.00575381 
0 2 5 1 0.320343 -0.0105203 
0.5 0.5 -0.5 1 0.252833 -0.512871 
0.5 0.5 6 1 0.200839 0.0642701 
10.5 0.5 -0.5 1 -0.21127 -0.329894 
10.5 0.5 6 1 -0.248923 0.0181817 
10.5 10.5 -0.5 1 0.133081 -0.202908 
10.5 10.5 6 1 0.109115 0.0526377 
0.5 10.5 -0.5 1 0.563486 -0.265187 
0.5 10.5 6 1 0.535838 0.0954389 
0.5 5.5 9.5 1 0.38771 0.329213 
10.5 5.5 9.5 1 -0.0581521 0.199706 
0.5 6.5 -0.5 1 0.472213 -0.33796 
0.5 8.5 -0.5 1 0.52156 -0.298615 
0.5 8.5 4.5 1 0.498113 0.000206886 
0.5 6.5 4.5 1 0.446016 -0.0128636 
0.5 2.5 2 1 0.324814 -0.246367 
0.5 4.5 2 1 0.398577 -0.208003 
0.5 4.5 4.5 1 0.383657 -0.0285086 
0.5 2.5 4.5 1 0.307674 -0.0475717 
