-0.632586 -0.306152 -0.573181 0.268945 
-0.249121 -0.174495 -0.217975 0.132493 
0.236179 -0.242175 0.269549 0.0948677 
0.285379 -0.471244 0.353492 0.219188 
-0.632586 -0.306152 -0.249121 -0.174495 
-0.249121 -0.174495 0.236179 -0.242175 
0.236179 -0.242175 0.285379 -0.471244 
0.285379 -0.471244 -0.632586 -0.306152 
-0.573181 0.268945 -0.117858 0.582596 
-0.117858 0.582596 0.353492 0.219188 
-0.217975 0.132493 0.0317615 0.287146 
0.0317615 0.287146 0.269549 0.0948677 
-0.117858 0.582596 0.0317615 0.287146 
-0.573181 0.268945 -0.217975 0.132493 
0.353492 0.219188 0.269549 0.0948677 
-0.122653 -0.397861 0.0735071 -0.43314 
0.0735071 -0.43314 0.124466 0.07787 
0.124466 0.07787 -0.0730988 0.0941603 
-0.0730988 0.0941603 -0.122653 -0.397861 
-0.450846 -0.105358 -0.280649 -0.127629 
-0.280649 -0.127629 -0.25657 0.109288 
-0.25657 0.109288 -0.427403 0.123374 
-0.427403 0.123374 -0.450846 -0.105358 
