0 0 0 1 -0.135176 -0.283795 
0 0 6.5 1 -0.162809 0.407678 
10 0 0 1 -0.247702 -0.0524172 
10 0 6.5 1 -0.269175 0.299565 
10 10 0 1 0.206376 -0.0106018 
10 10 6.5 1 0.215732 0.288858 
0 10 0 1 0.605866 -0.155162 
0 10 6.5 1 0.665138 0.358849 
0 5 10 1 0.336632 0.76182 
10 5 10 1 -0.00827257 0.486242 
0 6 0 1 0.358812 -0.198047 
0 8 0 1 0.488835 -0.175477 
0 8 5 1 0.525937 0.230683 
0 6 5 1 0.386454 0.230658 
0 2 2.5 1 0.0499696 -0.0222683 
0 4 2.5 1 0.220901 -0.0066956 
0 4 5 1 0.229006 0.230629 
0 2 5 1 0.0498796 0.230596 
0.5 0.5 -0.5 1 -0.097506 -0.29824 
0.5 0.5 6 1 -0.117868 0.337933 
10.5 0.5 -0.5 1 -0.223372 -0.0686062 
10.5 0.5 6 1 -0.242332 0.268548 
10.5 10.5 -0.5 1 0.213046 -0.025784 
10.5 10.5 6 1 0.222482 0.262886 
0.5 10.5 -0.5 1 0.596234 -0.172847 
0.5 10.5 6 1 0.651156 0.310075 
0.5 5.5 9.5 1 0.342454 0.673818 
10.5 5.5 9.5 1 0.00758271 0.449845 
0.5 6.5 -0.5 1 0.362307 -0.215129 
0.5 8.5 -0.5 1 0.485087 -0.192936 
0.5 8.5 4.5 1 0.519711 0.187984 
0.5 6.5 4.5 1 0.388529 0.185536 
0.5 2.5 2 1 0.0746815 -0.0539572 
0.5 4.5 2 1 0.233429 -0.03754 
0.5 4.5 4.5 1 0.241561 0.182794 
0.5 2.5 4.5 1 0.0757746 0.179701 
