0.384643 -0.49507 0.315654 0.0810545 
-0.245744 -0.411585 -0.266206 -0.0201351 
0.0586612 -0.293249 0.0361416 -0.0328845 
0.503199 -0.307872 0.458447 0.0229996 
0.384643 -0.49507 -0.245744 -0.411585 
-0.245744 -0.411585 0.0586612 -0.293249 
0.0586612 -0.293249 0.503199 -0.307872 
0.503199 -0.307872 0.384643 -0.49507 
0.315654 0.0810545 0.37838 0.255188 
0.37838 0.255188 0.458447 0.0229996 
-0.266206 -0.0201351 -0.0971834 0.131919 
-0.0971834 0.131919 0.0361416 -0.0328845 
0.37838 0.255188 -0.0971834 0.131919 
0.315654 0.0810545 -0.266206 -0.0201351 
0.458447 0.0229996 0.0361416 -0.0328845 
0.470532 -0.359452 0.4884 -0.331239 
0.4884 -0.331239 0.450979 -0.0504692 
0.450979 -0.0504692 0.429966 -0.0495923 
0.429966 -0.0495923 0.470532 -0.359452 
0.395928 -0.238374 0.425977 -0.21804 
0.425977 -0.21804 0.404274 -0.0485202 
0.404274 -0.0485202 0.372142 -0.0471794 
0.372142 -0.0471794 0.395928 -0.238374 
