0 0 0 1 -0.307566 -0.392556 
0 0 6.5 1 -0.320807 0.256335 
10 0 0 1 -0.249129 -0.108887 
10 0 6.5 1 -0.251847 0.224284 
10 10 0 1 0.22259 -0.101284 
10 10 6.5 1 0.247408 0.202557 
0 10 0 1 0.547812 -0.335915 
0 10 6.5 1 0.62989 0.21008 
0 5 10 1 0.225801 0.612751 
10 5 10 1 0.0167291 0.400536 
0 6 0 1 0.238786 -0.356378 
0 8 0 1 0.39813 -0.345827 
0 8 5 1 0.449169 0.0769329 
0 6 5 1 0.27769 0.0802949 
0 2 2.5 1 -0.108687 -0.156434 
0 4 2.5 1 0.0807372 -0.151647 
0 4 5 1 0.0937389 0.0839015 
0 2 5 1 -0.104098 0.0877803 
0.5 0.5 -0.5 1 -0.254057 -0.405082 
0.5 0.5 6 1 -0.259873 0.19807 
10.5 0.5 -0.5 1 -0.222549 -0.124717 
10.5 0.5 6 1 -0.223543 0.196058 
10.5 10.5 -0.5 1 0.233 -0.116042 
10.5 10.5 6 1 0.257624 0.177455 
0.5 10.5 -0.5 1 0.54915 -0.349587 
0.5 10.5 6 1 0.626659 0.163699 
0.5 5.5 9.5 1 0.248837 0.532489 
10.5 5.5 9.5 1 0.0355532 0.366751 
0.5 6.5 -0.5 1 0.257256 -0.369755 
0.5 8.5 -0.5 1 0.407521 -0.359373 
0.5 8.5 4.5 1 0.456358 0.0378734 
0.5 6.5 4.5 1 0.295355 0.0397459 
0.5 2.5 2 1 -0.0669125 -0.183522 
0.5 4.5 2 1 0.109925 -0.178133 
0.5 4.5 4.5 1 0.123364 0.0417461 
0.5 2.5 4.5 1 -0.0607782 0.0438877 
