-0.21514 -0.34425 -0.237008 0.32553 
-0.247479 -0.0795302 -0.260326 0.263138 
0.215717 -0.0518121 0.232826 0.249395 
0.583818 -0.241396 0.656012 0.28618 
-0.21514 -0.34425 -0.247479 -0.0795302 
-0.247479 -0.0795302 0.215717 -0.0518121 
0.215717 -0.0518121 0.583818 -0.241396 
0.583818 -0.241396 -0.21514 -0.34425 
-0.237008 0.32553 0.291452 0.68714 
0.291452 0.68714 0.656012 0.28618 
-0.260326 0.263138 0.00525381 0.446409 
0.00525381 0.446409 0.232826 0.249395 
0.291452 0.68714 0.00525381 0.446409 
-0.237008 0.32553 -0.260326 0.263138 
0.656012 0.28618 0.232826 0.249395 
0.307379 -0.276984 0.451551 -0.258424 
0.451551 -0.258424 0.496654 0.154267 
0.496654 0.154267 0.341464 0.154279 
0.341464 0.154279 0.307379 -0.276984 
-0.0217939 -0.0941282 0.159454 -0.0818969 
0.159454 -0.0818969 0.170237 0.154293 
0.170237 0.154293 -0.0196485 0.154308 
-0.0196485 0.154308 -0.0217939 -0.0941282 
