0 0 0 1 0.234686 -0.396547 
0 0 6.5 1 0.210746 -0.0869145 
10 0 0 1 0.715909 -0.54878 
10 0 6.5 1 0.630912 -0.00602031 
10 10 0 1 -0.111739 -0.748147 
10 10 6.5 1 -0.124278 0.0222079 
0 10 0 1 -0.254468 -0.460182 
0 10 6.5 1 -0.251717 -0.0879049 
0 5 10 1 -0.00692067 0.0788412 
10 5 10 1 0.284367 0.295837 
0 6 0 1 -0.0368551 -0.431872 
0 8 0 1 -0.141435 -0.445477 
0 8 5 1 -0.14479 -0.166285 
0 6 5 1 -0.0449308 -0.163267 
0 2 2.5 1 0.142484 -0.279913 
0 4 2.5 1 0.0539789 -0.286896 
0 4 5 1 0.0480508 -0.160457 
0 2 5 1 0.134841 -0.157835 
0.5 0.5 -0.5 1 0.229634 -0.429793 
0.5 0.5 6 1 0.205162 -0.107813 
10.5 0.5 -0.5 1 0.738296 -0.619645 
10.5 0.5 6 1 0.64608 -0.0377884 
10.5 10.5 -0.5 1 -0.158747 -0.871417 
10.5 10.5 6 1 -0.165921 -0.0200478 
0.5 10.5 -0.5 1 -0.281857 -0.503206 
0.5 10.5 6 1 -0.277175 -0.112958 
0.5 5.5 9.5 1 -0.0206041 0.0627209 
10.5 5.5 9.5 1 0.278422 0.280588 
0.5 6.5 -0.5 1 -0.0533864 -0.470414 
0.5 8.5 -0.5 1 -0.162999 -0.486146 
0.5 8.5 4.5 1 -0.165412 -0.193857 
0.5 6.5 4.5 1 -0.0609761 -0.189703 
0.5 2.5 2 1 0.134017 -0.30933 
0.5 4.5 2 1 0.0418672 -0.317651 
0.5 4.5 4.5 1 0.0360013 -0.185846 
0.5 2.5 4.5 1 0.126292 -0.182255 
