0.390374 -0.670765 0.356238 -0.137394 
-0.332777 -0.589025 -0.303473 -0.143473 
-0.100046 -0.438004 -0.093418 -0.165989 
0.333805 -0.46719 0.316885 -0.164792 
0.390374 -0.670765 -0.332777 -0.589025 
-0.332777 -0.589025 -0.100046 -0.438004 
-0.100046 -0.438004 0.333805 -0.46719 
0.333805 -0.46719 0.390374 -0.670765 
0.356238 -0.137394 0.320493 0.0314948 
0.320493 0.0314948 0.316885 -0.164792 
-0.303473 -0.143473 -0.167768 0.00776158 
-0.167768 0.00776158 -0.093418 -0.165989 
0.320493 0.0314948 -0.167768 0.00776158 
0.356238 -0.137394 -0.303473 -0.143473 
0.316885 -0.164792 -0.093418 -0.165989 
0.349261 -0.522812 0.340795 -0.492343 
0.340795 -0.492343 0.326077 -0.234048 
0.326077 -0.234048 0.332627 -0.237062 
0.332627 -0.237062 0.349261 -0.522812 
0.361446 -0.420665 0.349896 -0.39583 
0.349896 -0.39583 0.340635 -0.240748 
0.340635 -0.240748 0.350648 -0.245355 
0.350648 -0.245355 0.361446 -0.420665 
