0.290648 -0.337506 0.324716 0.077358 
-0.379046 -0.299381 -0.327051 0.156796 
-0.285252 -0.189534 -0.255643 0.0793586 
0.118518 -0.219139 0.14157 0.0348473 
0.290648 -0.337506 -0.379046 -0.299381 
-0.379046 -0.299381 -0.285252 -0.189534 
-0.285252 -0.189534 0.118518 -0.219139 
0.118518 -0.219139 0.290648 -0.337506 
0.324716 0.077358 0.225861 0.216833 
0.225861 0.216833 0.14157 0.0348473 
-0.327051 0.156796 -0.262388 0.28589 
-0.262388 0.28589 -0.255643 0.0793586 
0.225861 0.216833 -0.262388 0.28589 
0.324716 0.077358 -0.327051 0.156796 
0.14157 0.0348473 -0.255643 0.0793586 
0.168336 -0.253397 0.141325 -0.234823 
0.141325 -0.234823 0.160363 -0.0223814 
0.160363 -0.0223814 0.188811 -0.0213909 
0.188811 -0.0213909 0.168336 -0.253397 
0.25278 -0.159978 0.211965 -0.147193 
0.211965 -0.147193 0.222965 -0.0202019 
0.222965 -0.0202019 0.26473 -0.0187478 
0.26473 -0.0187478 0.25278 -0.159978 
