0.290426 -0.273629 0.253252 0.0735834 
0.252712 -0.562669 0.178201 0.146766 
-0.588911 -0.504544 -0.631524 0.0266453 
-0.187331 -0.282206 -0.214995 0.0160319 
0.290426 -0.273629 0.252712 -0.562669 
0.252712 -0.562669 -0.588911 -0.504544 
-0.588911 -0.504544 -0.187331 -0.282206 
-0.187331 -0.282206 0.290426 -0.273629 
0.253252 0.0735834 -0.0155811 0.212859 
-0.0155811 0.212859 -0.214995 0.0160319 
0.178201 0.146766 -0.313385 0.396262 
-0.313385 0.396262 -0.631524 0.0266453 
-0.0155811 0.212859 -0.313385 0.396262 
0.253252 0.0735834 0.178201 0.146766 
-0.214995 0.0160319 -0.631524 0.0266453 
-0.0135607 -0.279086 -0.102995 -0.280692 
-0.102995 -0.280692 -0.125537 -0.0441177 
-0.125537 -0.0441177 -0.0374299 -0.0354238 
-0.0374299 -0.0354238 -0.0135607 -0.279086 
0.169067 -0.145464 0.068742 -0.151313 
0.068742 -0.151313 0.0561291 -0.0261919 
0.0561291 -0.0261919 0.155663 -0.0163706 
0.155663 -0.0163706 0.169067 -0.145464 
