0 0 0 1 -0.319091 -0.395354 
0 0 6.5 1 -0.331046 0.251782 
10 0 0 1 -0.249452 -0.111494 
10 0 6.5 1 -0.250914 0.220727 
10 10 0 1 0.223274 -0.106662 
10 10 6.5 1 0.248953 0.197709 
0 10 0 1 0.542814 -0.345683 
0 10 6.5 1 0.625798 0.203346 
0 5 10 1 0.216927 0.606952 
10 5 10 1 0.0179057 0.395998 
0 6 0 1 0.229732 -0.363725 
0 8 0 1 0.390926 -0.354436 
0 8 5 1 0.442514 0.0701688 
0 6 5 1 0.269111 0.0742061 
0 2 2.5 1 -0.119708 -0.160823 
0 4 2.5 1 0.0705172 -0.15721 
0 4 5 1 0.0837693 0.0785214 
0 2 5 1 -0.114787 0.0831444 
0.5 0.5 -0.5 1 -0.264655 -0.408243 
0.5 0.5 6 1 -0.269281 0.193725 
10.5 0.5 -0.5 1 -0.222738 -0.127432 
10.5 0.5 6 1 -0.222539 0.192554 
10.5 10.5 -0.5 1 0.233958 -0.121504 
10.5 10.5 6 1 0.259428 0.172564 
0.5 10.5 -0.5 1 0.545017 -0.359389 
0.5 10.5 6 1 0.623475 0.156813 
0.5 5.5 9.5 1 0.241166 0.526894 
10.5 5.5 9.5 1 0.0369259 0.362288 
0.5 6.5 -0.5 1 0.249273 -0.377233 
0.5 8.5 -0.5 1 0.401305 -0.36806 
0.5 8.5 4.5 1 0.450738 0.0309995 
0.5 6.5 4.5 1 0.287899 0.033571 
0.5 2.5 2 1 -0.0768682 -0.188088 
0.5 4.5 2 1 0.100826 -0.183842 
0.5 4.5 4.5 1 0.114537 0.0363086 
0.5 2.5 4.5 1 -0.0704023 0.039229 
