0.25672 -0.135706 0.29038 0.238498 
-0.305987 -0.249828 -0.315508 0.294194 
-0.450042 -0.0658489 -0.464344 0.259573 
-0.0343722 -0.0261491 -0.0257058 0.229838 
0.25672 -0.135706 -0.305987 -0.249828 
-0.305987 -0.249828 -0.450042 -0.0658489 
-0.450042 -0.0658489 -0.0343722 -0.0261491 
-0.0343722 -0.0261491 0.25672 -0.135706 
0.29038 0.238498 0.111187 0.411855 
0.111187 0.411855 -0.0257058 0.229838 
-0.315508 0.294194 -0.418296 0.518793 
-0.418296 0.518793 -0.464344 0.259573 
0.111187 0.411855 -0.418296 0.518793 
0.29038 0.238498 -0.315508 0.294194 
-0.0257058 0.229838 -0.464344 0.259573 
0.0568984 -0.0605002 0.00819622 -0.0421704 
0.00819622 -0.0421704 0.0169037 0.165574 
0.0169037 0.165574 0.0682929 0.162071 
0.0682929 0.162071 0.0568984 -0.0605002 
0.188367 0.0202833 0.120428 0.0355163 
0.120428 0.0355163 0.128022 0.157999 
0.128022 0.157999 0.1983 0.153208 
0.1983 0.153208 0.188367 0.0202833 
