-0.450592 -0.436365 -0.460088 -0.0948394 
-0.0116847 -0.336356 -0.0320647 -0.0729049 
0.318944 -0.418814 0.274363 -0.0256926 
-0.282389 -0.637146 -0.309511 -0.0404289 
-0.450592 -0.436365 -0.0116847 -0.336356 
-0.0116847 -0.336356 0.318944 -0.418814 
0.318944 -0.418814 -0.282389 -0.637146 
-0.282389 -0.637146 -0.450592 -0.436365 
-0.460088 -0.0948394 -0.411953 0.142381 
-0.411953 0.142381 -0.309511 -0.0404289 
-0.0320647 -0.0729049 0.0767958 0.106972 
0.0767958 0.106972 0.274363 -0.0256926 
-0.411953 0.142381 0.0767958 0.106972 
-0.460088 -0.0948394 -0.0320647 -0.0729049 
-0.309511 -0.0404289 0.274363 -0.0256926 
-0.373156 -0.528799 -0.333749 -0.575839 
-0.333749 -0.575839 -0.349992 -0.171219 
-0.349992 -0.171219 -0.386037 -0.171258 
-0.386037 -0.171258 -0.373156 -0.528799 
-0.434081 -0.313972 -0.409685 -0.328548 
-0.409685 -0.328548 -0.414833 -0.171289 
-0.414833 -0.171289 -0.438367 -0.171314 
-0.438367 -0.171314 -0.434081 -0.313972 
