0 0 0 1 0.357795 -0.533861 
0 0 6.5 1 0.289908 0.0642532 
10 0 0 1 -0.230994 -0.404304 
10 0 6.5 1 -0.261559 -0.0229039 
10 10 0 1 0.0932142 -0.271379 
10 10 6.5 1 0.0671988 -0.0105753 
0 10 0 1 0.542288 -0.302031 
0 10 6.5 1 0.498665 0.0446598 
0 5 10 1 0.393857 0.279108 
10 5 10 1 -0.0818095 0.146603 
0 6 0 1 0.490909 -0.366592 
0 8 0 1 0.518961 -0.331343 
0 8 5 1 0.482599 -0.0386881 
0 6 5 1 0.451461 -0.0441969 
0 2 2.5 1 0.389445 -0.259231 
0 4 2.5 1 0.434768 -0.228463 
0 4 5 1 0.413453 -0.0509212 
0 2 5 1 0.366018 -0.0593131 
0.5 0.5 -0.5 1 0.334202 -0.550258 
0.5 0.5 6 1 0.270942 0.014387 
10.5 0.5 -0.5 1 -0.223858 -0.419869 
10.5 0.5 6 1 -0.253436 -0.0523567 
10.5 10.5 -0.5 1 0.0896016 -0.285667 
10.5 10.5 6 1 0.0643162 -0.0314306 
0.5 10.5 -0.5 1 0.521846 -0.319852 
0.5 10.5 6 1 0.480116 0.0153302 
0.5 5.5 9.5 1 0.375412 0.233076 
10.5 5.5 9.5 1 -0.080653 0.117487 
0.5 6.5 -0.5 1 0.46864 -0.385183 
0.5 8.5 -0.5 1 0.497596 -0.349628 
0.5 8.5 4.5 1 0.462943 -0.0676015 
0.5 6.5 4.5 1 0.431206 -0.0756402 
0.5 2.5 2 1 0.36731 -0.287526 
0.5 4.5 2 1 0.412917 -0.255152 
0.5 4.5 4.5 1 0.392783 -0.0853725 
0.5 2.5 4.5 1 0.345313 -0.0973965 
