0.400335 -0.498252 0.337621 0.0518532 
-0.268969 -0.438619 -0.27352 -0.034279 
0.00967389 -0.331092 -0.00481456 -0.069537 
0.448679 -0.341712 0.409411 -0.0261186 
0.400335 -0.498252 -0.268969 -0.438619 
-0.268969 -0.438619 0.00967389 -0.331092 
0.00967389 -0.331092 0.448679 -0.341712 
0.448679 -0.341712 0.400335 -0.498252 
0.337621 0.0518532 0.359216 0.198584 
0.359216 0.198584 0.409411 -0.0261186 
-0.27352 -0.034279 -0.117443 0.102732 
-0.117443 0.102732 -0.00481456 -0.069537 
0.359216 0.198584 -0.117443 0.102732 
0.337621 0.0518532 -0.27352 -0.034279 
0.409411 -0.0261186 -0.00481456 -0.069537 
0.43543 -0.384613 0.442684 -0.361125 
0.442684 -0.361125 0.4096 -0.0923841 
0.4096 -0.0923841 0.399372 -0.0878866 
0.399372 -0.0878866 0.43543 -0.384613 
0.392533 -0.257313 0.406148 -0.243616 
0.406148 -0.243616 0.386869 -0.0823886 
0.386869 -0.0823886 0.371237 -0.0755148 
0.371237 -0.0755148 0.392533 -0.257313 
