0.315349 -0.510839 0.330125 -0.0572674 
-0.383156 -0.457675 -0.329434 -0.00705937 
-0.230182 -0.323528 -0.20289 -0.0559151 
0.18201 -0.354902 0.195423 -0.0862358 
0.315349 -0.510839 -0.383156 -0.457675 
-0.383156 -0.457675 -0.230182 -0.323528 
-0.230182 -0.323528 0.18201 -0.354902 
0.18201 -0.354902 0.315349 -0.510839 
0.330125 -0.0572674 0.253531 0.0948945 
0.253531 0.0948945 0.195423 -0.0862358 
-0.329434 -0.00705937 -0.232167 0.13187 
-0.232167 0.13187 -0.20289 -0.0559151 
0.253531 0.0948945 -0.232167 0.13187 
0.330125 -0.0572674 -0.329434 -0.00705937 
0.195423 -0.0862358 -0.20289 -0.0559151 
0.219656 -0.398928 0.199152 -0.374949 
0.199152 -0.374949 0.209967 -0.148024 
0.209967 -0.148024 0.230861 -0.149698 
0.230861 -0.149698 0.219656 -0.398928 
0.281627 -0.306298 0.250481 -0.287509 
0.250481 -0.287509 0.256143 -0.151724 
0.256143 -0.151724 0.287356 -0.154225 
0.287356 -0.154225 0.281627 -0.306298 
