-0.240286 -0.0204948 -0.266651 0.248323 
0.15339 0.00926102 0.144852 0.26815 
0.318441 -0.0816949 0.315917 0.340653 
-0.321801 -0.13721 -0.372907 0.312224 
-0.240286 -0.0204948 0.15339 0.00926102 
0.15339 0.00926102 0.318441 -0.0816949 
0.318441 -0.0816949 -0.321801 -0.13721 
-0.321801 -0.13721 -0.240286 -0.0204948 
-0.266651 0.248323 -0.326425 0.469148 
-0.326425 0.469148 -0.372907 0.312224 
0.144852 0.26815 0.204996 0.482795 
0.204996 0.482795 0.315917 0.340653 
-0.326425 0.469148 0.204996 0.482795 
-0.266651 0.248323 0.144852 0.26815 
-0.372907 0.312224 0.315917 0.340653 
-0.279039 -0.075982 -0.297943 -0.103049 
-0.297943 -0.103049 -0.330683 0.197114 
-0.330683 0.197114 -0.307381 0.192833 
-0.307381 0.192833 -0.279039 -0.075982 
-0.261911 0.0733675 -0.275919 0.0652834 
-0.275919 0.0652834 -0.288641 0.189389 
-0.288641 0.189389 -0.273241 0.18656 
-0.273241 0.18656 -0.261911 0.0733675 
