0 0 0 1 -0.721569 -0.574351 
0 0 6.5 1 -0.638215 -0.0558363 
10 0 0 1 -0.230073 -0.407156 
10 0 6.5 1 -0.200435 -0.103865 
10 10 0 1 0.24023 -0.50668 
10 10 6.5 1 0.252837 -0.129998 
0 10 0 1 0.0129006 -0.863504 
0 10 6.5 1 0.0603163 -0.08599 
0 5 10 1 -0.317079 0.226699 
10 5 10 1 0.0148428 0.0530178 
0 6 0 1 -0.353486 -0.719262 
0 8 0 1 -0.186737 -0.784909 
0 8 5 1 -0.138208 -0.229432 
0 6 5 1 -0.297656 -0.210856 
0 2 2.5 1 -0.583565 -0.392063 
0 4 2.5 1 -0.463631 -0.421843 
0 4 5 1 -0.434326 -0.194934 
0 2 5 1 -0.552774 -0.181135 
0.5 0.5 -0.5 1 -0.662379 -0.611955 
0.5 0.5 6 1 -0.584108 -0.0974989 
10.5 0.5 -0.5 1 -0.199418 -0.430465 
10.5 0.5 6 1 -0.171258 -0.128547 
10.5 10.5 -0.5 1 0.273448 -0.534485 
10.5 10.5 6 1 0.284277 -0.159948 
0.5 10.5 -0.5 1 0.085781 -0.913406 
0.5 10.5 6 1 0.125222 -0.145264 
0.5 5.5 9.5 1 -0.260552 0.175538 
10.5 5.5 9.5 1 0.0444179 0.0252055 
0.5 6.5 -0.5 1 -0.286177 -0.763535 
0.5 8.5 -0.5 1 -0.116584 -0.831868 
0.5 8.5 4.5 1 -0.0738312 -0.282637 
0.5 6.5 4.5 1 -0.235617 -0.260329 
0.5 2.5 2 1 -0.524053 -0.433706 
0.5 4.5 2 1 -0.401629 -0.466054 
0.5 4.5 4.5 1 -0.374634 -0.241161 
0.5 2.5 4.5 1 -0.495371 -0.224513 
