0 0 0 1 0.398174 -0.640075 
0 0 6.5 1 0.356526 -0.102776 
10 0 0 1 -0.317987 -0.561538 
10 0 6.5 1 -0.295503 -0.124285 
10 10 0 1 -0.0759147 -0.422053 
10 10 6.5 1 -0.0738466 -0.152037 
0 10 0 1 0.359414 -0.447904 
0 10 6.5 1 0.337117 -0.142841 
0 5 10 1 0.330299 0.0594169 
10 5 10 1 -0.155802 0.0220068 
0 6 0 1 0.369996 -0.500369 
0 8 0 1 0.364199 -0.471626 
0 8 5 1 0.345007 -0.211058 
0 6 5 1 0.348574 -0.212164 
0 2 2.5 1 0.371848 -0.391846 
0 4 2.5 1 0.364684 -0.369832 
0 4 5 1 0.352936 -0.213517 
0 2 5 1 0.358391 -0.215209 
0.5 0.5 -0.5 1 0.355878 -0.662935 
0.5 0.5 6 1 0.319681 -0.143293 
10.5 0.5 -0.5 1 -0.328805 -0.582807 
10.5 0.5 6 1 -0.306175 -0.157286 
10.5 10.5 -0.5 1 -0.0876331 -0.43816 
10.5 10.5 6 1 -0.0850275 -0.172639 
0.5 10.5 -0.5 1 0.33606 -0.465484 
0.5 10.5 6 1 0.315545 -0.166151 
0.5 5.5 9.5 1 0.304437 0.0259094 
10.5 5.5 9.5 1 -0.167108 -0.00634462 
0.5 6.5 -0.5 1 0.341541 -0.520093 
0.5 8.5 -0.5 1 0.338545 -0.490242 
0.5 8.5 4.5 1 0.321023 -0.235115 
0.5 6.5 4.5 1 0.322155 -0.238539 
0.5 2.5 2 1 0.337145 -0.419563 
0.5 4.5 2 1 0.33406 -0.395132 
0.5 4.5 4.5 1 0.323532 -0.242703 
0.5 2.5 4.5 1 0.325243 -0.247876 
