-0.475455 -0.442201 -0.478072 -0.0900088 
-0.0292029 -0.344099 -0.0468214 -0.0777235 
0.314043 -0.417979 0.270792 -0.0253515 
-0.277038 -0.63187 -0.296872 -0.0190573 
-0.475455 -0.442201 -0.0292029 -0.344099 
-0.0292029 -0.344099 0.314043 -0.417979 
0.314043 -0.417979 -0.277038 -0.63187 
-0.277038 -0.63187 -0.475455 -0.442201 
-0.478072 -0.0900088 -0.414575 0.15647 
-0.414575 0.15647 -0.296872 -0.0190573 
-0.0468214 -0.0777235 0.0688474 0.103796 
0.0688474 0.103796 0.270792 -0.0253515 
-0.414575 0.15647 0.0688474 0.103796 
-0.478072 -0.0900088 -0.0468214 -0.0777235 
-0.296872 -0.0190573 0.270792 -0.0253515 
-0.384073 -0.529554 -0.337592 -0.573986 
-0.337592 -0.573986 -0.347972 -0.156832 
-0.347972 -0.156832 -0.391105 -0.160684 
-0.391105 -0.160684 -0.384073 -0.529554 
-0.452358 -0.313103 -0.42331 -0.325475 
-0.42331 -0.325475 -0.42564 -0.163768 
-0.42564 -0.163768 -0.453914 -0.166293 
-0.453914 -0.166293 -0.452358 -0.313103 
