0.285163 -0.260536 0.252566 0.0878064 
0.156593 -0.580001 0.0893635 0.110805 
-0.58171 -0.472741 -0.637556 0.0151346 
-0.172545 -0.252326 -0.202575 0.0356235 
0.285163 -0.260536 0.156593 -0.580001 
0.156593 -0.580001 -0.58171 -0.472741 
-0.58171 -0.472741 -0.172545 -0.252326 
-0.172545 -0.252326 0.285163 -0.260536 
0.252566 0.0878064 -0.0136998 0.23094 
-0.0136998 0.23094 -0.202575 0.0356235 
0.0893635 0.110805 -0.370873 0.369042 
-0.370873 0.369042 -0.637556 0.0151346 
-0.0136998 0.23094 -0.370873 0.369042 
0.252566 0.0878064 0.0893635 0.110805 
-0.202575 0.0356235 -0.637556 0.0151346 
-0.00979888 -0.255245 -0.0940775 -0.253734 
-0.0940775 -0.253734 -0.117548 -0.0246473 
-0.117548 -0.0246473 -0.0336736 -0.017638 
-0.0336736 -0.017638 -0.00979888 -0.255245 
0.166686 -0.130665 0.0688593 -0.133836 
0.0688593 -0.133836 0.0566878 -0.0100865 
0.0566878 -0.0100865 0.154319 -0.00192744 
0.154319 -0.00192744 0.166686 -0.130665 
