0 0 0 1 -0.00103297 -0.237437 
0 0 6.5 1 -0.0363967 0.460266 
10 0 0 1 -0.247269 -0.0547058 
10 0 6.5 1 -0.28084 0.306014 
10 10 0 1 0.183181 0.00856377 
10 10 6.5 1 0.178556 0.299309 
0 10 0 1 0.615489 -0.0787591 
0 10 6.5 1 0.644749 0.397069 
0 5 10 1 0.379172 0.777896 
10 5 10 1 -0.034677 0.4914 
0 6 0 1 0.421411 -0.12871 
0 8 0 1 0.524884 -0.102079 
0 8 5 1 0.542265 0.280693 
0 6 5 1 0.43243 0.281281 
0 2 2.5 1 0.158467 0.0337523 
0 4 2.5 1 0.303243 0.0527442 
0 4 5 1 0.304455 0.281967 
0 2 5 1 0.15344 0.282775 
0.5 0.5 -0.5 1 0.0212147 -0.254914 
0.5 0.5 6 1 -0.00872364 0.385836 
10.5 0.5 -0.5 1 -0.225571 -0.0713384 
10.5 0.5 6 1 -0.256425 0.273583 
10.5 10.5 -0.5 1 0.187327 -0.0069414 
10.5 10.5 6 1 0.183061 0.273465 
0.5 10.5 -0.5 1 0.60063 -0.098931 
0.5 10.5 6 1 0.627121 0.349794 
0.5 5.5 9.5 1 0.374891 0.692975 
10.5 5.5 9.5 1 -0.0215108 0.454644 
0.5 6.5 -0.5 1 0.41546 -0.14878 
0.5 8.5 -0.5 1 0.51386 -0.12229 
0.5 8.5 4.5 1 0.529548 0.237704 
0.5 6.5 4.5 1 0.425401 0.235175 
0.5 2.5 2 1 0.169047 -0.00128143 
0.5 4.5 2 1 0.304005 0.0191335 
0.5 4.5 4.5 1 0.305166 0.232255 
0.5 2.5 4.5 1 0.164804 0.228846 
