0.25568 -0.179598 0.293371 0.193211 
-0.323298 -0.280176 -0.323287 0.244242 
-0.429968 -0.0872762 -0.435708 0.226229 
-0.0180124 -0.0561975 -0.00484788 0.19603 
0.25568 -0.179598 -0.323298 -0.280176 
-0.323298 -0.280176 -0.429968 -0.0872762 
-0.429968 -0.0872762 -0.0180124 -0.0561975 
-0.0180124 -0.0561975 0.25568 -0.179598 
0.293371 0.193211 0.126534 0.370222 
0.126534 0.370222 -0.00484788 0.19603 
-0.323287 0.244242 -0.397243 0.467163 
-0.397243 0.467163 -0.435708 0.226229 
0.126534 0.370222 -0.397243 0.467163 
0.293371 0.193211 -0.323287 0.244242 
-0.00484788 0.19603 -0.435708 0.226229 
0.0670346 -0.094543 0.021567 -0.0740428 
0.021567 -0.0740428 0.0337051 0.131208 
0.0337051 0.131208 0.081833 0.125776 
0.081833 0.125776 0.0670346 -0.094543 
0.192883 -0.0200065 0.128729 -0.00184305 
0.128729 -0.00184305 0.138014 0.119437 
0.138014 0.119437 0.204454 0.111939 
0.204454 0.111939 0.192883 -0.0200065 
