0.292173 -0.351965 0.255826 -0.00925733 
0.486776 -0.586921 0.395468 0.120602 
-0.560875 -0.609518 -0.5526 0.0327575 
-0.224169 -0.375604 -0.235169 -0.0489176 
0.292173 -0.351965 0.486776 -0.586921 
0.486776 -0.586921 -0.560875 -0.609518 
-0.560875 -0.609518 -0.224169 -0.375604 
-0.224169 -0.375604 0.292173 -0.351965 
0.255826 -0.00925733 -0.00748055 0.13789 
-0.00748055 0.13789 -0.235169 -0.0489176 
0.395468 0.120602 -0.119192 0.388613 
-0.119192 0.388613 -0.5526 0.0327575 
-0.00748055 0.13789 -0.119192 0.388613 
0.255826 -0.00925733 0.395468 0.120602 
-0.235169 -0.0489176 -0.5526 0.0327575 
-0.0242484 -0.366452 -0.125265 -0.371076 
-0.125265 -0.371076 -0.137443 -0.114682 
-0.137443 -0.114682 -0.0402052 -0.107586 
-0.0402052 -0.107586 -0.0242484 -0.366452 
0.172174 -0.222441 0.0688168 -0.228603 
0.0688168 -0.228603 0.0590552 -0.100342 
0.0590552 -0.100342 0.160402 -0.0929461 
0.160402 -0.0929461 0.172174 -0.222441 
