-0.0231355 -0.235499 -0.0573123 0.465331 
-0.247818 -0.0476656 -0.279743 0.31258 
0.1874 0.011781 0.185042 0.304653 
0.616147 -0.0821725 0.650795 0.40171 
-0.0231355 -0.235499 -0.247818 -0.0476656 
-0.247818 -0.0476656 0.1874 0.011781 
0.1874 0.011781 0.616147 -0.0821725 
0.616147 -0.0821725 -0.0231355 -0.235499 
-0.0573123 0.465331 0.374842 0.789766 
0.374842 0.789766 0.650795 0.40171 
-0.279743 0.31258 -0.0304964 0.498574 
-0.0304964 0.498574 0.185042 0.304653 
0.374842 0.789766 -0.0304964 0.498574 
-0.0573123 0.465331 -0.279743 0.31258 
0.650795 0.40171 0.185042 0.304653 
0.413147 -0.13086 0.521173 -0.104951 
0.521173 -0.104951 0.542193 0.283181 
0.542193 0.283181 0.427307 0.284001 
0.427307 0.284001 0.413147 -0.13086 
0.141703 0.0349829 0.291512 0.0531853 
0.291512 0.0531853 0.294041 0.284953 
0.294041 0.284953 0.1376 0.28607 
0.1376 0.28607 0.141703 0.0349829 
