0 0 0 1 -0.59472 -0.281241 
0 0 6.5 1 -0.547642 0.316823 
10 0 0 1 -0.250361 -0.13686 
10 0 6.5 1 -0.222138 0.17518 
10 10 0 1 0.237353 -0.197613 
10 10 6.5 1 0.273109 0.133899 
0 10 0 1 0.348153 -0.42293 
0 10 6.5 1 0.424079 0.251004 
0 5 10 1 -0.0585607 0.639153 
10 5 10 1 0.0351435 0.331329 
0 6 0 1 -0.0568449 -0.36207 
0 8 0 1 0.140544 -0.391732 
0 8 5 1 0.193425 0.111142 
0 6 5 1 -0.00872724 0.128728 
0 2 2.5 1 -0.404137 -0.0746945 
0 4 2.5 1 -0.223061 -0.0962083 
0 4 5 1 -0.201003 0.145455 
0 2 5 1 -0.384107 0.161384 
0.5 0.5 -0.5 1 -0.5265 -0.317309 
0.5 0.5 6 1 -0.479937 0.255861 
10.5 0.5 -0.5 1 -0.221191 -0.15919 
10.5 0.5 6 1 -0.193258 0.145937 
10.5 10.5 -0.5 1 0.257383 -0.219972 
10.5 10.5 6 1 0.292554 0.103747 
0.5 10.5 -0.5 1 0.382862 -0.457156 
0.5 10.5 6 1 0.456128 0.185326 
0.5 5.5 9.5 1 -0.00716561 0.55985 
10.5 5.5 9.5 1 0.0593827 0.297547 
0.5 6.5 -0.5 1 -0.00660266 -0.397262 
0.5 8.5 -0.5 1 0.183429 -0.426486 
0.5 8.5 4.5 1 0.234708 0.0535882 
0.5 6.5 4.5 1 0.0402789 0.0717957 
0.5 2.5 2 1 -0.341607 -0.120294 
0.5 4.5 2 1 -0.166639 -0.141968 
0.5 4.5 4.5 1 -0.14505 0.089151 
0.5 2.5 4.5 1 -0.321904 0.105713 
