0 0 0 1 0.361739 -0.529943 
0 0 6.5 1 0.293426 0.0661506 
10 0 0 1 -0.232362 -0.405918 
10 0 6.5 1 -0.261973 -0.0232756 
10 10 0 1 0.0896984 -0.274236 
10 10 6.5 1 0.0639129 -0.0134856 
0 10 0 1 0.538396 -0.302746 
0 10 6.5 1 0.494354 0.0421509 
0 5 10 1 0.392351 0.276305 
10 5 10 1 -0.0834206 0.144446 
0 6 0 1 0.489278 -0.365916 
0 8 0 1 0.516103 -0.331417 
0 8 5 1 0.479386 -0.0400613 
0 6 5 1 0.449461 -0.0448477 
0 2 2.5 1 0.390886 -0.257019 
0 4 2.5 1 0.4344 -0.227382 
0 4 5 1 0.41292 -0.0506924 
0 2 5 1 0.367297 -0.0579896 
0.5 0.5 -0.5 1 0.337445 -0.547158 
0.5 0.5 6 1 0.27384 0.0160643 
10.5 0.5 -0.5 1 -0.225633 -0.421851 
10.5 0.5 6 1 -0.254305 -0.053022 
10.5 10.5 -0.5 1 0.0858995 -0.288685 
10.5 10.5 6 1 0.0608413 -0.0344212 
0.5 10.5 -0.5 1 0.517912 -0.320782 
0.5 10.5 6 1 0.475798 0.0128579 
0.5 5.5 9.5 1 0.373743 0.230499 
10.5 5.5 9.5 1 -0.0825711 0.115248 
0.5 6.5 -0.5 1 0.466827 -0.384862 
0.5 8.5 -0.5 1 0.494638 -0.349977 
0.5 8.5 4.5 1 0.459663 -0.0690342 
0.5 6.5 4.5 1 0.429064 -0.0763944 
0.5 2.5 2 1 0.368323 -0.285767 
0.5 4.5 2 1 0.41228 -0.2544 
0.5 4.5 4.5 1 0.392002 -0.0853091 
0.5 2.5 4.5 1 0.346189 -0.0963287 
