-0.342035 -0.398394 -0.351249 0.245831 
-0.250128 -0.115774 -0.249093 0.21472 
0.224585 -0.11659 0.25191 0.189008 
0.532596 -0.363287 0.617188 0.192426 
-0.342035 -0.398394 -0.250128 -0.115774 
-0.250128 -0.115774 0.224585 -0.11659 
0.224585 -0.11659 0.532596 -0.363287 
0.532596 -0.363287 -0.342035 -0.398394 
-0.351249 0.245831 0.198897 0.598345 
0.198897 0.598345 0.617188 0.192426 
-0.249093 0.21472 0.0201291 0.388024 
0.0201291 0.388024 0.25191 0.189008 
0.198897 0.598345 0.0201291 0.388024 
-0.351249 0.245831 -0.249093 0.21472 
0.617188 0.192426 0.25191 0.189008 
0.211404 -0.376179 0.376269 -0.369562 
0.376269 -0.369562 0.428846 0.0592124 
0.428846 0.0592124 0.251672 0.0647317 
0.251672 0.0647317 0.211404 -0.376179 
-0.141743 -0.166873 0.0499368 -0.165714 
0.0499368 -0.165714 0.0636874 0.0705878 
0.0636874 0.0705878 -0.136128 0.0768124 
-0.136128 0.0768124 -0.141743 -0.166873 
