0 0 0 1 -0.64385 -0.531913 
0 0 6.5 1 -0.58869 -0.0893209 
10 0 0 1 -0.151459 -0.41939 
10 0 6.5 1 -0.141122 -0.128397 
10 10 0 1 0.276516 -0.501101 
10 10 6.5 1 0.259377 -0.10745 
0 10 0 1 -0.16737 -0.76311 
0 10 6.5 1 -0.140815 -0.0289243 
0 5 10 1 -0.392804 0.188248 
10 5 10 1 0.0308604 0.0441497 
0 6 0 1 -0.419021 -0.641004 
0 8 0 1 -0.308239 -0.694757 
0 8 5 1 -0.276683 -0.182209 
0 6 5 1 -0.381485 -0.183109 
0 2 2.5 1 -0.560066 -0.366481 
0 4 2.5 1 -0.487207 -0.38272 
0 4 5 1 -0.467571 -0.183849 
0 2 5 1 -0.539545 -0.184468 
0.5 0.5 -0.5 1 -0.596524 -0.567222 
0.5 0.5 6 1 -0.54517 -0.121641 
10.5 0.5 -0.5 1 -0.120477 -0.442399 
10.5 0.5 6 1 -0.111819 -0.150098 
10.5 10.5 -0.5 1 0.318732 -0.532383 
10.5 10.5 6 1 0.298538 -0.136363 
0.5 10.5 -0.5 1 -0.0876217 -0.822539 
0.5 10.5 6 1 -0.0713094 -0.080347 
0.5 5.5 9.5 1 -0.341984 0.150661 
10.5 5.5 9.5 1 0.0633015 0.020195 
0.5 6.5 -0.5 1 -0.356426 -0.687679 
0.5 8.5 -0.5 1 -0.238101 -0.747043 
0.5 8.5 4.5 1 -0.212903 -0.229511 
0.5 6.5 4.5 1 -0.324004 -0.225772 
0.5 2.5 2 1 -0.510371 -0.403478 
0.5 4.5 2 1 -0.432873 -0.423156 
0.5 4.5 4.5 1 -0.415257 -0.222702 
0.5 2.5 4.5 1 -0.491545 -0.220135 
