-0.689262 -0.585935 -0.618257 -0.108254 
-0.186805 -0.444576 -0.167638 -0.145502 
0.262569 -0.54207 0.256826 -0.148329 
-0.110586 -0.868906 -0.0739787 -0.0930761 
-0.689262 -0.585935 -0.186805 -0.444576 
-0.186805 -0.444576 0.262569 -0.54207 
0.262569 -0.54207 -0.110586 -0.868906 
-0.110586 -0.868906 -0.689262 -0.585935 
-0.618257 -0.108254 -0.375097 0.169825 
-0.375097 0.169825 -0.0739787 -0.0930761 
-0.167638 -0.145502 0.0223352 0.0201371 
0.0223352 0.0201371 0.256826 -0.148329 
-0.375097 0.169825 0.0223352 0.0201371 
-0.618257 -0.108254 -0.167638 -0.145502 
-0.0739787 -0.0930761 0.256826 -0.148329 
-0.411833 -0.721597 -0.278035 -0.787024 
-0.278035 -0.787024 -0.236858 -0.242108 
-0.236858 -0.242108 -0.36349 -0.232311 
-0.36349 -0.232311 -0.411833 -0.721597 
-0.583941 -0.413162 -0.493942 -0.437492 
-0.493942 -0.437492 -0.468731 -0.224168 
-0.468731 -0.224168 -0.557581 -0.217293 
-0.557581 -0.217293 -0.583941 -0.413162 
