0.231382 -0.395174 0.208423 -0.0864773 
0.713799 -0.542935 0.630389 -0.00505504 
-0.101366 -0.738923 -0.112912 0.0294558 
-0.255997 -0.457514 -0.251859 -0.0847501 
0.231382 -0.395174 0.713799 -0.542935 
0.713799 -0.542935 -0.101366 -0.738923 
-0.101366 -0.738923 -0.255997 -0.457514 
-0.255997 -0.457514 0.231382 -0.395174 
0.208423 -0.0864773 -0.00719958 0.0801553 
-0.00719958 0.0801553 -0.251859 -0.0847501 
0.630389 -0.00505504 0.290591 0.297189 
0.290591 0.297189 -0.112912 0.0294558 
-0.00719958 0.0801553 0.290591 0.297189 
0.208423 -0.0864773 0.630389 -0.00505504 
-0.251859 -0.0847501 -0.112912 0.0294558 
-0.0385918 -0.429706 -0.142955 -0.443055 
-0.142955 -0.443055 -0.145345 -0.163723 
-0.145345 -0.163723 -0.045786 -0.161222 
-0.045786 -0.161222 -0.0385918 -0.429706 
0.14022 -0.278516 0.052268 -0.285132 
0.052268 -0.285132 0.0467439 -0.158897 
0.0467439 -0.158897 0.132964 -0.15673 
0.132964 -0.15673 0.14022 -0.278516 
