-0.221961 -0.0120588 -0.245057 0.254184 
0.170839 0.010694 0.166587 0.271297 
0.3211 -0.0911138 0.325655 0.335203 
-0.318297 -0.132623 -0.36524 0.308985 
-0.221961 -0.0120588 0.170839 0.010694 
0.170839 0.010694 0.3211 -0.0911138 
0.3211 -0.0911138 -0.318297 -0.132623 
-0.318297 -0.132623 -0.221961 -0.0120588 
-0.245057 0.254184 -0.308073 0.470447 
-0.308073 0.470447 -0.36524 0.308985 
0.166587 0.271297 0.225085 0.485509 
0.225085 0.485509 0.325655 0.335203 
-0.308073 0.470447 0.225085 0.485509 
-0.245057 0.254184 0.166587 0.271297 
-0.36524 0.308985 0.325655 0.335203 
-0.267933 -0.0695932 -0.290245 -0.0975158 
-0.290245 -0.0975158 -0.319929 0.197792 
-0.319929 0.197792 -0.293364 0.195387 
-0.293364 0.195387 -0.267933 -0.0695932 
-0.244305 0.0798077 -0.260619 0.0707495 
-0.260619 0.0707495 -0.271945 0.193448 
-0.271945 0.193448 -0.254308 0.191851 
-0.254308 0.191851 -0.244305 0.0798077 
