0.287896 -0.321985 0.323998 0.0893706 
-0.378314 -0.286959 -0.327412 0.172046 
-0.293029 -0.175823 -0.263757 0.0942998 
0.110372 -0.204584 0.134212 0.0483014 
0.287896 -0.321985 -0.378314 -0.286959 
-0.378314 -0.286959 -0.293029 -0.175823 
-0.293029 -0.175823 0.110372 -0.204584 
0.110372 -0.204584 0.287896 -0.321985 
0.323998 0.0893706 0.221872 0.229835 
0.221872 0.229835 0.134212 0.0483014 
-0.327412 0.172046 -0.26774 0.303003 
-0.26774 0.303003 -0.263757 0.0942998 
0.221872 0.229835 -0.26774 0.303003 
0.323998 0.0893706 -0.327412 0.172046 
0.134212 0.0483014 -0.263757 0.0942998 
0.161926 -0.238677 0.133992 -0.220204 
0.133992 -0.220204 0.153721 -0.00897523 
0.153721 -0.00897523 0.18322 -0.00816365 
0.18322 -0.00816365 0.161926 -0.238677 
0.249224 -0.146315 0.207087 -0.133468 
0.207087 -0.133468 0.218596 -0.00719035 
0.218596 -0.00719035 0.261802 -0.00600166 
0.261802 -0.00600166 0.249224 -0.146315 
