-0.123565 -0.033863 -0.123553 0.218511 
0.266792 -0.0588148 0.287655 0.209831 
0.324497 -0.220315 0.365247 0.222196 
-0.298017 -0.165036 -0.312172 0.235011 
-0.123565 -0.033863 0.266792 -0.0588148 
0.266792 -0.0588148 0.324497 -0.220315 
0.324497 -0.220315 -0.298017 -0.165036 
-0.298017 -0.165036 -0.123565 -0.033863 
-0.123553 0.218511 -0.197808 0.407845 
-0.197808 0.407845 -0.312172 0.235011 
0.287655 0.209831 0.332921 0.413761 
0.332921 0.413761 0.365247 0.222196 
-0.197808 0.407845 0.332921 0.413761 
-0.123553 0.218511 0.287655 0.209831 
-0.312172 0.235011 0.365247 0.222196 
-0.208519 -0.0977416 -0.248615 -0.12789 
-0.248615 -0.12789 -0.255433 0.14308 
-0.255433 0.14308 -0.212689 0.147935 
-0.212689 0.147935 -0.208519 -0.0977416 
-0.14787 0.0496461 -0.176455 0.0371055 
-0.176455 0.0371055 -0.177634 0.151917 
-0.177634 0.151917 -0.148364 0.155242 
-0.148364 0.155242 -0.14787 0.0496461 
