0 0 0 1 0.369906 -0.685937 
0 0 6.5 1 0.350462 -0.167176 
10 0 0 1 -0.356964 -0.606731 
10 0 6.5 1 -0.316921 -0.15177 
10 10 0 1 -0.14263 -0.443193 
10 10 6.5 1 -0.128319 -0.169756 
0 10 0 1 0.286756 -0.475452 
0 10 6.5 1 0.27963 -0.180178 
0 5 10 1 0.30061 0.0074575 
10 5 10 1 -0.189356 0.0045199 
0 6 0 1 0.309588 -0.53325 
0 8 0 1 0.297092 -0.501616 
0 8 5 1 0.290582 -0.249753 
0 6 5 1 0.301821 -0.254806 
0 2 2.5 1 0.338389 -0.439578 
0 4 2.5 1 0.320139 -0.412277 
0 4 5 1 0.31554 -0.260973 
0 2 5 1 0.332663 -0.268671 
0.5 0.5 -0.5 1 0.3246 -0.70594 
0.5 0.5 6 1 0.309684 -0.202568 
10.5 0.5 -0.5 1 -0.373828 -0.626925 
10.5 0.5 6 1 -0.333672 -0.183804 
10.5 10.5 -0.5 1 -0.157006 -0.458608 
10.5 10.5 6 1 -0.142269 -0.189465 
0.5 10.5 -0.5 1 0.262353 -0.491368 
0.5 10.5 6 1 0.256621 -0.201104 
0.5 5.5 9.5 1 0.272284 -0.0223277 
10.5 5.5 9.5 1 -0.204652 -0.0228082 
0.5 6.5 -0.5 1 0.279641 -0.550962 
0.5 8.5 -0.5 1 0.270198 -0.51841 
0.5 8.5 4.5 1 0.265 -0.271292 
0.5 6.5 4.5 1 0.273488 -0.278313 
0.5 2.5 2 1 0.301047 -0.464002 
0.5 4.5 2 1 0.287413 -0.434745 
0.5 4.5 4.5 1 0.283801 -0.286844 
0.5 2.5 4.5 1 0.296596 -0.297429 
