-0.272884 -0.379355 -0.289681 0.276042 
-0.248282 -0.0993744 -0.254791 0.236995 
0.22036 -0.0837529 0.242453 0.218812 
0.562262 -0.303281 0.641198 0.234752 
-0.272884 -0.379355 -0.248282 -0.0993744 
-0.248282 -0.0993744 0.22036 -0.0837529 
0.22036 -0.0837529 0.562262 -0.303281 
0.562262 -0.303281 -0.272884 -0.379355 
-0.289681 0.276042 0.251691 0.635614 
0.251691 0.635614 0.641198 0.234752 
-0.254791 0.236995 0.012891 0.416113 
0.012891 0.416113 0.242453 0.218812 
0.251691 0.635614 0.012891 0.416113 
-0.289681 0.276042 -0.254791 0.236995 
0.641198 0.234752 0.242453 0.218812 
0.265408 -0.330322 0.419148 -0.316317 
0.419148 -0.316317 0.468304 0.101806 
0.468304 0.101806 0.302746 0.10346 
0.302746 0.10346 0.265408 -0.330322 
-0.075742 -0.138168 0.110997 -0.130149 
0.110997 -0.130149 0.123227 0.105254 
0.123227 0.105254 -0.072097 0.107205 
-0.072097 0.107205 -0.075742 -0.138168 
