0.169608 -0.386788 0.123507 0.255047 
-0.233148 -0.201531 -0.273428 0.156421 
0.152072 -0.0987718 0.132717 0.171931 
0.597193 -0.165764 0.58676 0.240944 
0.169608 -0.386788 -0.233148 -0.201531 
-0.233148 -0.201531 0.152072 -0.0987718 
0.152072 -0.0987718 0.597193 -0.165764 
0.597193 -0.165764 0.169608 -0.386788 
0.123507 0.255047 0.397051 0.53664 
0.397051 0.53664 0.58676 0.240944 
-0.273428 0.156421 -0.0566303 0.339608 
-0.0566303 0.339608 0.132717 0.171931 
0.397051 0.53664 -0.0566303 0.339608 
0.123507 0.255047 -0.273428 0.156421 
0.58676 0.240944 0.132717 0.171931 
0.470082 -0.231469 0.538649 -0.196026 
0.538649 -0.196026 0.528009 0.138025 
0.528009 0.138025 0.455892 0.130917 
0.455892 0.130917 0.470082 -0.231469 
0.277966 -0.111041 0.379386 -0.0796065 
0.379386 -0.0796065 0.369709 0.122422 
0.369709 0.122422 0.2649 0.112092 
0.2649 0.112092 0.277966 -0.111041 
