-0.638474 -0.313952 -0.577206 0.257455 
-0.248942 -0.182723 -0.217443 0.12354 
0.235848 -0.251551 0.268685 0.0865324 
0.274145 -0.48313 0.340977 0.209995 
-0.638474 -0.313952 -0.248942 -0.182723 
-0.248942 -0.182723 0.235848 -0.251551 
0.235848 -0.251551 0.274145 -0.48313 
0.274145 -0.48313 -0.638474 -0.313952 
-0.577206 0.257455 -0.127726 0.56952 
-0.127726 0.56952 0.340977 0.209995 
-0.217443 0.12354 0.0309428 0.278003 
0.0309428 0.278003 0.268685 0.0865324 
-0.127726 0.56952 0.0309428 0.278003 
-0.577206 0.257455 -0.217443 0.12354 
0.340977 0.209995 0.268685 0.0865324 
-0.133771 -0.407512 0.0618783 -0.443781 
0.0618783 -0.443781 0.11256 0.0685182 
0.11256 0.0685182 -0.083943 0.0846409 
-0.083943 0.0846409 -0.133771 -0.407512 
-0.458351 -0.114134 -0.290134 -0.136557 
-0.290134 -0.136557 -0.265723 0.0995557 
-0.265723 0.0995557 -0.434375 0.113393 
-0.434375 0.113393 -0.458351 -0.114134 
