0 0 0 1 0.280902 -0.342397 
0 0 6.5 1 0.245296 -0.0220303 
10 0 0 1 0.656775 -0.593239 
10 0 6.5 1 0.572015 0.0336026 
10 10 0 1 -0.345288 -0.76024 
10 10 6.5 1 -0.391531 -0.0503722 
0 10 0 1 -0.222188 -0.40736 
0 10 6.5 1 -0.247874 -0.0666076 
0 5 10 1 -0.0103306 0.127875 
10 5 10 1 0.08334 0.327827 
0 6 0 1 -0.0138509 -0.380458 
0 8 0 1 -0.11678 -0.393749 
0 8 5 1 -0.13834 -0.133507 
0 6 5 1 -0.0370195 -0.123462 
0 2 2.5 1 0.171718 -0.228307 
0 4 2.5 1 0.0742248 -0.239419 
0 4 5 1 0.0619872 -0.113646 
0 2 5 1 0.158759 -0.104052 
0.5 0.5 -0.5 1 0.269204 -0.378099 
0.5 0.5 6 1 0.232824 -0.0475025 
10.5 0.5 -0.5 1 0.655952 -0.680712 
10.5 0.5 6 1 0.566315 -0.0135094 
10.5 10.5 -0.5 1 -0.415298 -0.87097 
10.5 10.5 6 1 -0.460943 -0.108972 
0.5 10.5 -0.5 1 -0.250665 -0.447353 
0.5 10.5 6 1 -0.27645 -0.0950112 
0.5 5.5 9.5 1 -0.0306287 0.106457 
10.5 5.5 9.5 1 0.0481867 0.296789 
0.5 6.5 -0.5 1 -0.035151 -0.418643 
0.5 8.5 -0.5 1 -0.141585 -0.432822 
0.5 8.5 4.5 1 -0.163345 -0.163798 
0.5 6.5 4.5 1 -0.0586313 -0.153085 
0.5 2.5 2 1 0.156701 -0.260664 
0.5 4.5 2 1 0.0560592 -0.272499 
0.5 4.5 4.5 1 0.043619 -0.142624 
0.5 2.5 4.5 1 0.143492 -0.132407 
