-0.329684 -0.233 -0.361595 0.0527563 
0.0721215 -0.162553 0.0480803 0.0863759 
0.317362 -0.254874 0.283085 0.135344 
-0.306704 -0.398825 -0.361232 0.090182 
-0.329684 -0.233 0.0721215 -0.162553 
0.0721215 -0.162553 0.317362 -0.254874 
0.317362 -0.254874 -0.306704 -0.398825 
-0.306704 -0.398825 -0.329684 -0.233 
-0.361595 0.0527563 -0.383589 0.26476 
-0.383589 0.26476 -0.361232 0.090182 
0.0480803 0.0863759 0.123902 0.271918 
0.123902 0.271918 0.283085 0.135344 
-0.383589 0.26476 0.123902 0.271918 
-0.361595 0.0527563 0.0480803 0.0863759 
-0.361232 0.090182 0.283085 0.135344 
-0.318942 -0.310514 -0.313583 -0.349186 
-0.313583 -0.349186 -0.350186 -0.0210765 
-0.350186 -0.0210765 -0.351516 -0.0186218 
-0.351516 -0.0186218 -0.318942 -0.310514 
-0.34004 -0.135136 -0.337836 -0.148734 
-0.337836 -0.148734 -0.352579 -0.0166603 
-0.352579 -0.0166603 -0.353447 -0.0150568 
-0.353447 -0.0150568 -0.34004 -0.135136 
