0 0 0 1 0.292383 -0.289436 
0 0 6.5 1 0.253466 0.0548793 
10 0 0 1 0.358975 -0.53217 
10 0 6.5 1 0.276189 0.179601 
10 10 0 1 -0.586172 -0.524046 
10 10 6.5 1 -0.607686 0.0546409 
0 10 0 1 -0.204318 -0.310449 
0 10 6.5 1 -0.226145 -0.000576372 
0 5 10 1 -0.014411 0.19389 
10 5 10 1 -0.234091 0.426942 
0 6 0 1 -0.0186255 -0.302593 
0 8 0 1 -0.113452 -0.306605 
0 8 5 1 -0.132596 -0.0618503 
0 6 5 1 -0.040202 -0.0527045 
0 2 2.5 1 0.17031 -0.162136 
0 4 2.5 1 0.0681888 -0.169375 
0 4 5 1 0.056219 -0.0431602 
0 2 5 1 0.156936 -0.0331905 
0.5 0.5 -0.5 1 0.268798 -0.324496 
0.5 0.5 6 1 0.229718 0.0285897 
10.5 0.5 -0.5 1 0.311702 -0.619371 
10.5 0.5 6 1 0.22802 0.130901 
10.5 10.5 -0.5 1 -0.661104 -0.593168 
10.5 10.5 6 1 -0.679654 0.0106782 
0.5 10.5 -0.5 1 -0.235643 -0.342208 
0.5 10.5 6 1 -0.257064 -0.025254 
0.5 5.5 9.5 1 -0.0421106 0.172313 
10.5 5.5 9.5 1 -0.296399 0.394683 
0.5 6.5 -0.5 1 -0.0473416 -0.335596 
0.5 8.5 -0.5 1 -0.143542 -0.338974 
0.5 8.5 4.5 1 -0.162441 -0.0884766 
0.5 6.5 4.5 1 -0.0687475 -0.0797177 
0.5 2.5 2 1 0.144817 -0.193146 
0.5 4.5 2 1 0.0410425 -0.199844 
0.5 4.5 4.5 1 0.029117 -0.0705688 
0.5 2.5 4.5 1 0.131438 -0.0610034 
