0 0 0 1 0.262337 -0.135733 
0 0 6.5 1 0.248757 0.221824 
10 0 0 1 -0.0647162 -0.392019 
10 0 6.5 1 -0.120705 0.252161 
10 10 0 1 -0.564849 -0.244736 
10 10 6.5 1 -0.629491 0.16899 
0 10 0 1 -0.14323 -0.0978429 
0 10 6.5 1 -0.168987 0.175318 
0 5 10 1 -0.00105662 0.373528 
10 5 10 1 -0.472209 0.503771 
0 6 0 1 -0.00580845 -0.110681 
0 8 0 1 -0.0778515 -0.103951 
0 8 5 1 -0.0964813 0.114566 
0 6 5 1 -0.0231072 0.119114 
0 2 2.5 1 0.156283 -0.000565895 
0 4 2.5 1 0.0663234 0.000999454 
0 4 5 1 0.0584149 0.124168 
0 2 5 1 0.149522 0.129815 
0.5 0.5 -0.5 1 0.227721 -0.166708 
0.5 0.5 6 1 0.212352 0.190582 
10.5 0.5 -0.5 1 -0.129021 -0.449336 
10.5 0.5 6 1 -0.191448 0.193799 
10.5 10.5 -0.5 1 -0.608524 -0.281289 
10.5 10.5 6 1 -0.676021 0.132031 
0.5 10.5 -0.5 1 -0.17089 -0.121536 
0.5 10.5 6 1 -0.197773 0.151469 
0.5 5.5 9.5 1 -0.0340287 0.346399 
10.5 5.5 9.5 1 -0.530873 0.458313 
0.5 6.5 -0.5 1 -0.0358961 -0.136834 
0.5 8.5 -0.5 1 -0.106675 -0.128813 
0.5 8.5 4.5 1 -0.126239 0.0895674 
0.5 6.5 4.5 1 -0.0542148 0.0928103 
0.5 2.5 2 1 0.122711 -0.0298482 
0.5 4.5 2 1 0.0343102 -0.0266742 
0.5 4.5 4.5 1 0.025833 0.0964145 
0.5 2.5 4.5 1 0.115324 0.100444 
