0 0 0 1 0.289802 -0.406514 
0 0 6.5 1 0.256828 -0.0622512 
10 0 0 1 0.552457 -0.667939 
10 0 6.5 1 0.458323 0.0428023 
10 10 0 1 -0.538952 -0.702204 
10 10 6.5 1 -0.514409 -0.0159213 
0 10 0 1 -0.236048 -0.42882 
0 10 6.5 1 -0.239838 -0.0903463 
0 5 10 1 -0.00299145 0.0923115 
10 5 10 1 -0.052503 0.330101 
0 6 0 1 -0.0284444 -0.420014 
0 8 0 1 -0.132694 -0.424436 
0 8 5 1 -0.140042 -0.159868 
0 6 5 1 -0.040263 -0.154536 
0 2 2.5 1 0.172067 -0.274462 
0 4 2.5 1 0.0683522 -0.279446 
0 4 5 1 0.0603483 -0.149159 
0 2 5 1 0.161802 -0.143737 
0.5 0.5 -0.5 1 0.271316 -0.442986 
0.5 0.5 6 1 0.238446 -0.0867351 
10.5 0.5 -0.5 1 0.529688 -0.764637 
10.5 0.5 6 1 0.432673 -0.000950425 
10.5 10.5 -0.5 1 -0.629728 -0.796532 
10.5 10.5 6 1 -0.593704 -0.0611521 
0.5 10.5 -0.5 1 -0.269821 -0.46515 
0.5 10.5 6 1 -0.271835 -0.11511 
0.5 5.5 9.5 1 -0.0278267 0.0730726 
10.5 5.5 9.5 1 -0.103813 0.305302 
0.5 6.5 -0.5 1 -0.0562669 -0.456403 
0.5 8.5 -0.5 1 -0.163519 -0.460796 
0.5 8.5 4.5 1 -0.169733 -0.187055 
0.5 6.5 4.5 1 -0.0672068 -0.181686 
0.5 2.5 2 1 0.150583 -0.306027 
0.5 4.5 2 1 0.0438961 -0.311019 
0.5 4.5 4.5 1 0.0361989 -0.17627 
0.5 2.5 4.5 1 0.140495 -0.170807 
