0.292543 -0.329202 0.255024 0.0133824 
0.452347 -0.558468 0.363083 0.149151 
-0.569921 -0.575259 -0.56989 0.0478736 
-0.218686 -0.353144 -0.232973 -0.0316151 
0.292543 -0.329202 0.452347 -0.558468 
0.452347 -0.558468 -0.569921 -0.575259 
-0.569921 -0.575259 -0.218686 -0.353144 
-0.218686 -0.353144 0.292543 -0.329202 
0.255024 0.0133824 -0.00976287 0.15745 
-0.00976287 0.15745 -0.232973 -0.0316151 
0.363083 0.149151 -0.151877 0.409113 
-0.151877 0.409113 -0.56989 0.0478736 
-0.00976287 0.15745 -0.151877 0.409113 
0.255024 0.0133824 0.363083 0.149151 
-0.232973 -0.0316151 -0.56989 0.0478736 
-0.022646 -0.343963 -0.121998 -0.348616 
-0.121998 -0.348616 -0.136336 -0.0958003 
-0.136336 -0.0958003 -0.0404009 -0.0879286 
-0.0404009 -0.0879286 -0.022646 -0.343963 
0.171714 -0.200672 0.0686254 -0.207343 
0.0686254 -0.207343 0.0581264 -0.0798442 
0.0581264 -0.0798442 0.159352 -0.0715383 
0.159352 -0.0715383 0.171714 -0.200672 
