0 0 0 1 0.271983 -0.204516 
0 0 6.5 1 0.249317 0.146312 
10 0 0 1 0.0249222 -0.507262 
10 0 6.5 1 -0.0347011 0.149558 
10 10 0 1 -0.570781 -0.361566 
10 10 6.5 1 -0.635153 0.0759309 
0 10 0 1 -0.155314 -0.175496 
0 10 6.5 1 -0.184385 0.101253 
0 5 10 1 -0.00862285 0.29537 
10 5 10 1 -0.435257 0.410761 
0 6 0 1 -0.00764447 -0.185525 
0 8 0 1 -0.084682 -0.180293 
0 8 5 1 -0.10641 0.0405769 
0 6 5 1 -0.0286867 0.0454648 
0 2 2.5 1 0.160141 -0.0719293 
0 4 2.5 1 0.0667651 -0.0715919 
0 4 5 1 0.0565902 0.0508276 
0 2 5 1 0.150577 0.0567383 
0.5 0.5 -0.5 1 0.239853 -0.237135 
0.5 0.5 6 1 0.215922 0.115398 
10.5 0.5 -0.5 1 -0.0392245 -0.573142 
10.5 0.5 6 1 -0.103973 0.0895655 
10.5 10.5 -0.5 1 -0.61939 -0.404119 
10.5 10.5 6 1 -0.686494 0.0359966 
0.5 10.5 -0.5 1 -0.18334 -0.201117 
0.5 10.5 6 1 -0.213335 0.0766927 
0.5 5.5 9.5 1 -0.0403232 0.268798 
10.5 5.5 9.5 1 -0.496623 0.365292 
0.5 6.5 -0.5 1 -0.0372423 -0.213552 
0.5 8.5 -0.5 1 -0.11348 -0.207063 
0.5 8.5 4.5 1 -0.135959 0.0146815 
0.5 6.5 4.5 1 -0.059083 0.0183946 
0.5 2.5 2 1 0.128425 -0.102298 
0.5 4.5 2 1 0.0359224 -0.100489 
0.5 4.5 4.5 1 0.0253167 0.0224711 
0.5 2.5 4.5 1 0.118402 0.0269671 
