0 0 0 1 0.292173 -0.351965 
0 0 6.5 1 0.255826 -0.00925733 
10 0 0 1 0.486776 -0.586921 
10 0 6.5 1 0.395468 0.120602 
10 10 0 1 -0.560875 -0.609518 
10 10 6.5 1 -0.5526 0.0327575 
0 10 0 1 -0.224169 -0.375604 
0 10 6.5 1 -0.235169 -0.0489176 
0 5 10 1 -0.00748055 0.13789 
10 5 10 1 -0.119192 0.388613 
0 6 0 1 -0.0242484 -0.366452 
0 8 0 1 -0.125265 -0.371076 
0 8 5 1 -0.137443 -0.114682 
0 6 5 1 -0.0402052 -0.107586 
0 2 2.5 1 0.172174 -0.222441 
0 4 2.5 1 0.0688168 -0.228603 
0 4 5 1 0.0590552 -0.100342 
0 2 5 1 0.160402 -0.0929461 
0.5 0.5 -0.5 1 0.271938 -0.387456 
0.5 0.5 6 1 0.235616 -0.0338338 
10.5 0.5 -0.5 1 0.454713 -0.67837 
10.5 0.5 6 1 0.361633 0.0772637 
10.5 10.5 -0.5 1 -0.646418 -0.692167 
10.5 10.5 6 1 -0.629944 -0.0106043 
0.5 10.5 -0.5 1 -0.257064 -0.409819 
0.5 10.5 6 1 -0.266805 -0.0732432 
0.5 5.5 9.5 1 -0.0333498 0.118297 
10.5 5.5 9.5 1 -0.175149 0.362827 
0.5 6.5 -0.5 1 -0.0524259 -0.401168 
0.5 8.5 -0.5 1 -0.155855 -0.405541 
0.5 8.5 4.5 1 -0.167226 -0.141235 
0.5 6.5 4.5 1 -0.0677551 -0.134233 
0.5 2.5 2 1 0.149279 -0.253322 
0.5 4.5 2 1 0.0433823 -0.259314 
0.5 4.5 4.5 1 0.0338392 -0.127082 
0.5 2.5 4.5 1 0.137626 -0.119776 
