0.258149 -0.0538751 0.281191 0.325819 
-0.266234 -0.1861 -0.294516 0.406393 
-0.493016 -0.0307129 -0.525675 0.322984 
-0.0686212 0.0240841 -0.0702058 0.289189 
0.258149 -0.0538751 -0.266234 -0.1861 
-0.266234 -0.1861 -0.493016 -0.0307129 
-0.493016 -0.0307129 -0.0686212 0.0240841 
-0.0686212 0.0240841 0.258149 -0.0538751 
0.281191 0.325819 0.0768652 0.489142 
0.0768652 0.489142 -0.0702058 0.289189 
-0.294516 0.406393 -0.461748 0.627197 
-0.461748 0.627197 -0.525675 0.322984 
0.0768652 0.489142 -0.461748 0.627197 
0.281191 0.325819 -0.294516 0.406393 
-0.0702058 0.289189 -0.525675 0.322984 
0.0356636 -0.000795679 -0.0197706 0.0124295 
-0.0197706 0.0124295 -0.0189448 0.226642 
-0.0189448 0.226642 0.0391099 0.227907 
0.0391099 0.227907 0.0356636 -0.000795679 
0.177972 0.0953527 0.102456 0.103741 
0.102456 0.103741 0.105971 0.229364 
0.105971 0.229364 0.183807 0.231061 
0.183807 0.231061 0.177972 0.0953527 
