0.263367 -0.144927 0.248576 0.211513 
-0.0540143 -0.407819 -0.110425 0.237212 
-0.565653 -0.259855 -0.630509 0.156282 
-0.144863 -0.107881 -0.171146 0.165515 
0.263367 -0.144927 -0.0540143 -0.407819 
-0.0540143 -0.407819 -0.565653 -0.259855 
-0.565653 -0.259855 -0.144863 -0.107881 
-0.144863 -0.107881 0.263367 -0.144927 
0.248576 0.211513 -0.00232489 0.362973 
-0.00232489 0.362973 -0.171146 0.165515 
-0.110425 0.237212 -0.46822 0.490475 
-0.46822 0.490475 -0.630509 0.156282 
-0.00232489 0.362973 -0.46822 0.490475 
0.248576 0.211513 -0.110425 0.237212 
-0.171146 0.165515 -0.630509 0.156282 
-0.00620003 -0.120464 -0.0788504 -0.113872 
-0.0788504 -0.113872 -0.0979454 0.104765 
-0.0979454 0.104765 -0.0240382 0.1093 
-0.0240382 0.1093 -0.00620003 -0.120464 
0.156561 -0.0101273 0.0661755 -0.00865409 
0.0661755 -0.00865409 0.057949 0.114331 
0.057949 0.114331 0.149418 0.119944 
0.149418 0.119944 0.156561 -0.0101273 
