0 0 0 1 0.131016 -0.41931 
0 0 6.5 1 0.137559 -0.12997 
10 0 0 1 0.614219 -0.56723 
10 0 6.5 1 0.589418 -0.124588 
10 10 0 1 0.131794 -0.78755 
10 10 6.5 1 0.147323 -0.0548063 
0 10 0 1 -0.296939 -0.482986 
0 10 6.5 1 -0.26084 -0.0927524 
0 5 10 1 -0.0244742 0.0502508 
10 5 10 1 0.412416 0.160991 
0 6 0 1 -0.0936334 -0.452736 
0 8 0 1 -0.188503 -0.466852 
0 8 5 1 -0.167181 -0.18231 
0 6 5 1 -0.0777565 -0.185831 
0 2 2.5 1 0.0685263 -0.308102 
0 4 2.5 1 -0.0040569 -0.311958 
0 4 5 1 0.00157605 -0.188955 
0 2 5 1 0.0724336 -0.191745 
0.5 0.5 -0.5 1 0.130484 -0.450951 
0.5 0.5 6 1 0.137275 -0.15025 
10.5 0.5 -0.5 1 0.640245 -0.624835 
10.5 0.5 6 1 0.612212 -0.155109 
10.5 10.5 -0.5 1 0.130424 -0.90917 
10.5 10.5 6 1 0.14744 -0.0992258 
0.5 10.5 -0.5 1 -0.318624 -0.529609 
0.5 10.5 6 1 -0.279426 -0.118428 
0.5 5.5 9.5 1 -0.0309043 0.0344434 
10.5 5.5 9.5 1 0.42865 0.142213 
0.5 6.5 -0.5 1 -0.103834 -0.49199 
0.5 8.5 -0.5 1 -0.203737 -0.509487 
0.5 8.5 4.5 1 -0.180748 -0.210538 
0.5 6.5 4.5 1 -0.0868456 -0.212445 
0.5 2.5 2 1 0.0656707 -0.336771 
0.5 4.5 2 1 -0.00992075 -0.342494 
0.5 4.5 4.5 1 -0.0039461 -0.214129 
0.5 2.5 4.5 1 0.0697773 -0.215627 
