0.257416 -0.108654 0.288251 0.267173 
-0.294908 -0.228992 -0.310166 0.328874 
-0.462655 -0.0528383 -0.482358 0.280654 
-0.0444178 -0.00851489 -0.0386804 0.250149 
0.257416 -0.108654 -0.294908 -0.228992 
-0.294908 -0.228992 -0.462655 -0.0528383 
-0.462655 -0.0528383 -0.0444178 -0.00851489 
-0.0444178 -0.00851489 0.257416 -0.108654 
0.288251 0.267173 0.101434 0.437646 
0.101434 0.437646 -0.0386804 0.250149 
-0.310166 0.328874 -0.431402 0.55286 
-0.431402 0.55286 -0.482358 0.280654 
0.101434 0.437646 -0.431402 0.55286 
0.288251 0.267173 -0.310166 0.328874 
-0.0386804 0.250149 -0.482358 0.280654 
0.0507188 -0.0400783 1.07343e-05 -0.0232549 
1.07343e-05 -0.0232549 0.00647681 0.186362 
0.00647681 0.186362 0.0598718 0.184265 
0.0598718 0.184265 0.0507188 -0.0400783 
0.185562 0.0452216 0.115309 0.0584135 
0.115309 0.0584135 0.12177 0.181834 
0.12177 0.181834 0.194377 0.178982 
0.194377 0.178982 0.185562 0.0452216 
