0 0 0 1 0.0214979 -0.197312 
0 0 6.5 1 0.0469468 0.057425 
10 0 0 1 0.444418 -0.292854 
10 0 6.5 1 0.475934 0.0344203 
10 10 0 1 0.278083 -0.448965 
10 10 6.5 1 0.332966 0.11361 
0 10 0 1 -0.294662 -0.255933 
0 10 6.5 1 -0.255952 0.121764 
0 5 10 1 -0.0586189 0.246543 
10 5 10 1 0.444756 0.285212 
0 6 0 1 -0.137457 -0.226785 
0 8 0 1 -0.209129 -0.240074 
0 8 5 1 -0.182141 0.0250592 
0 6 5 1 -0.112797 0.0168819 
0 2 2.5 1 -0.0135743 -0.10082 
0 4 2.5 1 -0.0651679 -0.102674 
0 4 5 1 -0.0538283 0.00992815 
0 2 5 1 -0.00306914 0.00394243 
0.5 0.5 -0.5 1 0.0254514 -0.22336 
0.5 0.5 6 1 0.0516106 0.0386298 
10.5 0.5 -0.5 1 0.465044 -0.330089 
10.5 0.5 6 1 0.497654 0.00925631 
10.5 10.5 -0.5 1 0.303749 -0.524863 
10.5 10.5 6 1 0.362042 0.0743514 
0.5 10.5 -0.5 1 -0.30218 -0.297609 
0.5 10.5 6 1 -0.261802 0.0962562 
0.5 5.5 9.5 1 -0.0566028 0.230412 
10.5 5.5 9.5 1 0.470967 0.26484 
0.5 6.5 -0.5 1 -0.138142 -0.260434 
0.5 8.5 -0.5 1 -0.212649 -0.27732 
0.5 8.5 4.5 1 -0.184611 -0.00186762 
0.5 6.5 4.5 1 -0.112608 -0.00807974 
0.5 2.5 2 1 -0.010404 -0.125789 
0.5 4.5 2 1 -0.0634378 -0.129635 
0.5 4.5 4.5 1 -0.0517298 -0.013332 
0.5 2.5 4.5 1 0.000416546 -0.017831 
