0.286882 -0.26525 0.252895 0.0829228 
0.180747 -0.579976 0.11178 0.116771 
-0.583904 -0.484092 -0.637017 0.0144679 
-0.176098 -0.261411 -0.205792 0.0290617 
0.286882 -0.26525 0.180747 -0.579976 
0.180747 -0.579976 -0.583904 -0.484092 
-0.583904 -0.484092 -0.176098 -0.261411 
-0.176098 -0.261411 0.286882 -0.26525 
0.252895 0.0829228 -0.0143325 0.224928 
-0.0143325 0.224928 -0.205792 0.0290617 
0.11178 0.116771 -0.357515 0.372887 
-0.357515 0.372887 -0.637017 0.0144679 
-0.0143325 0.224928 -0.357515 0.372887 
0.252895 0.0829228 0.11178 0.116771 
-0.205792 0.0290617 -0.637017 0.0144679 
-0.0105704 -0.262783 -0.0961633 -0.262073 
-0.0961633 -0.262073 -0.119588 -0.0311331 
-0.119588 -0.0311331 -0.034622 -0.0236509 
-0.034622 -0.0236509 -0.0105704 -0.262783 
0.167495 -0.135833 0.0689647 -0.139735 
0.0689647 -0.139735 0.0565948 -0.0156182 
0.0565948 -0.0156182 0.154779 -0.00697196 
0.154779 -0.00697196 0.167495 -0.135833 
