0.236912 -0.474297 0.184468 0.149022 
-0.226 -0.285224 -0.266034 0.0749966 
0.139731 -0.164311 0.116318 0.100535 
0.587573 -0.226918 0.563849 0.15709 
0.236912 -0.474297 -0.226 -0.285224 
-0.226 -0.285224 0.139731 -0.164311 
0.139731 -0.164311 0.587573 -0.226918 
0.587573 -0.226918 0.236912 -0.474297 
0.184468 0.149022 0.401786 0.421444 
0.401786 0.421444 0.563849 0.15709 
-0.266034 0.0749966 -0.061574 0.258818 
-0.061574 0.258818 0.116318 0.100535 
0.401786 0.421444 -0.061574 0.258818 
0.184468 0.149022 -0.266034 0.0749966 
0.563849 0.15709 0.116318 0.100535 
0.485516 -0.298916 0.540792 -0.259921 
0.540792 -0.259921 0.520202 0.0581979 
0.520202 0.0581979 0.461859 0.0478756 
0.461859 0.0478756 0.485516 -0.298916 
0.32196 -0.194028 0.405554 -0.157304 
0.405554 -0.157304 0.391593 0.0354439 
0.391593 0.0354439 0.305334 0.0201828 
0.305334 0.0201828 0.32196 -0.194028 
