0 0 0 1 0.214193 -0.390528 
0 0 6.5 1 0.196474 -0.0863965 
10 0 0 1 0.700988 -0.521942 
10 0 6.5 1 0.626645 -0.00715542 
10 10 0 1 -0.049835 -0.702968 
10 10 6.5 1 -0.056744 0.0550855 
0 10 0 1 -0.263442 -0.446749 
0 10 6.5 1 -0.252416 -0.0716494 
0 5 10 1 -0.008761 0.084532 
10 5 10 1 0.320217 0.296426 
0 6 0 1 -0.0475811 -0.421341 
0 8 0 1 -0.150629 -0.43347 
0 8 5 1 -0.148151 -0.153569 
0 6 5 1 -0.0502581 -0.153555 
0 2 2.5 1 0.128415 -0.273898 
0 4 2.5 1 0.0433212 -0.278784 
0 4 5 1 0.0398949 -0.153541 
0 2 5 1 0.123191 -0.153529 
0.5 0.5 -0.5 1 0.210352 -0.422527 
0.5 0.5 6 1 0.192249 -0.106133 
10.5 0.5 -0.5 1 0.725429 -0.58686 
10.5 0.5 6 1 0.644392 -0.0359328 
10.5 10.5 -0.5 1 -0.0863421 -0.820778 
10.5 10.5 6 1 -0.0886087 0.0182729 
0.5 10.5 -0.5 1 -0.289884 -0.489221 
0.5 10.5 6 1 -0.27651 -0.095304 
0.5 5.5 9.5 1 -0.020758 0.0697235 
10.5 5.5 9.5 1 0.320237 0.283893 
0.5 6.5 -0.5 1 -0.0627378 -0.458937 
0.5 8.5 -0.5 1 -0.170951 -0.473364 
0.5 8.5 4.5 1 -0.16729 -0.179895 
0.5 6.5 4.5 1 -0.0647473 -0.178754 
0.5 2.5 2 1 0.121344 -0.302113 
0.5 4.5 2 1 0.0326789 -0.308373 
0.5 4.5 4.5 1 0.029384 -0.177706 
0.5 2.5 4.5 1 0.116098 -0.176741 
