-0.101299 -0.261231 -0.131054 0.437002 
-0.248007 -0.0450392 -0.272935 0.310351 
0.201261 0.00209098 0.207111 0.300264 
0.611609 -0.124647 0.664117 0.382136 
-0.101299 -0.261231 -0.248007 -0.0450392 
-0.248007 -0.0450392 0.201261 0.00209098 
0.201261 0.00209098 0.611609 -0.124647 
0.611609 -0.124647 -0.101299 -0.261231 
-0.131054 0.437002 0.351358 0.783962 
0.351358 0.783962 0.664117 0.382136 
-0.272935 0.310351 -0.0148578 0.497429 
-0.0148578 0.497429 0.207111 0.300264 
0.351358 0.783962 -0.0148578 0.497429 
-0.131054 0.437002 -0.272935 0.310351 
0.664117 0.382136 0.207111 0.300264 
0.377559 -0.169488 0.501182 -0.145803 
0.501182 -0.145803 0.533964 0.256463 
0.533964 0.256463 0.40165 0.256843 
0.40165 0.256843 0.377559 -0.169488 
0.0789116 0.00403954 0.244301 0.0204082 
0.244301 0.0204082 0.250946 0.257276 
0.250946 0.257276 0.0777328 0.257774 
0.0777328 0.257774 0.0789116 0.00403954 
