0.256246 -0.0374416 0.260084 0.337184 
-0.184174 -0.212543 -0.232212 0.424823 
-0.544221 -0.0775555 -0.599351 0.310943 
-0.114594 0.010987 -0.130712 0.283231 
0.256246 -0.0374416 -0.184174 -0.212543 
-0.184174 -0.212543 -0.544221 -0.0775555 
-0.544221 -0.0775555 -0.114594 0.010987 
-0.114594 0.010987 0.256246 -0.0374416 
0.260084 0.337184 0.0273269 0.491583 
0.0273269 0.491583 -0.130712 0.283231 
-0.232212 0.424823 -0.497469 0.652301 
-0.497469 0.652301 -0.599351 0.310943 
0.0273269 0.491583 -0.497469 0.652301 
0.260084 0.337184 -0.232212 0.424823 
-0.130712 0.283231 -0.599351 0.310943 
0.0072137 -0.0049201 -0.0571166 0.0034809 
-0.0571166 0.0034809 -0.0677334 0.222281 
-0.0677334 0.222281 -0.00126336 0.227126 
-0.00126336 0.227126 0.0072137 -0.0049201 
0.161029 0.103671 0.076927 0.106312 
0.076927 0.106312 0.0740252 0.232613 
0.0740252 0.232613 0.160012 0.23888 
0.160012 0.23888 0.161029 0.103671 
