0.256961 -0.126636 0.289714 0.248065 
-0.302355 -0.242965 -0.31379 0.305528 
-0.454201 -0.061436 -0.470285 0.26661 
-0.037697 -0.020159 -0.0299895 0.236695 
0.256961 -0.126636 -0.302355 -0.242965 
-0.302355 -0.242965 -0.454201 -0.061436 
-0.454201 -0.061436 -0.037697 -0.020159 
-0.037697 -0.020159 0.256961 -0.126636 
0.289714 0.248065 0.107988 0.420501 
0.107988 0.420501 -0.0299895 0.236695 
-0.31379 0.305528 -0.422635 0.530028 
-0.422635 0.530028 -0.470285 0.26661 
0.107988 0.420501 -0.422635 0.530028 
0.289714 0.248065 -0.31379 0.305528 
-0.0299895 0.236695 -0.470285 0.26661 
0.054854 -0.0536029 0.00548707 -0.0357639 
0.00548707 -0.0357639 0.0134616 0.172582 
0.0134616 0.172582 0.0655171 0.169533 
0.0655171 0.169533 0.054854 -0.0536029 
0.187452 0.0286426 0.118743 0.0432102 
0.118743 0.0432102 0.125968 0.165993 
0.125968 0.165993 0.197024 0.161833 
0.197024 0.161833 0.187452 0.0286426 
