-0.24975 -0.366975 -0.268692 0.293731 
-0.247857 -0.0918633 -0.256903 0.246905 
0.218668 -0.071196 0.238832 0.230739 
0.571329 -0.27931 0.647804 0.254217 
-0.24975 -0.366975 -0.247857 -0.0918633 
-0.247857 -0.0918633 0.218668 -0.071196 
0.218668 -0.071196 0.571329 -0.27931 
0.571329 -0.27931 -0.24975 -0.366975 
-0.268692 0.293731 0.268186 0.654708 
0.268186 0.654708 0.647804 0.254217 
-0.256903 0.246905 0.0100369 0.427808 
0.0100369 0.427808 0.238832 0.230739 
0.268186 0.654708 0.0100369 0.427808 
-0.268692 0.293731 -0.256903 0.246905 
0.647804 0.254217 0.238832 0.230739 
0.28261 -0.310136 0.432563 -0.294126 
0.432563 -0.294126 0.480246 0.121553 
0.480246 0.121553 0.318757 0.122364 
0.318757 0.122364 0.28261 -0.310136 
-0.0539725 -0.122243 0.130731 -0.112349 
0.130731 -0.112349 0.142414 0.123251 
0.142414 0.123251 -0.0509314 0.124222 
-0.0509314 0.124222 -0.0539725 -0.122243 
