0 0 0 1 -0.601368 -0.282704 
0 0 6.5 1 -0.552111 0.311563 
10 0 0 1 -0.250129 -0.141684 
10 0 6.5 1 -0.221322 0.169465 
10 10 0 1 0.237283 -0.20364 
10 10 6.5 1 0.272743 0.128745 
0 10 0 1 0.338302 -0.42833 
0 10 6.5 1 0.412947 0.248535 
0 5 10 1 -0.0684237 0.63257 
10 5 10 1 0.0347854 0.325323 
0 6 0 1 -0.0676709 -0.365414 
0 8 0 1 0.129747 -0.396009 
0 8 5 1 0.182294 0.108371 
0 6 5 1 -0.0193323 0.125742 
0 2 2.5 1 -0.412137 -0.0770862 
0 4 2.5 1 -0.232727 -0.0987393 
0 4 5 1 -0.210329 0.142197 
0 2 5 1 -0.391515 0.157807 
0.5 0.5 -0.5 1 -0.533249 -0.319154 
0.5 0.5 6 1 -0.484813 0.251163 
10.5 0.5 -0.5 1 -0.220923 -0.164124 
10.5 0.5 6 1 -0.192465 0.140331 
10.5 10.5 -0.5 1 0.257694 -0.226234 
10.5 10.5 6 1 0.292553 0.0985229 
0.5 10.5 -0.5 1 0.374372 -0.463304 
0.5 10.5 6 1 0.446353 0.182657 
0.5 5.5 9.5 1 -0.0165452 0.554126 
10.5 5.5 9.5 1 0.0591914 0.291698 
0.5 6.5 -0.5 1 -0.0165437 -0.401218 
0.5 8.5 -0.5 1 0.173782 -0.431446 
0.5 8.5 4.5 1 0.224664 0.050592 
0.5 6.5 4.5 1 0.0304462 0.0687283 
0.5 2.5 2 1 -0.349457 -0.122858 
0.5 4.5 2 1 -0.175805 -0.144775 
0.5 4.5 4.5 1 -0.153953 0.0859478 
0.5 2.5 4.5 1 -0.32926 0.102318 
