-0.398229 -0.391096 -0.399521 0.248646 
-0.251746 -0.121021 -0.244593 0.206032 
0.227718 -0.136175 0.258686 0.173435 
0.50593 -0.394893 0.593329 0.181113 
-0.398229 -0.391096 -0.251746 -0.121021 
-0.251746 -0.121021 0.227718 -0.136175 
0.227718 -0.136175 0.50593 -0.394893 
0.50593 -0.394893 -0.398229 -0.391096 
-0.399521 0.248646 0.152679 0.594329 
0.152679 0.594329 0.593329 0.181113 
-0.244593 0.206032 0.0250952 0.374616 
0.0250952 0.374616 0.258686 0.173435 
0.152679 0.594329 0.0250952 0.374616 
-0.399521 0.248646 -0.244593 0.206032 
0.593329 0.181113 0.258686 0.173435 
0.164574 -0.39346 0.338388 -0.39419 
0.338388 -0.39419 0.392842 0.0477104 
0.392842 0.0477104 0.206803 0.0574015 
0.206803 0.0574015 0.164574 -0.39346 
-0.196304 -0.165978 -0.00192503 -0.171266 
-0.00192503 -0.171266 0.013111 0.0674911 
0.013111 0.0674911 -0.188715 0.0780045 
-0.188715 0.0780045 -0.196304 -0.165978 
