0.290405 -0.396912 0.256772 -0.0529995 
0.541961 -0.652856 0.448137 0.0571238 
-0.542943 -0.684891 -0.52107 -0.00644912 
-0.233955 -0.419439 -0.239 -0.083047 
0.290405 -0.396912 0.541961 -0.652856 
0.541961 -0.652856 -0.542943 -0.684891 
-0.542943 -0.684891 -0.233955 -0.419439 
-0.233955 -0.419439 0.290405 -0.396912 
0.256772 -0.0529995 -0.00368795 0.100251 
-0.00368795 0.100251 -0.239 -0.083047 
0.448137 0.0571238 -0.0636662 0.341045 
-0.0636662 0.341045 -0.52107 -0.00644912 
-0.00368795 0.100251 -0.0636662 0.341045 
0.256772 -0.0529995 0.448137 0.0571238 
-0.239 -0.083047 -0.52107 -0.00644912 
-0.0276133 -0.410574 -0.131339 -0.415031 
-0.131339 -0.415031 -0.139537 -0.151902 
-0.139537 -0.151902 -0.0401704 -0.146268 
-0.0401704 -0.146268 -0.0276133 -0.410574 
0.172231 -0.265305 0.068554 -0.270486 
0.068554 -0.270486 0.0602313 -0.140575 
0.0602313 -0.140575 0.161684 -0.134822 
0.161684 -0.134822 0.172231 -0.265305 
