-0.307566 -0.392556 -0.320807 0.256335 
-0.249129 -0.108887 -0.251847 0.224284 
0.22259 -0.101284 0.247408 0.202557 
0.547812 -0.335915 0.62989 0.21008 
-0.307566 -0.392556 -0.249129 -0.108887 
-0.249129 -0.108887 0.22259 -0.101284 
0.22259 -0.101284 0.547812 -0.335915 
0.547812 -0.335915 -0.307566 -0.392556 
-0.320807 0.256335 0.225801 0.612751 
0.225801 0.612751 0.62989 0.21008 
-0.251847 0.224284 0.0167291 0.400536 
0.0167291 0.400536 0.247408 0.202557 
0.225801 0.612751 0.0167291 0.400536 
-0.320807 0.256335 -0.251847 0.224284 
0.62989 0.21008 0.247408 0.202557 
0.238786 -0.356378 0.39813 -0.345827 
0.39813 -0.345827 0.449169 0.0769329 
0.449169 0.0769329 0.27769 0.0802949 
0.27769 0.0802949 0.238786 -0.356378 
-0.108687 -0.156434 0.0807372 -0.151647 
0.0807372 -0.151647 0.0937389 0.0839015 
0.0937389 0.0839015 -0.104098 0.0877803 
-0.104098 0.0877803 -0.108687 -0.156434 
