0.256256 -0.0420783 0.258671 0.331375 
-0.176484 -0.222279 -0.225435 0.416209 
-0.546751 -0.0869354 -0.603064 0.303499 
-0.117371 0.00522851 -0.134404 0.277591 
0.256256 -0.0420783 -0.176484 -0.222279 
-0.176484 -0.222279 -0.546751 -0.0869354 
-0.546751 -0.0869354 -0.117371 0.00522851 
-0.117371 0.00522851 0.256256 -0.0420783 
0.258671 0.331375 0.0243346 0.485486 
0.0243346 0.485486 -0.134404 0.277591 
-0.225435 0.416209 -0.497619 0.645258 
-0.497619 0.645258 -0.603064 0.303499 
0.0243346 0.485486 -0.497619 0.645258 
0.258671 0.331375 -0.225435 0.416209 
-0.134404 0.277591 -0.603064 0.303499 
0.00563457 -0.0103458 -0.0592936 -0.00212492 
-0.0592936 -0.00212492 -0.0706481 0.216687 
-0.0706481 0.216687 -0.00363161 0.221573 
-0.00363161 0.221573 0.00563457 -0.0103458 
0.16011 0.0985116 0.0755094 0.100994 
0.0755094 0.100994 0.0721705 0.227101 
0.0721705 0.227101 0.158607 0.233403 
0.158607 0.233403 0.16011 0.0985116 
