0 0 0 1 -0.157609 -0.0241478 
0 0 6.5 1 -0.166366 0.231881 
10 0 0 1 0.232228 -0.0306931 
10 0 6.5 1 0.244195 0.233753 
10 10 0 1 0.325045 -0.178178 
10 10 6.5 1 0.353712 0.255052 
0 10 0 1 -0.303261 -0.16028 
0 10 6.5 1 -0.330263 0.250795 
0 5 10 1 -0.236826 0.426506 
10 5 10 1 0.295318 0.437641 
0 6 0 1 -0.228092 -0.0900239 
0 8 0 1 -0.261651 -0.12139 
0 8 5 1 -0.277314 0.155782 
0 6 5 1 -0.240426 0.16057 
0 2 2.5 1 -0.181242 0.0603735 
0 4 2.5 1 -0.205288 0.0475187 
0 4 5 1 -0.21035 0.164474 
0 2 5 1 -0.185359 0.167718 
0.5 0.5 -0.5 1 -0.142392 -0.0478289 
0.5 0.5 6 1 -0.150496 0.211468 
10.5 0.5 -0.5 1 0.254707 -0.0552708 
10.5 0.5 6 1 0.268127 0.212663 
10.5 10.5 -0.5 1 0.364781 -0.222939 
10.5 10.5 6 1 0.398078 0.219641 
0.5 10.5 -0.5 1 -0.28262 -0.20224 
0.5 10.5 6 1 -0.30859 0.217252 
0.5 5.5 9.5 1 -0.217851 0.404484 
10.5 5.5 9.5 1 0.327922 0.414878 
0.5 6.5 -0.5 1 -0.209896 -0.122161 
0.5 8.5 -0.5 1 -0.24227 -0.157809 
0.5 8.5 4.5 1 -0.257189 0.1243 
0.5 6.5 4.5 1 -0.221549 0.132474 
0.5 2.5 2 1 -0.164855 0.0357571 
0.5 4.5 2 1 -0.187879 0.0203756 
0.5 4.5 4.5 1 -0.192629 0.139108 
0.5 2.5 4.5 1 -0.168691 0.144598 
