0.0433469 -0.290006 0.0672434 -0.02831 
0.479596 -0.408286 0.502332 -0.0568376 
0.24564 -0.604777 0.292621 -0.00023845 
-0.303453 -0.359661 -0.261004 0.0205561 
0.0433469 -0.290006 0.479596 -0.408286 
0.479596 -0.408286 0.24564 -0.604777 
0.24564 -0.604777 -0.303453 -0.359661 
-0.303453 -0.359661 0.0433469 -0.290006 
0.0672434 -0.02831 -0.0507497 0.153872 
-0.0507497 0.153872 -0.261004 0.0205561 
0.502332 -0.0568376 0.440639 0.193894 
0.440639 0.193894 0.292621 -0.00023845 
-0.0507497 0.153872 0.440639 0.193894 
0.0672434 -0.02831 0.502332 -0.0568376 
-0.261004 0.0205561 0.292621 -0.00023845 
-0.132561 -0.325337 -0.210848 -0.341061 
-0.210848 -0.341061 -0.18222 -0.0715827 
-0.18222 -0.0715827 -0.107279 -0.0766154 
-0.107279 -0.0766154 -0.132561 -0.325337 
0.00279107 -0.191745 -0.0541481 -0.195599 
-0.0541481 -0.195599 -0.0429439 -0.0809359 
-0.0429439 -0.0809359 0.012887 -0.0846852 
0.012887 -0.0846852 0.00279107 -0.191745 
