0 0 0 1 0.289993 -0.272554 
0 0 6.5 1 0.253241 0.0748843 
10 0 0 1 0.240784 -0.566763 
10 0 6.5 1 0.167215 0.141201 
10 10 0 1 -0.58834 -0.502229 
10 10 6.5 1 -0.632933 0.0235395 
0 10 0 1 -0.185421 -0.279209 
0 10 6.5 1 -0.213531 0.0177329 
0 5 10 1 -0.0154593 0.214513 
10 5 10 1 -0.321203 0.391692 
0 6 0 1 -0.0130099 -0.276795 
0 8 0 1 -0.101817 -0.278039 
0 8 5 1 -0.124585 -0.0423952 
0 6 5 1 -0.0369856 -0.0338672 
0 2 2.5 1 0.168879 -0.1442 
0 4 2.5 1 0.0688183 -0.149766 
0 4 5 1 0.0562082 -0.0247945 
0 2 5 1 0.15555 -0.0151234 
0.5 0.5 -0.5 1 0.263319 -0.307713 
0.5 0.5 6 1 0.226137 0.0461698 
10.5 0.5 -0.5 1 0.183488 -0.650806 
10.5 0.5 6 1 0.108207 0.0844378 
10.5 10.5 -0.5 1 -0.652959 -0.562119 
10.5 10.5 6 1 -0.697941 -0.0214533 
0.5 10.5 -0.5 1 -0.215357 -0.309241 
0.5 10.5 6 1 -0.243681 -0.0076044 
0.5 5.5 9.5 1 -0.0446642 0.190463 
10.5 5.5 9.5 1 -0.3859 0.3516 
0.5 6.5 -0.5 1 -0.0420519 -0.308688 
0.5 8.5 -0.5 1 -0.131361 -0.308973 
0.5 8.5 4.5 1 -0.154318 -0.0694843 
0.5 6.5 4.5 1 -0.0662456 -0.061671 
0.5 2.5 2 1 0.141101 -0.175859 
0.5 4.5 2 1 0.0402795 -0.180487 
0.5 4.5 4.5 1 0.027545 -0.0533503 
0.5 2.5 4.5 1 0.127629 -0.0444713 
