-0.285915 -0.0914758 -0.317931 0.18316 
0.109879 -0.0435234 0.0917439 0.208994 
0.313033 -0.123419 0.292934 0.281743 
-0.321791 -0.216267 -0.378703 0.249033 
-0.285915 -0.0914758 0.109879 -0.0435234 
0.109879 -0.0435234 0.313033 -0.123419 
0.313033 -0.123419 -0.321791 -0.216267 
-0.321791 -0.216267 -0.285915 -0.0914758 
-0.317931 0.18316 -0.363713 0.404751 
-0.363713 0.404751 -0.378703 0.249033 
0.0917439 0.208994 0.157383 0.413442 
0.157383 0.413442 0.292934 0.281743 
-0.363713 0.404751 0.157383 0.413442 
-0.317931 0.18316 0.0917439 0.208994 
-0.378703 0.249033 0.292934 0.281743 
-0.302826 -0.150299 -0.31117 -0.179323 
-0.31117 -0.179323 -0.348671 0.131636 
-0.348671 0.131636 -0.33592 0.127194 
-0.33592 0.127194 -0.302826 -0.150299 
-0.303781 0.00510442 -0.310696 -0.00337115 
-0.310696 -0.00337115 -0.325707 0.123636 
-0.325707 0.123636 -0.317344 0.120722 
-0.317344 0.120722 -0.303781 0.00510442 
