-0.189286 -0.0134013 -0.205584 0.247619 
0.201786 -0.00438673 0.205572 0.258204 
0.324317 -0.129774 0.341277 0.30029 
-0.310385 -0.14357 -0.348078 0.282271 
-0.189286 -0.0134013 0.201786 -0.00438673 
0.201786 -0.00438673 0.324317 -0.129774 
0.324317 -0.129774 -0.310385 -0.14357 
-0.310385 -0.14357 -0.189286 -0.0134013 
-0.205584 0.247619 -0.272743 0.452691 
-0.272743 0.452691 -0.348078 0.282271 
0.205572 0.258204 0.260835 0.467565 
0.260835 0.467565 0.341277 0.30029 
-0.272743 0.452691 0.260835 0.467565 
-0.205584 0.247619 0.205572 0.258204 
-0.348078 0.282271 0.341277 0.30029 
-0.247489 -0.0759637 -0.275463 -0.106033 
-0.275463 -0.106033 -0.298574 0.179803 
-0.298574 0.179803 -0.26675 0.181521 
-0.26675 0.181521 -0.247489 -0.0759637 
-0.212394 0.0744058 -0.232578 0.0631333 
-0.232578 0.0631333 -0.240951 0.182914 
-0.240951 0.182914 -0.219615 0.184066 
-0.219615 0.184066 -0.212394 0.0744058 
