0 0 0 1 0.289269 -0.329408 
0 0 6.5 1 0.324377 0.0836579 
10 0 0 1 -0.378674 -0.29276 
10 0 6.5 1 -0.327197 0.164783 
10 10 0 1 -0.28913 -0.182445 
10 10 6.5 1 -0.259667 0.0870342 
0 10 0 1 0.114432 -0.211662 
0 10 6.5 1 0.137898 0.0417482 
0 5 10 1 0.223887 0.223537 
10 5 10 1 -0.265016 0.294684 
0 6 0 1 0.16512 -0.245798 
0 8 0 1 0.137646 -0.227296 
0 8 5 1 0.157045 -0.0154821 
0 6 5 1 0.18602 -0.0145616 
0 2 2.5 1 0.251004 -0.152865 
0 4 2.5 1 0.209525 -0.140079 
0 4 5 1 0.220788 -0.0134571 
0 2 5 1 0.263276 -0.0121073 
0.5 0.5 -0.5 1 0.24336 -0.349947 
0.5 0.5 6 1 0.278374 0.0534302 
10.5 0.5 -0.5 1 -0.411285 -0.316528 
10.5 0.5 6 1 -0.360595 0.12916 
10.5 10.5 -0.5 1 -0.309947 -0.198349 
10.5 10.5 6 1 -0.280731 0.0669735 
0.5 10.5 -0.5 1 0.0887139 -0.226159 
0.5 10.5 6 1 0.112089 0.023572 
0.5 5.5 9.5 1 0.190694 0.197917 
10.5 5.5 9.5 1 -0.291076 0.265619 
0.5 6.5 -0.5 1 0.133855 -0.262292 
0.5 8.5 -0.5 1 0.109419 -0.242733 
0.5 8.5 4.5 1 0.128742 -0.0342567 
0.5 6.5 4.5 1 0.154674 -0.0350282 
0.5 2.5 2 1 0.211209 -0.174899 
0.5 4.5 2 1 0.174467 -0.160195 
0.5 4.5 4.5 1 0.185688 -0.0359509 
0.5 2.5 4.5 1 0.223441 -0.037074 
