0 0 0 1 0.00809263 -0.143469 
0 0 6.5 1 0.0333746 0.109076 
10 0 0 1 0.424817 -0.227338 
10 0 6.5 1 0.459862 0.0888613 
10 10 0 1 0.295601 -0.364912 
10 10 6.5 1 0.354302 0.178887 
0 10 0 1 -0.290155 -0.19755 
0 10 6.5 1 -0.254978 0.181805 
0 5 10 1 -0.0657233 0.303321 
10 5 10 1 0.445141 0.340573 
0 6 0 1 -0.141061 -0.170515 
0 8 0 1 -0.208838 -0.182805 
0 8 5 1 -0.183765 0.0818451 
0 6 5 1 -0.117673 0.0720434 
0 2 2.5 1 -0.0242609 -0.0475405 
0 4 2.5 1 -0.0727803 -0.0484933 
0 4 5 1 -0.0617978 0.0637568 
0 2 5 1 -0.0139394 0.0566592 
0.5 0.5 -0.5 1 0.0129761 -0.168583 
0.5 0.5 6 1 0.0389761 0.0906512 
10.5 0.5 -0.5 1 0.445147 -0.261865 
10.5 0.5 6 1 0.481561 0.0648897 
10.5 10.5 -0.5 1 0.323629 -0.433865 
10.5 10.5 6 1 0.386301 0.141924 
0.5 10.5 -0.5 1 -0.294954 -0.237936 
0.5 10.5 6 1 -0.258369 0.156716 
0.5 5.5 9.5 1 -0.0621905 0.287364 
10.5 5.5 9.5 1 0.472381 0.320855 
0.5 6.5 -0.5 1 -0.139976 -0.203032 
0.5 8.5 -0.5 1 -0.210167 -0.21884 
0.5 8.5 4.5 1 -0.184165 0.0554517 
0.5 6.5 4.5 1 -0.115783 0.0476016 
0.5 2.5 2 1 -0.0199437 -0.0717875 
0.5 4.5 2 1 -0.0696397 -0.0746974 
0.5 4.5 4.5 1 -0.0583031 0.041003 
0.5 2.5 4.5 1 -0.00931017 0.0353787 
