0 0 0 1 0.25648 -0.144751 
0 0 6.5 1 0.291012 0.229015 
10 0 0 1 -0.309561 -0.25651 
10 0 6.5 1 -0.31717 0.283208 
10 10 0 1 -0.445931 -0.0702743 
10 10 6.5 1 -0.458473 0.252598 
0 10 0 1 -0.0310688 -0.0321958 
0 10 6.5 1 -0.0214624 0.222957 
0 5 10 1 0.114337 0.403243 
10 5 10 1 -0.413997 0.507779 
0 6 0 1 0.0589314 -0.0674247 
0 8 0 1 0.010889 -0.0486194 
0 8 5 1 0.0203145 0.158553 
0 6 5 1 0.071041 0.154613 
0 2 2.5 1 0.18927 0.0119546 
0 4 2.5 1 0.122099 0.0278322 
0 4 5 1 0.130051 0.150031 
0 2 5 1 0.199553 0.144634 
0.5 0.5 -0.5 1 0.213735 -0.166997 
0.5 0.5 6 1 0.244833 0.20004 
10.5 0.5 -0.5 1 -0.359904 -0.286089 
10.5 0.5 6 1 -0.372459 0.239649 
10.5 10.5 -0.5 1 -0.474906 -0.0902805 
10.5 10.5 6 1 -0.489009 0.227582 
0.5 10.5 -0.5 1 -0.0578369 -0.0484643 
0.5 10.5 6 1 -0.0495632 0.203553 
0.5 5.5 9.5 1 0.0781173 0.377237 
10.5 5.5 9.5 1 -0.454896 0.47086 
0.5 6.5 -0.5 1 0.0274037 -0.0856692 
0.5 8.5 -0.5 1 -0.0180705 -0.0658211 
0.5 8.5 4.5 1 -0.0098328 0.138656 
0.5 6.5 4.5 1 0.0381041 0.133272 
0.5 2.5 2 1 0.150013 -0.0108111 
0.5 4.5 2 1 0.0866955 0.00668637 
0.5 4.5 4.5 1 0.093779 0.12702 
0.5 2.5 4.5 1 0.15923 0.11967 
