-0.123857 -0.275772 -0.152218 0.41824 
-0.247806 -0.0495278 -0.270453 0.303657 
0.204741 -0.00591079 0.212936 0.293175 
0.608043 -0.144346 0.665136 0.367403 
-0.123857 -0.275772 -0.247806 -0.0495278 
-0.247806 -0.0495278 0.204741 -0.00591079 
0.204741 -0.00591079 0.608043 -0.144346 
0.608043 -0.144346 -0.123857 -0.275772 
-0.152218 0.41824 0.341866 0.77023 
0.341866 0.77023 0.665136 0.367403 
-0.270453 0.303657 -0.0104317 0.490538 
-0.0104317 0.490538 0.212936 0.293175 
0.341866 0.77023 -0.0104317 0.490538 
-0.152218 0.41824 -0.270453 0.303657 
0.665136 0.367403 0.212936 0.293175 
0.365297 -0.187936 0.493209 -0.164967 
0.493209 -0.164967 0.528928 0.240015 
0.528928 0.240015 0.391808 0.240116 
0.391808 0.240116 0.365297 -0.187936 
0.0597494 -0.0129006 0.228912 0.00296261 
0.228912 0.00296261 0.236552 0.24023 
0.236552 0.24023 0.0593071 0.240361 
0.0593071 0.240361 0.0597494 -0.0129006 
