0.289269 -0.329408 0.324377 0.0836579 
-0.378674 -0.29276 -0.327197 0.164783 
-0.28913 -0.182445 -0.259667 0.0870342 
0.114432 -0.211662 0.137898 0.0417482 
0.289269 -0.329408 -0.378674 -0.29276 
-0.378674 -0.29276 -0.28913 -0.182445 
-0.28913 -0.182445 0.114432 -0.211662 
0.114432 -0.211662 0.289269 -0.329408 
0.324377 0.0836579 0.223887 0.223537 
0.223887 0.223537 0.137898 0.0417482 
-0.327197 0.164783 -0.265016 0.294684 
-0.265016 0.294684 -0.259667 0.0870342 
0.223887 0.223537 -0.265016 0.294684 
0.324377 0.0836579 -0.327197 0.164783 
0.137898 0.0417482 -0.259667 0.0870342 
0.16512 -0.245798 0.137646 -0.227296 
0.137646 -0.227296 0.157045 -0.0154821 
0.157045 -0.0154821 0.18602 -0.0145616 
0.18602 -0.0145616 0.16512 -0.245798 
0.251004 -0.152865 0.209525 -0.140079 
0.209525 -0.140079 0.220788 -0.0134571 
0.220788 -0.0134571 0.263276 -0.0121073 
0.263276 -0.0121073 0.251004 -0.152865 
