0 0 0 1 0.276327 -0.388793 
0 0 6.5 1 0.241337 -0.0687544 
10 0 0 1 0.70198 -0.630213 
10 0 6.5 1 0.608876 -0.0165755 
10 10 0 1 -0.280981 -0.83522 
10 10 6.5 1 -0.315804 -0.0837655 
0 10 0 1 -0.228487 -0.460679 
0 10 6.5 1 -0.247561 -0.106757 
0 5 10 1 -0.00594166 0.0841531 
10 5 10 1 0.154561 0.278361 
0 6 0 1 -0.0147834 -0.430247 
0 8 0 1 -0.119516 -0.445161 
0 8 5 1 -0.137209 -0.176228 
0 6 5 1 -0.0351349 -0.166819 
0 2 2.5 1 0.17022 -0.273795 
0 4 2.5 1 0.0743927 -0.284995 
0 4 5 1 0.0631549 -0.15776 
0 2 5 1 0.157867 -0.14903 
0.5 0.5 -0.5 1 0.266932 -0.424961 
0.5 0.5 6 1 0.231185 -0.0936036 
10.5 0.5 -0.5 1 0.710783 -0.71773 
10.5 0.5 6 1 0.611474 -0.0611599 
10.5 10.5 -0.5 1 -0.34836 -0.959397 
10.5 10.5 6 1 -0.380077 -0.142745 
0.5 10.5 -0.5 1 -0.256975 -0.503215 
0.5 10.5 6 1 -0.275578 -0.135416 
0.5 5.5 9.5 1 -0.024318 0.0635474 
10.5 5.5 9.5 1 0.128532 0.250075 
0.5 6.5 -0.5 1 -0.0347674 -0.470025 
0.5 8.5 -0.5 1 -0.143591 -0.486279 
0.5 8.5 4.5 1 -0.161161 -0.206943 
0.5 6.5 4.5 1 -0.0552087 -0.19662 
0.5 2.5 2 1 0.15732 -0.30638 
0.5 4.5 2 1 0.0580561 -0.318585 
0.5 4.5 4.5 1 0.0466867 -0.186693 
0.5 2.5 4.5 1 0.144754 -0.177139 
