-0.0909956 -0.0357449 -0.0826432 0.215598 
0.302644 -0.0771958 0.331331 0.199065 
0.324888 -0.236194 0.376052 0.224869 
-0.294609 -0.148212 -0.295778 0.247406 
-0.0909956 -0.0357449 0.302644 -0.0771958 
0.302644 -0.0771958 0.324888 -0.236194 
0.324888 -0.236194 -0.294609 -0.148212 
-0.294609 -0.148212 -0.0909956 -0.0357449 
-0.0826432 0.215598 -0.160955 0.407742 
-0.160955 0.407742 -0.295778 0.247406 
0.331331 0.199065 0.369561 0.413081 
0.369561 0.413081 0.376052 0.224869 
-0.160955 0.407742 0.369561 0.413081 
-0.0826432 0.215598 0.331331 0.199065 
-0.295778 0.247406 0.376052 0.224869 
-0.190625 -0.0907757 -0.237334 -0.116575 
-0.237334 -0.116575 -0.235351 0.152435 
-0.235351 0.152435 -0.186789 0.153463 
-0.186789 0.153463 -0.190625 -0.0907757 
-0.116164 0.0500369 -0.149331 0.0403002 
-0.149331 0.0403002 -0.146757 0.154311 
-0.146757 0.154311 -0.113189 0.155021 
-0.113189 0.155021 -0.116164 0.0500369 
