-0.282101 -0.0821055 -0.313828 0.191975 
0.113458 -0.0358505 0.096036 0.217245 
0.313207 -0.115574 0.294537 0.291291 
-0.322468 -0.204807 -0.379201 0.259182 
-0.282101 -0.0821055 0.113458 -0.0358505 
0.113458 -0.0358505 0.313207 -0.115574 
0.313207 -0.115574 -0.322468 -0.204807 
-0.322468 -0.204807 -0.282101 -0.0821055 
-0.313828 0.191975 -0.361214 0.414154 
-0.361214 0.414154 -0.379201 0.259182 
0.096036 0.217245 0.161053 0.423176 
0.161053 0.423176 0.294537 0.291291 
-0.361214 0.414154 0.161053 0.423176 
-0.313828 0.191975 0.096036 0.217245 
-0.379201 0.259182 0.294537 0.291291 
-0.301142 -0.139983 -0.310529 -0.168515 
-0.310529 -0.168515 -0.347829 0.141486 
-0.347829 0.141486 -0.334016 0.136721 
-0.334016 0.136721 -0.301142 -0.139983 
-0.300432 0.0143797 -0.308046 0.00615251 
-0.308046 0.00615251 -0.32295 0.132903 
-0.32295 0.132903 -0.313886 0.129777 
-0.313886 0.129777 -0.300432 0.0143797 
