-0.694783 -0.445985 -0.61726 0.0935488 
-0.245372 -0.297628 -0.212428 0.0045255 
0.233126 -0.381329 0.257845 -0.0272895 
0.142459 -0.67201 0.197524 0.0587947 
-0.694783 -0.445985 -0.245372 -0.297628 
-0.245372 -0.297628 0.233126 -0.381329 
0.233126 -0.381329 0.142459 -0.67201 
0.142459 -0.67201 -0.694783 -0.445985 
-0.61726 0.0935488 -0.232247 0.388214 
-0.232247 0.388214 0.197524 0.0587947 
-0.212428 0.0045255 0.0202242 0.158378 
0.0202242 0.158378 0.257845 -0.0272895 
-0.232247 0.388214 0.0202242 0.158378 
-0.61726 0.0935488 -0.212428 0.0045255 
0.197524 0.0587947 0.257845 -0.0272895 
-0.25422 -0.564921 -0.0688763 -0.614957 
-0.0688763 -0.614957 -0.0197781 -0.0834068 
-0.0197781 -0.0834068 -0.200705 -0.0667426 
-0.200705 -0.0667426 -0.25422 -0.564921 
-0.534084 -0.256016 -0.389232 -0.281859 
-0.389232 -0.281859 -0.361451 -0.0519373 
-0.361451 -0.0519373 -0.505214 -0.0386961 
-0.505214 -0.0386961 -0.534084 -0.256016 
