0 0 0 1 -0.278225 -0.0732771 
0 0 6.5 1 -0.309616 0.200273 
10 0 0 1 0.117118 -0.0286981 
10 0 6.5 1 0.100444 0.224993 
10 10 0 1 0.313464 -0.108465 
10 10 6.5 1 0.296262 0.300117 
0 10 0 1 -0.323013 -0.194162 
0 10 6.5 1 -0.379501 0.268535 
0 5 10 1 -0.358542 0.422936 
10 5 10 1 0.164869 0.432329 
0 6 0 1 -0.299366 -0.130337 
0 8 0 1 -0.309778 -0.15844 
0 8 5 1 -0.346834 0.150626 
0 6 5 1 -0.331979 0.145601 
0 2 2.5 1 -0.296996 0.0230912 
0 4 2.5 1 -0.305297 0.0150712 
0 4 5 1 -0.320075 0.141575 
0 2 5 1 -0.310322 0.138276 
0.5 0.5 -0.5 1 -0.255538 -0.0951235 
0.5 0.5 6 1 -0.286602 0.181587 
10.5 0.5 -0.5 1 0.143118 -0.0483093 
10.5 0.5 6 1 0.127042 0.208102 
10.5 10.5 -0.5 1 0.359314 -0.141647 
10.5 10.5 6 1 0.344107 0.274038 
0.5 10.5 -0.5 1 -0.285636 -0.233989 
0.5 10.5 6 1 -0.341308 0.23781 
0.5 5.5 9.5 1 -0.329554 0.402793 
10.5 5.5 9.5 1 0.199702 0.414354 
0.5 6.5 -0.5 1 -0.269674 -0.160346 
0.5 8.5 -0.5 1 -0.276683 -0.192681 
0.5 8.5 4.5 1 -0.313229 0.121636 
0.5 6.5 4.5 1 -0.301869 0.119774 
0.5 2.5 2 1 -0.272224 0.000431566 
0.5 4.5 2 1 -0.2782 -0.00997692 
0.5 4.5 4.5 1 -0.292805 0.118289 
0.5 2.5 4.5 1 -0.285404 0.117076 
