0.396532 -0.64884 0.356682 -0.112297 
-0.321666 -0.569219 -0.297453 -0.129764 
-0.0818825 -0.426719 -0.0786752 -0.156146 
0.353139 -0.4535 0.332157 -0.149032 
0.396532 -0.64884 -0.321666 -0.569219 
-0.321666 -0.569219 -0.0818825 -0.426719 
-0.0818825 -0.426719 0.353139 -0.4535 
0.353139 -0.4535 0.396532 -0.64884 
0.356682 -0.112297 0.327974 0.0516938 
0.327974 0.0516938 0.332157 -0.149032 
-0.297453 -0.129764 -0.158729 0.0178118 
-0.158729 0.0178118 -0.0786752 -0.156146 
0.327974 0.0516938 -0.158729 0.0178118 
0.356682 -0.112297 -0.297453 -0.129764 
0.332157 -0.149032 -0.0786752 -0.156146 
0.364986 -0.506834 0.358496 -0.477615 
0.358496 -0.477615 0.340396 -0.217543 
0.340396 -0.217543 0.34473 -0.219154 
0.34473 -0.219154 0.364986 -0.506834 
0.369472 -0.399952 0.361173 -0.377177 
0.361173 -0.377177 0.350029 -0.221124 
0.350029 -0.221124 0.356657 -0.223588 
0.356657 -0.223588 0.369472 -0.399952 
