0 0 0 1 -0.21514 -0.34425 
0 0 6.5 1 -0.237008 0.32553 
10 0 0 1 -0.247479 -0.0795302 
10 0 6.5 1 -0.260326 0.263138 
10 10 0 1 0.215717 -0.0518121 
10 10 6.5 1 0.232826 0.249395 
0 10 0 1 0.583818 -0.241396 
0 10 6.5 1 0.656012 0.28618 
0 5 10 1 0.291452 0.68714 
10 5 10 1 0.00525381 0.446409 
0 6 0 1 0.307379 -0.276984 
0 8 0 1 0.451551 -0.258424 
0 8 5 1 0.496654 0.154267 
0 6 5 1 0.341464 0.154279 
0 2 2.5 1 -0.0217939 -0.0941282 
0 4 2.5 1 0.159454 -0.0818969 
0 4 5 1 0.170237 0.154293 
0 2 5 1 -0.0196485 0.154308 
0.5 0.5 -0.5 1 -0.16961 -0.356374 
0.5 0.5 6 1 -0.18377 0.262553 
10.5 0.5 -0.5 1 -0.222027 -0.0951786 
10.5 0.5 6 1 -0.232683 0.233766 
10.5 10.5 -0.5 1 0.224042 -0.0665099 
10.5 10.5 6 1 0.241089 0.224048 
0.5 10.5 -0.5 1 0.578788 -0.25651 
0.5 10.5 6 1 0.646295 0.239087 
0.5 5.5 9.5 1 0.30496 0.603112 
10.5 5.5 9.5 1 0.0225064 0.411418 
0.5 6.5 -0.5 1 0.317557 -0.291368 
0.5 8.5 -0.5 1 0.453492 -0.273229 
0.5 8.5 4.5 1 0.496107 0.114008 
0.5 6.5 4.5 1 0.350425 0.112163 
0.5 2.5 2 1 0.0110992 -0.122373 
0.5 4.5 2 1 0.179657 -0.109589 
0.5 4.5 4.5 1 0.190659 0.110139 
0.5 2.5 4.5 1 0.0146603 0.10791 
