0.25629 -0.0335233 0.261557 0.342192 
-0.191595 -0.203818 -0.238651 0.432178 
-0.54151 -0.0689637 -0.595387 0.317538 
-0.111724 0.0161379 -0.126902 0.288222 
0.25629 -0.0335233 -0.191595 -0.203818 
-0.191595 -0.203818 -0.54151 -0.0689637 
-0.54151 -0.0689637 -0.111724 0.0161379 
-0.111724 0.0161379 0.25629 -0.0335233 
0.261557 0.342192 0.0304367 0.496914 
0.0304367 0.496914 -0.126902 0.288222 
-0.238651 0.432178 -0.496945 0.658212 
-0.496945 0.658212 -0.595387 0.317538 
0.0304367 0.496914 -0.496945 0.658212 
0.261557 0.342192 -0.238651 0.432178 
-0.126902 0.288222 -0.595387 0.317538 
0.00888188 -0.000137054 -0.0548468 0.00846274 
-0.0548468 0.00846274 -0.064709 0.22722 
-0.064709 0.22722 0.00120884 0.231998 
0.00120884 0.231998 0.00888188 -0.000137054 
0.162023 0.108121 0.0784321 0.110948 
0.0784321 0.110948 0.075974 0.237418 
0.075974 0.237418 0.161496 0.243617 
0.161496 0.243617 0.162023 0.108121 
