0.280902 -0.342397 0.245296 -0.0220303 
0.656775 -0.593239 0.572015 0.0336026 
-0.345288 -0.76024 -0.391531 -0.0503722 
-0.222188 -0.40736 -0.247874 -0.0666076 
0.280902 -0.342397 0.656775 -0.593239 
0.656775 -0.593239 -0.345288 -0.76024 
-0.345288 -0.76024 -0.222188 -0.40736 
-0.222188 -0.40736 0.280902 -0.342397 
0.245296 -0.0220303 -0.0103306 0.127875 
-0.0103306 0.127875 -0.247874 -0.0666076 
0.572015 0.0336026 0.08334 0.327827 
0.08334 0.327827 -0.391531 -0.0503722 
-0.0103306 0.127875 0.08334 0.327827 
0.245296 -0.0220303 0.572015 0.0336026 
-0.247874 -0.0666076 -0.391531 -0.0503722 
-0.0138509 -0.380458 -0.11678 -0.393749 
-0.11678 -0.393749 -0.13834 -0.133507 
-0.13834 -0.133507 -0.0370195 -0.123462 
-0.0370195 -0.123462 -0.0138509 -0.380458 
0.171718 -0.228307 0.0742248 -0.239419 
0.0742248 -0.239419 0.0619872 -0.113646 
0.0619872 -0.113646 0.158759 -0.104052 
0.158759 -0.104052 0.171718 -0.228307 
