0 0 0 1 0.255839 -0.171186 
0 0 6.5 1 0.29279 0.201727 
10 0 0 1 -0.31995 -0.274832 
10 0 6.5 1 -0.321838 0.253109 
10 10 0 1 -0.43389 -0.0832041 
10 10 6.5 1 -0.441292 0.232512 
0 10 0 1 -0.0212601 -0.0502937 
0 10 6.5 1 -0.0089534 0.202596 
0 5 10 1 0.123537 0.378165 
10 5 10 1 -0.401363 0.476697 
0 6 0 1 0.0650036 -0.0879287 
0 8 0 1 0.0189033 -0.0678161 
0 8 5 1 0.030388 0.137853 
0 6 5 1 0.0791562 0.132751 
0 2 2.5 1 0.191966 -0.0123154 
0 4 2.5 1 0.127068 0.00532828 
0 4 5 1 0.136035 0.126801 
0 2 5 1 0.203232 0.119771 
0.5 0.5 -0.5 1 0.212839 -0.192559 
0.5 0.5 6 1 0.246425 0.17341 
10.5 0.5 -0.5 1 -0.368753 -0.302645 
10.5 0.5 6 1 -0.375178 0.211437 
10.5 10.5 -0.5 1 -0.462062 -0.102283 
10.5 10.5 6 1 -0.470913 0.208467 
0.5 10.5 -0.5 1 -0.0479138 -0.0660003 
0.5 10.5 6 1 -0.0368932 0.183694 
0.5 5.5 9.5 1 0.0874234 0.352681 
10.5 5.5 9.5 1 -0.440881 0.441165 
0.5 6.5 -0.5 1 0.033513 -0.105522 
0.5 8.5 -0.5 1 -0.00997393 -0.0844148 
0.5 8.5 4.5 1 0.000361833 0.118501 
0.5 6.5 4.5 1 0.0462992 0.111988 
0.5 2.5 2 1 0.152612 -0.0343623 
0.5 4.5 2 1 0.0916595 -0.0151561 
0.5 4.5 4.5 1 0.099783 0.104405 
0.5 2.5 4.5 1 0.162839 0.095464 
