-0.587202 -0.473442 -0.552264 -0.0678701 
-0.110387 -0.381009 -0.110404 -0.100183 
0.289202 -0.445007 0.260837 -0.054711 
-0.217827 -0.653264 -0.20503 0.0290664 
-0.587202 -0.473442 -0.110387 -0.381009 
-0.110387 -0.381009 0.289202 -0.445007 
0.289202 -0.445007 -0.217827 -0.653264 
-0.217827 -0.653264 -0.587202 -0.473442 
-0.552264 -0.0678701 -0.405769 0.206391 
-0.405769 0.206391 -0.20503 0.0290664 
-0.110404 -0.100183 0.0411106 0.0791824 
0.0411106 0.0791824 0.260837 -0.054711 
-0.405769 0.206391 0.0411106 0.0791824 
-0.552264 -0.0678701 -0.110404 -0.100183 
-0.20503 0.0290664 0.260837 -0.054711 
-0.414855 -0.557345 -0.328663 -0.599306 
-0.328663 -0.599306 -0.310426 -0.125933 
-0.310426 -0.125933 -0.392023 -0.1358 
-0.392023 -0.1358 -0.414855 -0.557345 
-0.526402 -0.317846 -0.470654 -0.327109 
-0.470654 -0.327109 -0.458403 -0.143826 
-0.458403 -0.143826 -0.51346 -0.150483 
-0.51346 -0.150483 -0.526402 -0.317846 
