-0.0564846 -0.240819 -0.0888354 0.461461 
-0.248162 -0.0425854 -0.277305 0.316183 
0.193586 0.011466 0.194717 0.307033 
0.61563 -0.094782 0.658198 0.399992 
-0.0564846 -0.240819 -0.248162 -0.0425854 
-0.248162 -0.0425854 0.193586 0.011466 
0.193586 0.011466 0.61563 -0.094782 
0.61563 -0.094782 -0.0564846 -0.240819 
-0.0888354 0.461461 0.366519 0.796124 
0.366519 0.796124 0.658198 0.399992 
-0.277305 0.316183 -0.0238864 0.502912 
-0.0238864 0.502912 0.194717 0.307033 
0.366519 0.796124 -0.0238864 0.502912 
-0.0888354 0.461461 -0.277305 0.316183 
0.658198 0.399992 0.194717 0.307033 
0.399245 -0.141798 0.514045 -0.116854 
0.514045 -0.116854 0.540341 0.278259 
0.540341 0.278259 0.417904 0.279078 
0.417904 0.279078 0.399245 -0.141798 
0.115602 0.0280142 0.272515 0.0453214 
0.272515 0.0453214 0.276916 0.280021 
0.276916 0.280021 0.112816 0.281118 
0.112816 0.281118 0.115602 0.0280142 
