-0.140323 -0.0299637 -0.144677 0.22389 
0.249446 -0.0457826 0.265955 0.220365 
0.324778 -0.202217 0.359669 0.234562 
-0.300268 -0.165432 -0.320887 0.239193 
-0.140323 -0.0299637 0.249446 -0.0457826 
0.249446 -0.0457826 0.324778 -0.202217 
0.324778 -0.202217 -0.300268 -0.165432 
-0.300268 -0.165432 -0.140323 -0.0299637 
-0.144677 0.22389 -0.217 0.414775 
-0.217 0.414775 -0.320887 0.239193 
0.265955 0.220365 0.314286 0.423083 
0.314286 0.423083 0.359669 0.234562 
-0.217 0.414775 0.314286 0.423083 
-0.144677 0.22389 0.265955 0.220365 
-0.320887 0.239193 0.359669 0.234562 
-0.217985 -0.0957412 -0.254789 -0.126913 
-0.254789 -0.126913 -0.266043 0.146568 
-0.266043 0.146568 -0.22624 0.151917 
-0.22624 0.151917 -0.217985 -0.0957412 
-0.16427 0.0536183 -0.19057 0.0405909 
-0.19057 0.0405909 -0.193687 0.156291 
-0.193687 0.156291 -0.166571 0.159935 
-0.166571 0.159935 -0.16427 0.0536183 
