-0.500095 -0.330542 -0.480912 0.300873 
-0.252847 -0.117206 -0.234482 0.204316 
0.233843 -0.158138 0.269585 0.161921 
0.445887 -0.4101 0.533012 0.215597 
-0.500095 -0.330542 -0.252847 -0.117206 
-0.252847 -0.117206 0.233843 -0.158138 
0.233843 -0.158138 0.445887 -0.4101 
0.445887 -0.4101 -0.500095 -0.330542 
-0.480912 0.300873 0.0579629 0.635589 
0.0579629 0.635589 0.533012 0.215597 
-0.234482 0.204316 0.0329352 0.365526 
0.0329352 0.365526 0.269585 0.161921 
0.0579629 0.635589 0.0329352 0.365526 
-0.480912 0.300873 -0.234482 0.204316 
0.533012 0.215597 0.269585 0.161921 
0.0674957 -0.378277 0.256692 -0.394189 
0.256692 -0.394189 0.312336 0.080135 
0.312336 0.080135 0.112858 0.0969118 
0.112858 0.0969118 0.0674957 -0.378277 
-0.298827 -0.114303 -0.104625 -0.130635 
-0.104625 -0.130635 -0.0866206 0.113689 
-0.0866206 0.113689 -0.2861 0.130466 
-0.2861 0.130466 -0.298827 -0.114303 
