0.399387 -0.49388 0.335815 0.0579877 
-0.266603 -0.433918 -0.272717 -0.031034 
0.0144033 -0.326439 -0.000954608 -0.0651602 
0.453782 -0.336675 0.413767 -0.0200109 
0.399387 -0.49388 -0.266603 -0.433918 
-0.266603 -0.433918 0.0144033 -0.326439 
0.0144033 -0.326439 0.453782 -0.336675 
0.453782 -0.336675 0.399387 -0.49388 
0.335815 0.0579877 0.360846 0.205708 
0.360846 0.205708 0.413767 -0.0200109 
-0.272717 -0.031034 -0.115503 0.106648 
-0.115503 0.106648 -0.000954608 -0.0651602 
0.360846 0.205708 -0.115503 0.106648 
0.335815 0.0579877 -0.272717 -0.031034 
0.413767 -0.0200109 -0.000954608 -0.0651602 
0.43887 -0.379774 0.447034 -0.356179 
0.447034 -0.356179 0.41335 -0.0865951 
0.41335 -0.0865951 0.402186 -0.0821312 
0.402186 -0.0821312 0.43887 -0.379774 
0.393105 -0.252293 0.408143 -0.238473 
0.408143 -0.238473 0.388538 -0.0766744 
0.388538 -0.0766744 0.371475 -0.0698518 
0.371475 -0.0698518 0.393105 -0.252293 
