-0.526657 -0.309993 -0.500478 0.315905 
-0.252457 -0.116972 -0.231172 0.202557 
0.235367 -0.164042 0.271739 0.159151 
0.42479 -0.408469 0.510113 0.231587 
-0.526657 -0.309993 -0.252457 -0.116972 
-0.252457 -0.116972 0.235367 -0.164042 
0.235367 -0.164042 0.42479 -0.408469 
0.42479 -0.408469 -0.526657 -0.309993 
-0.500478 0.315905 0.0291644 0.64789 
0.0291644 0.64789 0.510113 0.231587 
-0.231172 0.202557 0.0344835 0.362177 
0.0344835 0.362177 0.271739 0.159151 
0.0291644 0.64789 0.0344835 0.362177 
-0.500478 0.315905 -0.231172 0.202557 
0.510113 0.231587 0.271739 0.159151 
0.0373531 -0.368369 0.229901 -0.388298 
0.229901 -0.388298 0.285209 0.0950503 
0.285209 0.0950503 0.0834775 0.112857 
0.0834775 0.112857 0.0373531 -0.368369 
-0.326996 -0.0959916 -0.13473 -0.114459 
-0.13473 -0.114459 -0.115735 0.130442 
-0.115735 0.130442 -0.312476 0.147808 
-0.312476 0.147808 -0.326996 -0.0959916 
