0.279298 -0.372612 0.243756 -0.0522911 
0.68554 -0.621308 0.595316 -0.00099414 
-0.308843 -0.811927 -0.348486 -0.0769237 
-0.225216 -0.442081 -0.247351 -0.0936589 
0.279298 -0.372612 0.68554 -0.621308 
0.68554 -0.621308 -0.308843 -0.811927 
-0.308843 -0.811927 -0.225216 -0.442081 
-0.225216 -0.442081 0.279298 -0.372612 
0.243756 -0.0522911 -0.00736383 0.0991228 
-0.00736383 0.0991228 -0.247351 -0.0936589 
0.595316 -0.00099414 0.125374 0.293406 
0.125374 0.293406 -0.348486 -0.0769237 
-0.00736383 0.0991228 0.125374 0.293406 
0.243756 -0.0522911 0.595316 -0.00099414 
-0.247351 -0.0936589 -0.348486 -0.0769237 
-0.0136352 -0.412948 -0.11769 -0.427275 
-0.11769 -0.427275 -0.137215 -0.161934 
-0.137215 -0.161934 -0.0353727 -0.152134 
-0.0353727 -0.152134 -0.0136352 -0.412948 
0.171691 -0.258036 0.0750677 -0.269309 
0.0750677 -0.269309 0.0633102 -0.142638 
0.0633102 -0.142638 0.158979 -0.133431 
0.158979 -0.133431 0.171691 -0.258036 
