0.306608 -0.452868 0.327789 -0.0132314 
-0.382801 -0.404142 -0.328528 0.0454421 
-0.246604 -0.281362 -0.217848 -0.0146753 
0.162144 -0.312493 0.179036 -0.0493293 
0.306608 -0.452868 -0.382801 -0.404142 
-0.382801 -0.404142 -0.246604 -0.281362 
-0.246604 -0.281362 0.162144 -0.312493 
0.162144 -0.312493 0.306608 -0.452868 
0.327789 -0.0132314 0.245021 0.132313 
0.245021 0.132313 0.179036 -0.0493293 
-0.328528 0.0454421 -0.240172 0.178523 
-0.240172 0.178523 -0.217848 -0.0146753 
0.245021 0.132313 -0.240172 0.178523 
0.327789 -0.0132314 -0.328528 0.0454421 
0.179036 -0.0493293 -0.217848 -0.0146753 
0.203234 -0.35242 0.180884 -0.330703 
0.180884 -0.330703 0.194645 -0.109054 
0.194645 -0.109054 0.217714 -0.109416 
0.217714 -0.109416 0.203234 -0.35242 
0.272013 -0.258482 0.238063 -0.242381 
0.238063 -0.242381 0.245561 -0.109852 
0.245561 -0.109852 0.279841 -0.11039 
0.279841 -0.11039 0.272013 -0.258482 
