-0.257818 -0.0379083 -0.286849 0.233114 
0.136604 -0.00152889 0.124155 0.255191 
0.315802 -0.085061 0.306466 0.331794 
-0.323665 -0.153882 -0.377875 0.302056 
-0.257818 -0.0379083 0.136604 -0.00152889 
0.136604 -0.00152889 0.315802 -0.085061 
0.315802 -0.085061 -0.323665 -0.153882 
-0.323665 -0.153882 -0.257818 -0.0379083 
-0.286849 0.233114 -0.342459 0.456244 
-0.342459 0.456244 -0.377875 0.302056 
0.124155 0.255191 0.186022 0.467944 
0.186022 0.467944 0.306466 0.331794 
-0.342459 0.456244 0.186022 0.467944 
-0.286849 0.233114 0.124155 0.255191 
-0.377875 0.302056 0.306466 0.331794 
-0.289016 -0.0928555 -0.304304 -0.119782 
-0.304304 -0.119782 -0.339427 0.184595 
-0.339427 0.184595 -0.319674 0.179303 
-0.319674 0.179303 -0.289016 -0.0928555 
-0.27841 0.0574246 -0.289984 0.0497895 
-0.289984 0.0497895 -0.303818 0.175055 
-0.303818 0.175055 -0.29081 0.17157 
-0.29081 0.17157 -0.27841 0.0574246 
