0.135351 -0.418426 0.140782 -0.128278 
0.619787 -0.564909 0.592436 -0.118874 
0.125153 -0.781148 0.139308 -0.0462161 
-0.295362 -0.480608 -0.26018 -0.0909178 
0.135351 -0.418426 0.619787 -0.564909 
0.619787 -0.564909 0.125153 -0.781148 
0.125153 -0.781148 -0.295362 -0.480608 
-0.295362 -0.480608 0.135351 -0.418426 
0.140782 -0.128278 -0.023267 0.0519554 
-0.023267 0.0519554 -0.26018 -0.0909178 
0.592436 -0.118874 0.409658 0.168588 
0.409658 0.168588 0.139308 -0.0462161 
-0.023267 0.0519554 0.409658 0.168588 
0.140782 -0.128278 0.592436 -0.118874 
-0.26018 -0.0909178 0.139308 -0.0462161 
-0.0911806 -0.45113 -0.186557 -0.4649 
-0.186557 -0.4649 -0.165974 -0.18039 
-0.165974 -0.18039 -0.0760763 -0.184009 
-0.0760763 -0.184009 -0.0911806 -0.45113 
0.0717778 -0.306687 -0.00142473 -0.310378 
-0.00142473 -0.310378 0.00381169 -0.187225 
0.00381169 -0.187225 0.0752739 -0.190102 
0.0752739 -0.190102 0.0717778 -0.306687 
