-0.667852 -0.561358 -0.604292 -0.100924 
-0.169505 -0.434804 -0.154633 -0.139416 
0.269864 -0.525232 0.258309 -0.130754 
-0.140585 -0.82037 -0.108694 -0.0631107 
-0.667852 -0.561358 -0.169505 -0.434804 
-0.169505 -0.434804 0.269864 -0.525232 
0.269864 -0.525232 -0.140585 -0.82037 
-0.140585 -0.82037 -0.667852 -0.561358 
-0.604292 -0.100924 -0.38505 0.176962 
-0.38505 0.176962 -0.108694 -0.0631107 
-0.154633 -0.139416 0.0264754 0.0296545 
0.0264754 0.0296545 0.258309 -0.130754 
-0.38505 0.176962 0.0264754 0.0296545 
-0.604292 -0.100924 -0.154633 -0.139416 
-0.108694 -0.0631107 0.258309 -0.130754 
-0.417315 -0.68443 -0.295016 -0.744508 
-0.295016 -0.744508 -0.258268 -0.214399 
-0.258268 -0.214399 -0.373951 -0.209878 
-0.373951 -0.209878 -0.417315 -0.68443 
-0.573328 -0.392101 -0.492098 -0.412477 
-0.492098 -0.412477 -0.46948 -0.206145 
-0.46948 -0.206145 -0.549699 -0.20301 
-0.549699 -0.20301 -0.573328 -0.392101 
