-0.718714 -0.547234 -0.635606 -0.0227719 
-0.236111 -0.382253 -0.205057 -0.0793227 
0.236913 -0.478162 0.253216 -0.107713 
0.0466899 -0.821999 0.0960198 -0.0557154 
-0.718714 -0.547234 -0.236111 -0.382253 
-0.236111 -0.382253 0.236913 -0.478162 
0.236913 -0.478162 0.0466899 -0.821999 
0.0466899 -0.821999 -0.718714 -0.547234 
-0.635606 -0.0227719 -0.296916 0.262274 
-0.296916 0.262274 0.0960198 -0.0557154 
-0.205057 -0.0793227 0.0152313 0.0763154 
0.0152313 0.0763154 0.253216 -0.107713 
-0.296916 0.262274 0.0152313 0.0763154 
-0.635606 -0.0227719 -0.205057 -0.0793227 
0.0960198 -0.0557154 0.253216 -0.107713 
-0.330176 -0.686712 -0.157458 -0.748714 
-0.157458 -0.748714 -0.108563 -0.198569 
-0.108563 -0.198569 -0.274479 -0.180093 
-0.274479 -0.180093 -0.330176 -0.686712 
-0.574081 -0.362965 -0.447238 -0.392102 
-0.447238 -0.392102 -0.418001 -0.164111 
-0.418001 -0.164111 -0.543376 -0.150149 
-0.543376 -0.150149 -0.574081 -0.362965 
