0 0 0 1 -0.0190773 -0.0721339 
0 0 6.5 1 0.00364275 0.179442 
10 0 0 1 0.389024 -0.140794 
10 0 6.5 1 0.426735 0.160635 
10 10 0 1 0.317358 -0.267105 
10 10 6.5 1 0.379701 0.250841 
0 10 0 1 -0.287254 -0.130187 
0 10 6.5 1 -0.260886 0.256176 
0 5 10 1 -0.0864469 0.380224 
10 5 10 1 0.436137 0.409111 
0 6 0 1 -0.152005 -0.100909 
0 8 0 1 -0.21319 -0.114154 
0 8 5 1 -0.193363 0.152483 
0 6 5 1 -0.13269 0.142344 
0 2 2.5 1 -0.0478755 0.0222854 
0 4 2.5 1 -0.0913431 0.0210012 
0 4 5 1 -0.0819054 0.133858 
0 2 5 1 -0.038773 0.12665 
0.5 0.5 -0.5 1 -0.0124108 -0.0964333 
0.5 0.5 6 1 0.0110233 0.160936 
10.5 0.5 -0.5 1 0.40916 -0.172132 
10.5 0.5 6 1 0.448543 0.137646 
10.5 10.5 -0.5 1 0.348737 -0.328224 
10.5 10.5 6 1 0.415902 0.214875 
0.5 10.5 -0.5 1 -0.287138 -0.169965 
0.5 10.5 6 1 -0.25973 0.230236 
0.5 5.5 9.5 1 -0.0801119 0.363559 
10.5 5.5 9.5 1 0.464927 0.389003 
0.5 6.5 -0.5 1 -0.147691 -0.132642 
0.5 8.5 -0.5 1 -0.210548 -0.149465 
0.5 8.5 4.5 1 -0.189964 0.125701 
0.5 6.5 4.5 1 -0.127671 0.117691 
0.5 2.5 2 1 -0.0414074 -0.00157228 
0.5 4.5 2 1 -0.0855938 -0.00487516 
0.5 4.5 4.5 1 -0.0758254 0.111025 
0.5 2.5 4.5 1 -0.0320024 0.10539 
