0 0 0 1 0.256681 -0.0598868 
0 0 6.5 1 0.254881 0.309675 
10 0 0 1 -0.151817 -0.256994 
10 0 6.5 1 -0.203121 0.38364 
10 10 0 1 -0.55327 -0.11947 
10 10 6.5 1 -0.612683 0.276515 
0 10 0 1 -0.125109 -0.0153953 
0 10 6.5 1 -0.144727 0.257141 
0 5 10 1 0.0161289 0.46309 
10 5 10 1 -0.495815 0.618009 
0 6 0 1 0.00146913 -0.0301459 
0 8 0 1 -0.0652359 -0.0223725 
0 8 5 1 -0.0786921 0.19633 
0 6 5 1 -0.0100645 0.201226 
0 2 2.5 1 0.157859 0.0791896 
0 4 2.5 1 0.0718324 0.0813331 
0 4 5 1 0.0672276 0.20674 
0 2 5 1 0.154936 0.212997 
0.5 0.5 -0.5 1 0.219267 -0.0892983 
0.5 0.5 6 1 0.215021 0.277892 
10.5 0.5 -0.5 1 -0.215041 -0.306936 
10.5 0.5 6 1 -0.273658 0.326444 
10.5 10.5 -0.5 1 -0.592589 -0.151084 
10.5 10.5 6 1 -0.654709 0.242143 
0.5 10.5 -0.5 1 -0.15263 -0.0373202 
0.5 10.5 6 1 -0.173548 0.233925 
0.5 5.5 9.5 1 -0.0183443 0.435241 
10.5 5.5 9.5 1 -0.551056 0.572408 
0.5 6.5 -0.5 1 -0.0293076 -0.0545564 
0.5 8.5 -0.5 1 -0.0942937 -0.0454736 
0.5 8.5 4.5 1 -0.108856 0.172138 
0.5 6.5 4.5 1 -0.0420845 0.175594 
0.5 2.5 2 1 0.122168 0.0508972 
0.5 4.5 2 1 0.0384316 0.0547848 
0.5 4.5 4.5 1 0.033108 0.179486 
0.5 2.5 4.5 1 0.118422 0.183901 
