0.255477 -0.203047 0.295189 0.17007 
-0.332946 -0.293309 -0.327276 0.221774 
-0.418431 -0.0983781 -0.419351 0.209029 
-0.00827463 -0.0731224 0.00732783 0.177426 
0.255477 -0.203047 -0.332946 -0.293309 
-0.332946 -0.293309 -0.418431 -0.0983781 
-0.418431 -0.0983781 -0.00827463 -0.0731224 
-0.00827463 -0.0731224 0.255477 -0.203047 
0.295189 0.17007 0.135387 0.348194 
0.135387 0.348194 0.00732783 0.177426 
-0.327276 0.221774 -0.385128 0.441553 
-0.385128 0.441553 -0.419351 0.209029 
0.135387 0.348194 -0.385128 0.441553 
0.295189 0.17007 -0.327276 0.221774 
0.00732783 0.177426 -0.419351 0.209029 
0.0732229 -0.113268 0.0296016 -0.0917803 
0.0296016 -0.0917803 0.0435943 0.112485 
0.0435943 0.112485 0.0898474 0.106278 
0.0898474 0.106278 0.0732229 -0.113268 
0.195782 -0.0413241 0.133805 -0.0218557 
0.133805 -0.0218557 0.143981 0.099013 
0.143981 0.099013 0.208198 0.0903948 
0.208198 0.0903948 0.195782 -0.0413241 
