0.0589155 -0.342274 0.0806627 -0.0744015 
0.505642 -0.475003 0.520767 -0.104523 
0.224149 -0.695752 0.265199 -0.0583656 
-0.307546 -0.417286 -0.26408 -0.0331021 
0.0589155 -0.342274 0.505642 -0.475003 
0.505642 -0.475003 0.224149 -0.695752 
0.224149 -0.695752 -0.307546 -0.417286 
-0.307546 -0.417286 0.0589155 -0.342274 
0.0806627 -0.0744015 -0.0461682 0.105361 
-0.0461682 0.105361 -0.26408 -0.0331021 
0.520767 -0.104523 0.43741 0.149378 
0.43741 0.149378 0.265199 -0.0583656 
-0.0461682 0.105361 0.43741 0.149378 
0.0806627 -0.0744015 0.520767 -0.104523 
-0.26408 -0.0331021 0.265199 -0.0583656 
-0.128078 -0.38055 -0.210559 -0.397434 
-0.210559 -0.397434 -0.181876 -0.123537 
-0.181876 -0.123537 -0.103351 -0.127054 
-0.103351 -0.127054 -0.128078 -0.38055 
0.0142683 -0.241962 -0.0461836 -0.246802 
-0.0461836 -0.246802 -0.0355228 -0.130092 
-0.0355228 -0.130092 0.0236545 -0.132742 
0.0236545 -0.132742 0.0142683 -0.241962 
