-0.451443 -0.365616 -0.443199 0.271105 
-0.252769 -0.120078 -0.239782 0.204252 
0.230851 -0.14896 0.264679 0.165695 
0.477422 -0.408928 0.565752 0.191355 
-0.451443 -0.365616 -0.252769 -0.120078 
-0.252769 -0.120078 0.230851 -0.14896 
0.230851 -0.14896 0.477422 -0.408928 
0.477422 -0.408928 -0.451443 -0.365616 
-0.443199 0.271105 0.105569 0.610766 
0.105569 0.610766 0.565752 0.191355 
-0.239782 0.204252 0.0294046 0.368743 
0.0294046 0.368743 0.264679 0.165695 
0.105569 0.610766 0.0294046 0.368743 
-0.443199 0.271105 -0.239782 0.204252 
0.565752 0.191355 0.264679 0.165695 
0.11661 -0.392103 0.298737 -0.400596 
0.298737 -0.400596 0.354229 0.0572581 
0.354229 0.0572581 0.160523 0.07102 
0.160523 0.07102 0.11661 -0.392103 
-0.249044 -0.14541 -0.0536509 -0.156826 
-0.0536509 -0.156826 -0.0372044 0.0850676 
-0.0372044 0.0850676 -0.239079 0.0994098 
-0.239079 0.0994098 -0.249044 -0.14541 
