0.292595 -0.322522 0.254761 0.0201287 
0.440758 -0.551218 0.352235 0.156697 
-0.572614 -0.565795 -0.575328 0.0513391 
-0.216892 -0.346439 -0.232223 -0.0265191 
0.292595 -0.322522 0.440758 -0.551218 
0.440758 -0.551218 -0.572614 -0.565795 
-0.572614 -0.565795 -0.216892 -0.346439 
-0.216892 -0.346439 0.292595 -0.322522 
0.254761 0.0201287 -0.0104842 0.163298 
-0.0104842 0.163298 -0.232223 -0.0265191 
0.352235 0.156697 -0.162599 0.414327 
-0.162599 0.414327 -0.575328 0.0513391 
-0.0104842 0.163298 -0.162599 0.414327 
0.254761 0.0201287 0.352235 0.156697 
-0.232223 -0.0265191 -0.575328 0.0513391 
-0.022145 -0.337297 -0.120939 -0.341935 
-0.120939 -0.341935 -0.135956 -0.0902335 
-0.135956 -0.0902335 -0.0404573 -0.0821315 
-0.0404573 -0.0821315 -0.022145 -0.337297 
0.171532 -0.194264 0.068543 -0.201078 
0.068543 -0.201078 0.0578197 -0.0737938 
0.0578197 -0.0737938 0.158998 -0.0652099 
0.158998 -0.0652099 0.171532 -0.194264 
