-0.566459 -0.28565 -0.528475 0.326566 
-0.251351 -0.123199 -0.225847 0.192377 
0.237039 -0.178628 0.273531 0.149357 
0.384875 -0.410299 0.465574 0.250408 
-0.566459 -0.28565 -0.251351 -0.123199 
-0.251351 -0.123199 0.237039 -0.178628 
0.237039 -0.178628 0.384875 -0.410299 
0.384875 -0.410299 -0.566459 -0.28565 
-0.528475 0.326566 -0.0193181 0.653639 
-0.0193181 0.653639 0.465574 0.250408 
-0.225847 0.192377 0.0356879 0.349863 
0.0356879 0.349863 0.273531 0.149357 
-0.0193181 0.653639 0.0356879 0.349863 
-0.528475 0.326566 -0.225847 0.192377 
0.465574 0.250408 0.273531 0.149357 
-0.0142464 -0.358004 0.182011 -0.383719 
0.182011 -0.383719 0.23616 0.111941 
0.23616 0.111941 0.0330108 0.130123 
0.0330108 0.130123 -0.0142464 -0.358004 
-0.371099 -0.0755877 -0.184126 -0.0962547 
-0.184126 -0.0962547 -0.163434 0.147705 
-0.163434 0.147705 -0.353501 0.164717 
-0.353501 0.164717 -0.371099 -0.0755877 
