-0.293378 -0.111729 -0.325835 0.164118 
0.102965 -0.0603068 0.0835041 0.191131 
0.312949 -0.141132 0.290107 0.26072 
-0.320068 -0.241484 -0.377142 0.226571 
-0.293378 -0.111729 0.102965 -0.0603068 
0.102965 -0.0603068 0.312949 -0.141132 
0.312949 -0.141132 -0.320068 -0.241484 
-0.320068 -0.241484 -0.293378 -0.111729 
-0.325835 0.164118 -0.368217 0.384276 
-0.368217 0.384276 -0.377142 0.226571 
0.0835041 0.191131 0.150488 0.392432 
0.150488 0.392432 0.290107 0.26072 
-0.368217 0.384276 0.150488 0.392432 
-0.325835 0.164118 0.0835041 0.191131 
-0.377142 0.226571 0.290107 0.26072 
-0.305942 -0.17281 -0.312152 -0.203002 
-0.312152 -0.203002 -0.349917 0.109985 
-0.349917 0.109985 -0.339348 0.106363 
-0.339348 0.106363 -0.305942 -0.17281 
-0.310237 -0.0150078 -0.315725 -0.0240953 
-0.315725 -0.0240953 -0.330888 0.103464 
-0.330888 0.103464 -0.323961 0.10109 
-0.323961 0.10109 -0.310237 -0.0150078 
