0 0 0 1 -0.329684 -0.233 
0 0 6.5 1 -0.361595 0.0527563 
10 0 0 1 0.0721215 -0.162553 
10 0 6.5 1 0.0480803 0.0863759 
10 10 0 1 0.317362 -0.254874 
10 10 6.5 1 0.283085 0.135344 
0 10 0 1 -0.306704 -0.398825 
0 10 6.5 1 -0.361232 0.090182 
0 5 10 1 -0.383589 0.26476 
10 5 10 1 0.123902 0.271918 
0 6 0 1 -0.318942 -0.310514 
0 8 0 1 -0.313583 -0.349186 
0 8 5 1 -0.350186 -0.0210765 
0 6 5 1 -0.351516 -0.0186218 
0 2 2.5 1 -0.34004 -0.135136 
0 4 2.5 1 -0.337836 -0.148734 
0 4 5 1 -0.352579 -0.0166603 
0 2 5 1 -0.353447 -0.0150568 
0.5 0.5 -0.5 1 -0.303161 -0.255839 
0.5 0.5 6 1 -0.335196 0.0333195 
10.5 0.5 -0.5 1 0.0995677 -0.18162 
10.5 0.5 6 1 0.0755149 0.0698884 
10.5 10.5 -0.5 1 0.364813 -0.286489 
10.5 10.5 6 1 0.330632 0.110103 
0.5 10.5 -0.5 1 -0.260468 -0.44182 
0.5 10.5 6 1 -0.315346 0.0572343 
0.5 5.5 9.5 1 -0.350188 0.243364 
10.5 5.5 9.5 1 0.158771 0.254118 
0.5 6.5 -0.5 1 -0.2833 -0.342359 
0.5 8.5 -0.5 1 -0.273329 -0.385796 
0.5 8.5 4.5 1 -0.310137 -0.051823 
0.5 6.5 4.5 1 -0.316038 -0.0458347 
0.5 2.5 2 1 -0.311099 -0.158826 
0.5 4.5 2 1 -0.305924 -0.175036 
0.5 4.5 4.5 1 -0.320735 -0.0410679 
0.5 2.5 4.5 1 -0.324563 -0.0371833 
