0.207051 -0.390225 0.191548 -0.0877837 
0.695035 -0.518107 0.624748 -0.0117306 
-0.02961 -0.69515 -0.0347466 0.0592365 
-0.266384 -0.444493 -0.252648 -0.0683512 
0.207051 -0.390225 0.695035 -0.518107 
0.695035 -0.518107 -0.02961 -0.69515 
-0.02961 -0.69515 -0.266384 -0.444493 
-0.266384 -0.444493 0.207051 -0.390225 
0.191548 -0.0877837 -0.00949767 0.0847624 
-0.00949767 0.0847624 -0.252648 -0.0683512 
0.624748 -0.0117306 0.331416 0.291995 
0.331416 0.291995 -0.0347466 0.0592365 
-0.00949767 0.0847624 0.331416 0.291995 
0.191548 -0.0877837 0.624748 -0.0117306 
-0.252648 -0.0683512 -0.0347466 0.0592365 
-0.0513298 -0.419842 -0.153766 -0.431584 
-0.153766 -0.431584 -0.14934 -0.151408 
-0.14934 -0.151408 -0.0521684 -0.152285 
-0.0521684 -0.152285 -0.0513298 -0.419842 
0.123482 -0.27369 0.0395582 -0.277988 
0.0395582 -0.277988 0.0369976 -0.153089 
0.0369976 -0.153089 0.119108 -0.15383 
0.119108 -0.15383 0.123482 -0.27369 
