0.261379 -0.126529 0.249031 0.232213 
-0.0752409 -0.376109 -0.130804 0.267386 
-0.563987 -0.229674 -0.628342 0.181768 
-0.141538 -0.0878479 -0.166738 0.185128 
0.261379 -0.126529 -0.0752409 -0.376109 
-0.0752409 -0.376109 -0.563987 -0.229674 
-0.563987 -0.229674 -0.141538 -0.0878479 
-0.141538 -0.0878479 0.261379 -0.126529 
0.249031 0.232213 0.000326412 0.384142 
0.000326412 0.384142 -0.166738 0.185128 
-0.130804 0.267386 -0.47597 0.517249 
-0.47597 0.517249 -0.628342 0.181768 
0.000326412 0.384142 -0.47597 0.517249 
0.249031 0.232213 -0.130804 0.267386 
-0.166738 0.185128 -0.628342 0.181768 
-0.00534785 -0.100922 -0.0767878 -0.094064 
-0.0767878 -0.094064 -0.0949303 0.124375 
-0.0949303 0.124375 -0.0220868 0.128948 
-0.0220868 0.128948 -0.00534785 -0.100922 
0.156085 0.00901949 0.0665514 0.0106641 
0.0665514 0.0106641 0.0589709 0.134037 
0.0589709 0.134037 0.149715 0.139733 
0.149715 0.139733 0.156085 0.00901949 
