0.382501 -0.684207 0.354483 -0.155747 
-0.343653 -0.602275 -0.309495 -0.151723 
-0.118396 -0.444264 -0.108393 -0.171264 
0.313854 -0.475206 0.301112 -0.175429 
0.382501 -0.684207 -0.343653 -0.602275 
-0.343653 -0.602275 -0.118396 -0.444264 
-0.118396 -0.444264 0.313854 -0.475206 
0.313854 -0.475206 0.382501 -0.684207 
0.354483 -0.155747 0.312314 0.0167899 
0.312314 0.0167899 0.301112 -0.175429 
-0.309495 -0.151723 -0.17704 0.00247216 
-0.17704 0.00247216 -0.108393 -0.171264 
0.312314 0.0167899 -0.17704 0.00247216 
0.354483 -0.155747 -0.309495 -0.151723 
0.301112 -0.175429 -0.108393 -0.171264 
0.332639 -0.532398 0.322351 -0.501077 
0.322351 -0.501077 0.311127 -0.245112 
0.311127 -0.245112 0.319767 -0.249257 
0.319767 -0.249257 0.332639 -0.532398 
0.352186 -0.434441 0.337616 -0.408072 
0.337616 -0.408072 0.330324 -0.254322 
0.330324 -0.254322 0.343518 -0.260652 
0.343518 -0.260652 0.352186 -0.434441 
