0 0 0 1 -0.364762 -0.397981 
0 0 6.5 1 -0.370998 0.244052 
10 0 0 1 -0.25081 -0.118783 
10 0 6.5 1 -0.247302 0.210201 
10 10 0 1 0.225849 -0.125332 
10 10 6.5 1 0.254715 0.181715 
0 10 0 1 0.522116 -0.378116 
0 10 6.5 1 0.608041 0.185119 
0 5 10 1 0.180567 0.593807 
10 5 10 1 0.0222048 0.381566 
0 6 0 1 0.192826 -0.385492 
0 8 0 1 0.361318 -0.381717 
0 8 5 1 0.414746 0.0518652 
0 6 5 1 0.233917 0.0590015 
0 2 2.5 1 -0.163702 -0.169217 
0 4 2.5 1 0.0292295 -0.170612 
0 4 5 1 0.0434839 0.0665169 
0 2 5 1 -0.157341 0.0744424 
0.5 0.5 -0.5 1 -0.306788 -0.413021 
0.5 0.5 6 1 -0.306229 0.185997 
10.5 0.5 -0.5 1 -0.223578 -0.135344 
10.5 0.5 6 1 -0.21867 0.182037 
10.5 10.5 -0.5 1 0.237659 -0.140703 
10.5 10.5 6 1 0.266263 0.156208 
0.5 10.5 -0.5 1 0.527931 -0.392555 
0.5 10.5 6 1 0.609543 0.137305 
0.5 5.5 9.5 1 0.209575 0.513863 
10.5 5.5 9.5 1 0.0420059 0.347973 
0.5 6.5 -0.5 1 0.216711 -0.400186 
0.5 8.5 -0.5 1 0.375765 -0.396286 
0.5 8.5 4.5 1 0.427237 0.0115614 
0.5 6.5 4.5 1 0.257242 0.0173001 
0.5 2.5 2 1 -0.116738 -0.197928 
0.5 4.5 2 1 0.0639858 -0.198554 
0.5 4.5 4.5 1 0.0787554 0.0233255 
0.5 2.5 4.5 1 -0.108874 0.0296596 
