-0.649921 -0.332337 -0.585104 0.232002 
-0.248578 -0.200663 -0.216484 0.1043 
0.235139 -0.271857 0.266802 0.0684751 
0.251147 -0.51012 0.315493 0.188598 
-0.649921 -0.332337 -0.248578 -0.200663 
-0.248578 -0.200663 0.235139 -0.271857 
0.235139 -0.271857 0.251147 -0.51012 
0.251147 -0.51012 -0.649921 -0.332337 
-0.585104 0.232002 -0.147379 0.540836 
-0.147379 0.540836 0.315493 0.188598 
-0.216484 0.1043 0.0291447 0.258442 
0.0291447 0.258442 0.266802 0.0684751 
-0.147379 0.540836 0.0291447 0.258442 
-0.585104 0.232002 -0.216484 0.1043 
0.315493 0.188598 0.266802 0.0684751 
-0.156053 -0.429779 0.0383419 -0.468133 
0.0383419 -0.468133 0.0885285 0.0468698 
0.0885285 0.0468698 -0.105641 0.062751 
-0.105641 0.062751 -0.156053 -0.429779 
-0.47312 -0.134456 -0.308963 -0.15725 
-0.308963 -0.15725 -0.283896 0.0773307 
-0.283896 0.0773307 -0.448118 0.0907625 
-0.448118 0.0907625 -0.47312 -0.134456 
