0 0 0 1 -0.662029 -0.554232 
0 0 6.5 1 -0.600499 -0.0982494 
10 0 0 1 -0.16504 -0.431345 
10 0 6.5 1 -0.151286 -0.137008 
10 10 0 1 0.271595 -0.519693 
10 10 6.5 1 0.258617 -0.125305 
0 10 0 1 -0.147564 -0.806441 
0 10 6.5 1 -0.116953 -0.0546676 
0 5 10 1 -0.387159 0.179586 
10 5 10 1 0.027558 0.0329362 
0 6 0 1 -0.418042 -0.673843 
0 8 0 1 -0.298633 -0.732381 
0 8 5 1 -0.263121 -0.206494 
0 6 5 1 -0.376068 -0.203346 
0 2 2.5 1 -0.570205 -0.385902 
0 4 2.5 1 -0.491108 -0.405236 
0 4 5 1 -0.469205 -0.20075 
0 2 5 1 -0.547324 -0.198573 
0.5 0.5 -0.5 1 -0.612988 -0.590382 
0.5 0.5 6 1 -0.55554 -0.131969 
10.5 0.5 -0.5 1 -0.134008 -0.454615 
10.5 0.5 6 1 -0.121939 -0.159244 
10.5 10.5 -0.5 1 0.312789 -0.550839 
10.5 10.5 6 1 0.296891 -0.154629 
0.5 10.5 -0.5 1 -0.0671549 -0.86598 
0.5 10.5 6 1 -0.0469652 -0.107895 
0.5 5.5 9.5 1 -0.335242 0.140063 
10.5 5.5 9.5 1 0.0597146 0.00831512 
0.5 6.5 -0.5 1 -0.354012 -0.721143 
0.5 8.5 -0.5 1 -0.227341 -0.7851 
0.5 8.5 4.5 1 -0.198401 -0.255275 
0.5 6.5 4.5 1 -0.317389 -0.247451 
0.5 2.5 2 1 -0.518954 -0.423992 
0.5 4.5 2 1 -0.435307 -0.446764 
0.5 4.5 4.5 1 -0.415536 -0.240996 
0.5 2.5 4.5 1 -0.497878 -0.235581 
