0.289094 -0.416179 0.256818 -0.0715462 
0.562706 -0.683355 0.468348 0.0281753 
-0.534822 -0.720052 -0.507632 -0.0257632 
-0.238192 -0.438284 -0.240707 -0.0976959 
0.289094 -0.416179 0.562706 -0.683355 
0.562706 -0.683355 -0.534822 -0.720052 
-0.534822 -0.720052 -0.238192 -0.438284 
-0.238192 -0.438284 0.289094 -0.416179 
0.256818 -0.0715462 -0.00232982 0.0843442 
-0.00232982 0.0843442 -0.240707 -0.0976959 
0.468348 0.0281753 -0.0413452 0.318866 
-0.0413452 0.318866 -0.507632 -0.0257632 
-0.00232982 0.0843442 -0.0413452 0.318866 
0.256818 -0.0715462 0.468348 0.0281753 
-0.240707 -0.0976959 -0.507632 -0.0257632 
-0.0293403 -0.429528 -0.134106 -0.433921 
-0.134106 -0.433921 -0.140587 -0.167894 
-0.140587 -0.167894 -0.0404014 -0.162864 
-0.0404014 -0.162864 -0.0293403 -0.429528 
0.171826 -0.283684 0.0680853 -0.288472 
0.0680853 -0.288472 0.0604108 -0.157802 
0.0604108 -0.157802 0.161856 -0.152708 
0.161856 -0.152708 0.171826 -0.283684 
