-0.698832 -0.459849 -0.620272 0.0776086 
-0.244665 -0.30899 -0.211815 -0.00685052 
0.233224 -0.394253 0.257008 -0.0383149 
0.130231 -0.692078 0.184476 0.0430614 
-0.698832 -0.459849 -0.244665 -0.30899 
-0.244665 -0.30899 0.233224 -0.394253 
0.233224 -0.394253 0.130231 -0.692078 
0.130231 -0.692078 -0.698832 -0.459849 
-0.620272 0.0776086 -0.241052 0.370865 
-0.241052 0.370865 0.184476 0.0430614 
-0.211815 -0.00685052 0.0193471 0.147109 
0.0193471 0.147109 0.257008 -0.0383149 
-0.241052 0.370865 0.0193471 0.147109 
-0.620272 0.0776086 -0.211815 -0.00685052 
0.184476 0.0430614 0.257008 -0.0383149 
-0.264553 -0.581495 -0.0805416 -0.633038 
-0.0805416 -0.633038 -0.0314687 -0.0991778 
-0.0314687 -0.0991778 -0.210687 -0.0822722 
-0.210687 -0.0822722 -0.264553 -0.581495 
-0.540035 -0.270652 -0.397396 -0.296941 
-0.397396 -0.296941 -0.369361 -0.0673044 
-0.369361 -0.0673044 -0.510832 -0.0539594 
-0.510832 -0.0539594 -0.540035 -0.270652 
