0 0 0 1 0.290405 -0.396912 
0 0 6.5 1 0.256772 -0.0529995 
10 0 0 1 0.541961 -0.652856 
10 0 6.5 1 0.448137 0.0571238 
10 10 0 1 -0.542943 -0.684891 
10 10 6.5 1 -0.52107 -0.00644912 
0 10 0 1 -0.233955 -0.419439 
0 10 6.5 1 -0.239 -0.083047 
0 5 10 1 -0.00368795 0.100251 
10 5 10 1 -0.0636662 0.341045 
0 6 0 1 -0.0276133 -0.410574 
0 8 0 1 -0.131339 -0.415031 
0 8 5 1 -0.139537 -0.151902 
0 6 5 1 -0.0401704 -0.146268 
0 2 2.5 1 0.172231 -0.265305 
0 4 2.5 1 0.068554 -0.270486 
0 4 5 1 0.0602313 -0.140575 
0 2 5 1 0.161684 -0.134822 
0.5 0.5 -0.5 1 0.271633 -0.433189 
0.5 0.5 6 1 0.238091 -0.0774623 
10.5 0.5 -0.5 1 0.517623 -0.748559 
10.5 0.5 6 1 0.421119 0.0135829 
10.5 10.5 -0.5 1 -0.632892 -0.77702 
10.5 10.5 6 1 -0.600096 -0.0512401 
0.5 10.5 -0.5 1 -0.267583 -0.455378 
0.5 10.5 6 1 -0.27094 -0.107706 
0.5 5.5 9.5 1 -0.0286973 0.0809867 
10.5 5.5 9.5 1 -0.115803 0.316204 
0.5 6.5 -0.5 1 -0.0554987 -0.44665 
0.5 8.5 -0.5 1 -0.162128 -0.451038 
0.5 8.5 4.5 1 -0.169246 -0.17895 
0.5 6.5 4.5 1 -0.0672186 -0.1733 
0.5 2.5 2 1 0.150513 -0.296722 
0.5 4.5 2 1 0.0439328 -0.301882 
0.5 4.5 4.5 1 0.0359023 -0.167589 
0.5 2.5 4.5 1 0.140134 -0.161817 
