-0.397746 -0.394953 -0.41954 -0.0776374 
0.024448 -0.298679 7.86603e-05 -0.0423308 
0.324677 -0.396296 0.280528 -0.00509 
-0.289649 -0.604601 -0.330796 -0.0511094 
-0.397746 -0.394953 0.024448 -0.298679 
0.024448 -0.298679 0.324677 -0.396296 
0.324677 -0.396296 -0.289649 -0.604601 
-0.289649 -0.604601 -0.397746 -0.394953 
-0.41954 -0.0776374 -0.401736 0.141211 
-0.401736 0.141211 -0.330796 -0.0511094 
7.86603e-05 -0.0423308 0.0949635 0.134417 
0.0949635 0.134417 0.280528 -0.00509 
-0.401736 0.141211 0.0949635 0.134417 
-0.41954 -0.0776374 7.86603e-05 -0.0423308 
-0.330796 -0.0511094 0.280528 -0.00509 
-0.347812 -0.491797 -0.322511 -0.540866 
-0.322511 -0.540866 -0.349612 -0.167757 
-0.349612 -0.167757 -0.37135 -0.161738 
-0.37135 -0.161738 -0.347812 -0.491797 
-0.393597 -0.286002 -0.378381 -0.30355 
-0.378381 -0.30355 -0.388682 -0.156939 
-0.388682 -0.156939 -0.402826 -0.153022 
-0.402826 -0.153022 -0.393597 -0.286002 
