0 0 0 1 0.0622906 -0.351521 
0 0 6.5 1 0.0834942 -0.082313 
10 0 0 1 0.511255 -0.486905 
10 0 6.5 1 0.524651 -0.11235 
10 10 0 1 0.219773 -0.711744 
10 10 6.5 1 0.259546 -0.0674883 
0 10 0 1 -0.308065 -0.427216 
0 10 6.5 1 -0.264537 -0.042163 
0 5 10 1 -0.0451807 0.0971672 
10 5 10 1 0.436719 0.142571 
0 6 0 1 -0.126929 -0.390194 
0 8 0 1 -0.210234 -0.407221 
0 8 5 1 -0.18164 -0.13238 
0 6 5 1 -0.102409 -0.135676 
0 2 2.5 1 0.0167694 -0.250706 
0 4 2.5 1 -0.0443898 -0.255682 
0 4 5 1 -0.0338828 -0.138528 
0 2 5 1 0.0259698 -0.141018 
0.5 0.5 -0.5 1 0.0639542 -0.381211 
0.5 0.5 6 1 0.0857779 -0.102795 
10.5 0.5 -0.5 1 0.53387 -0.534728 
10.5 0.5 6 1 0.547022 -0.142126 
10.5 10.5 -0.5 1 0.236653 -0.815309 
10.5 10.5 6 1 0.278359 -0.1158 
0.5 10.5 -0.5 1 -0.322983 -0.473999 
0.5 10.5 6 1 -0.27693 -0.0698283 
0.5 5.5 9.5 1 -0.0472056 0.0799174 
10.5 5.5 9.5 1 0.459681 0.119439 
0.5 6.5 -0.5 1 -0.132372 -0.428291 
0.5 8.5 -0.5 1 -0.219707 -0.449234 
0.5 8.5 4.5 1 -0.189664 -0.161784 
0.5 6.5 4.5 1 -0.10677 -0.162995 
0.5 2.5 2 1 0.0169804 -0.278614 
0.5 4.5 2 1 -0.0463856 -0.285747 
0.5 4.5 4.5 1 -0.0354782 -0.164037 
0.5 2.5 4.5 1 0.0264872 -0.164942 
