0.0135304 -0.164125 0.0389843 0.0891101 
0.432566 -0.252366 0.466374 0.0679347 
0.288965 -0.39642 0.34626 0.154302 
-0.291755 -0.219592 -0.255053 0.158818 
0.0135304 -0.164125 0.432566 -0.252366 
0.432566 -0.252366 0.288965 -0.39642 
0.288965 -0.39642 -0.291755 -0.219592 
-0.291755 -0.219592 0.0135304 -0.164125 
0.0389843 0.0891101 -0.0625732 0.281325 
-0.0625732 0.281325 -0.255053 0.158818 
0.466374 0.0679347 0.445319 0.31936 
0.445319 0.31936 0.34626 0.154302 
-0.0625732 0.281325 0.445319 0.31936 
0.0389843 0.0891101 0.466374 0.0679347 
-0.255053 0.158818 0.34626 0.154302 
-0.139465 -0.191923 -0.208775 -0.204515 
-0.208775 -0.204515 -0.182853 0.0601343 
-0.182853 0.0601343 -0.115487 0.0509014 
-0.115487 0.0509014 -0.139465 -0.191923 
-0.0198445 -0.0679863 -0.0695672 -0.0692322 
-0.0695672 -0.0692322 -0.0584006 0.0430775 
-0.0584006 0.0430775 -0.00940859 0.036363 
-0.00940859 0.036363 -0.0198445 -0.0679863 
