0 0 0 1 0.287334 -0.43542 
0 0 6.5 1 0.256571 -0.0900289 
10 0 0 1 0.582336 -0.714588 
10 0 6.5 1 0.48782 -0.00154433 
10 10 0 1 -0.526116 -0.756861 
10 10 6.5 1 -0.493726 -0.0461873 
0 10 0 1 -0.242637 -0.457212 
0 10 6.5 1 -0.242546 -0.11233 
0 5 10 1 -0.00113116 0.0685359 
10 5 10 1 -0.019086 0.295887 
0 6 0 1 -0.0313422 -0.448523 
0 8 0 1 -0.137105 -0.452872 
0 8 5 1 -0.141804 -0.183901 
0 6 5 1 -0.0408327 -0.179469 
0 2 2.5 1 0.171088 -0.302064 
0 4 2.5 1 0.0673346 -0.306478 
0 4 5 1 0.0603495 -0.175027 
0 2 5 1 0.161743 -0.170577 
0.5 0.5 -0.5 1 0.269694 -0.472517 
0.5 0.5 6 1 0.239075 -0.114638 
10.5 0.5 -0.5 1 0.56427 -0.814384 
10.5 0.5 6 1 0.466249 -0.0461689 
10.5 10.5 -0.5 1 -0.619192 -0.858315 
10.5 10.5 6 1 -0.573661 -0.0930011 
0.5 10.5 -0.5 1 -0.276838 -0.494786 
0.5 10.5 6 1 -0.274705 -0.137468 
0.5 5.5 9.5 1 -0.0254374 0.049311 
10.5 5.5 9.5 1 -0.0677882 0.270976 
0.5 6.5 -0.5 1 -0.0589633 -0.485909 
0.5 8.5 -0.5 1 -0.168023 -0.490352 
0.5 8.5 4.5 1 -0.171424 -0.211565 
0.5 6.5 4.5 1 -0.0674514 -0.207029 
0.5 2.5 2 1 0.150306 -0.334123 
0.5 4.5 2 1 0.0433812 -0.338637 
0.5 4.5 4.5 1 0.0367449 -0.202484 
0.5 2.5 4.5 1 0.141165 -0.197929 
