0.0925212 -0.405185 0.10801 -0.125286 
0.559649 -0.555464 0.556825 -0.14724 
0.182831 -0.796706 0.211465 -0.100421 
-0.307394 -0.480223 -0.265326 -0.0895301 
0.0925212 -0.405185 0.559649 -0.555464 
0.559649 -0.555464 0.182831 -0.796706 
0.182831 -0.796706 -0.307394 -0.480223 
-0.307394 -0.480223 0.0925212 -0.405185 
0.10801 -0.125286 -0.0360422 0.0538853 
-0.0360422 0.0538853 -0.265326 -0.0895301 
0.556825 -0.14724 0.429444 0.120114 
0.429444 0.120114 0.211465 -0.100421 
-0.0360422 0.0538853 0.429444 0.120114 
0.10801 -0.125286 0.556825 -0.14724 
-0.265326 -0.0895301 0.211465 -0.100421 
-0.114132 -0.443961 -0.203559 -0.46074 
-0.203559 -0.46074 -0.177036 -0.179137 
-0.177036 -0.179137 -0.0925004 -0.181799 
-0.0925004 -0.181799 -0.114132 -0.443961 
0.0394375 -0.299561 -0.0272956 -0.304708 
-0.0272956 -0.304708 -0.0185762 -0.184127 
-0.0185762 -0.184127 0.0466169 -0.18618 
0.0466169 -0.18618 0.0394375 -0.299561 
