0.276737 -0.284255 0.31892 0.115286 
-0.375275 -0.26893 -0.331114 0.203729 
-0.325011 -0.139583 -0.298948 0.13727 
0.0784232 -0.161596 0.103843 0.0884536 
0.276737 -0.284255 -0.375275 -0.26893 
-0.375275 -0.26893 -0.325011 -0.139583 
-0.325011 -0.139583 0.0784232 -0.161596 
0.0784232 -0.161596 0.276737 -0.284255 
0.31892 0.115286 0.203756 0.265855 
0.203756 0.265855 0.103843 0.0884536 
-0.331114 0.203729 -0.292985 0.351682 
-0.292985 0.351682 -0.298948 0.13727 
0.203756 0.265855 -0.292985 0.351682 
0.31892 0.115286 -0.331114 0.203729 
0.103843 0.0884536 -0.298948 0.13727 
0.136827 -0.197719 0.105265 -0.178198 
0.105265 -0.178198 0.126486 0.0294652 
0.126486 0.0294652 0.160054 0.0281958 
0.160054 0.0281958 0.136827 -0.197719 
0.23443 -0.112556 0.187268 -0.0974456 
0.187268 -0.0974456 0.200122 0.0266805 
0.200122 0.0266805 0.248782 0.0248404 
0.248782 0.0248404 0.23443 -0.112556 
