0.199761 -0.390991 0.186527 -0.0901293 
0.688678 -0.517027 0.622641 -0.0185296 
-0.00975802 -0.691769 -0.0131199 0.0594937 
-0.269352 -0.443773 -0.252945 -0.0664551 
0.199761 -0.390991 0.688678 -0.517027 
0.688678 -0.517027 -0.00975802 -0.691769 
-0.00975802 -0.691769 -0.269352 -0.443773 
-0.269352 -0.443773 0.199761 -0.390991 
0.186527 -0.0901293 -0.0103332 0.0839374 
-0.0103332 0.0839374 -0.252945 -0.0664551 
0.622641 -0.0185296 0.342234 0.285043 
0.342234 0.285043 -0.0131199 0.0594937 
-0.0103332 0.0839374 0.342234 0.285043 
0.186527 -0.0901293 0.622641 -0.0185296 
-0.252945 -0.0664551 -0.0131199 0.0594937 
-0.0551873 -0.419676 -0.156976 -0.431129 
-0.156976 -0.431129 -0.150611 -0.150602 
-0.150611 -0.150602 -0.0541805 -0.152277 
-0.0541805 -0.152277 -0.0551873 -0.419676 
0.118419 -0.27461 0.0356727 -0.27841 
0.0356727 -0.27841 0.0339874 -0.153808 
0.0339874 -0.153808 0.114911 -0.155214 
0.114911 -0.155214 0.118419 -0.27461 
