0.25651 -0.0279676 0.26464 0.349639 
-0.20564 -0.18955 -0.250519 0.442877 
-0.535556 -0.0542335 -0.586721 0.32806 
-0.105718 0.0245294 -0.118949 0.296153 
0.25651 -0.0279676 -0.20564 -0.18955 
-0.20564 -0.18955 -0.535556 -0.0542335 
-0.535556 -0.0542335 -0.105718 0.0245294 
-0.105718 0.0245294 0.25651 -0.0279676 
0.26464 0.349639 0.0369746 0.505131 
0.0369746 0.505131 -0.118949 0.296153 
-0.250519 0.442877 -0.494792 0.666447 
-0.494792 0.666447 -0.586721 0.32806 
0.0369746 0.505131 -0.494792 0.666447 
0.26464 0.349639 -0.250519 0.442877 
-0.118949 0.296153 -0.586721 0.32806 
0.0124642 0.00740148 -0.0500478 0.0164612 
-0.0500478 0.0164612 -0.0583547 0.235016 
-0.0583547 0.235016 0.00643881 0.239582 
0.00643881 0.239582 0.0124642 0.00740148 
0.164204 0.114764 0.0816786 0.118056 
0.0816786 0.118056 0.0801245 0.244775 
0.0801245 0.244775 0.164668 0.250733 
0.164668 0.250733 0.164204 0.114764 
