0.315554 -0.542592 0.25332 0.0673121 
-0.22381 -0.374004 -0.260334 -0.0032498 
0.117727 -0.238138 0.0913452 0.0232999 
0.567992 -0.286037 0.53044 0.0753127 
0.315554 -0.542592 -0.22381 -0.374004 
-0.22381 -0.374004 0.117727 -0.238138 
0.117727 -0.238138 0.567992 -0.286037 
0.567992 -0.286037 0.315554 -0.542592 
0.25332 0.0673121 0.402122 0.315549 
0.402122 0.315549 0.53044 0.0753127 
-0.260334 -0.0032498 -0.0706129 0.176905 
-0.0706129 0.176905 0.0913452 0.0232999 
0.402122 0.315549 -0.0706129 0.176905 
0.25332 0.0673121 -0.260334 -0.0032498 
0.53044 0.0753127 0.0913452 0.0232999 
0.496513 -0.358682 0.535423 -0.319137 
0.535423 -0.319137 0.504028 -0.0163236 
0.504028 -0.0163236 0.462155 -0.0263611 
0.462155 -0.0263611 0.496513 -0.358682 
0.369257 -0.259793 0.430215 -0.22243 
0.430215 -0.22243 0.41127 -0.0385588 
0.41127 -0.0385588 0.348113 -0.0536981 
0.348113 -0.0536981 0.369257 -0.259793 
