-0.512842 -0.445265 -0.503887 -0.0770933 
-0.056154 -0.352019 -0.0686842 -0.0814385 
0.305569 -0.415437 0.265876 -0.0244894 
-0.264082 -0.618527 -0.272597 0.0153932 
-0.512842 -0.445265 -0.056154 -0.352019 
-0.056154 -0.352019 0.305569 -0.415437 
0.305569 -0.415437 -0.264082 -0.618527 
-0.264082 -0.618527 -0.512842 -0.445265 
-0.503887 -0.0770933 -0.415172 0.181978 
-0.415172 0.181978 -0.272597 0.0153932 
-0.0686842 -0.0814385 0.0579676 0.101418 
0.0579676 0.101418 0.265876 -0.0244894 
-0.415172 0.181978 0.0579676 0.101418 
-0.503887 -0.0770933 -0.0686842 -0.0814385 
-0.272597 0.0153932 0.265876 -0.0244894 
-0.397961 -0.52528 -0.339733 -0.565836 
-0.339733 -0.565836 -0.340671 -0.131401 
-0.340671 -0.131401 -0.395404 -0.140321 
-0.395404 -0.140321 -0.397961 -0.52528 
-0.478586 -0.306322 -0.441732 -0.315633 
-0.441732 -0.315633 -0.439428 -0.147495 
-0.439428 -0.147495 -0.475606 -0.15339 
-0.475606 -0.15339 -0.478586 -0.306322 
