0.164891 -0.405568 0.162212 -0.110668 
0.654474 -0.53938 0.60944 -0.0711587 
0.0724058 -0.72731 0.0778896 0.0159602 
-0.283643 -0.459236 -0.255913 -0.0749172 
0.164891 -0.405568 0.654474 -0.53938 
0.654474 -0.53938 0.0724058 -0.72731 
0.0724058 -0.72731 -0.283643 -0.459236 
-0.283643 -0.459236 0.164891 -0.405568 
0.162212 -0.110668 -0.0160408 0.0683811 
-0.0160408 0.0683811 -0.255913 -0.0749172 
0.60944 -0.0711587 0.38513 0.226864 
0.38513 0.226864 0.0778896 0.0159602 
-0.0160408 0.0683811 0.38513 0.226864 
0.162212 -0.110668 0.60944 -0.0711587 
-0.255913 -0.0749172 0.0778896 0.0159602 
-0.0743457 -0.434193 -0.172843 -0.445979 
-0.172843 -0.445979 -0.15806 -0.162963 
-0.15806 -0.162963 -0.0651324 -0.1667 
-0.0651324 -0.1667 -0.0743457 -0.434193 
0.0936114 -0.29092 0.0161852 -0.293858 
0.0161852 -0.293858 0.0184705 -0.170062 
0.0184705 -0.170062 0.0940853 -0.173103 
0.0940853 -0.173103 0.0936114 -0.29092 
