0.352423 -0.660518 0.343848 -0.158592 
-0.370281 -0.58832 -0.324179 -0.131754 
-0.171545 -0.425466 -0.152375 -0.152897 
0.253222 -0.458043 0.252912 -0.169911 
0.352423 -0.660518 -0.370281 -0.58832 
-0.370281 -0.58832 -0.171545 -0.425466 
-0.171545 -0.425466 0.253222 -0.458043 
0.253222 -0.458043 0.352423 -0.660518 
0.343848 -0.158592 0.28552 0.0136743 
0.28552 0.0136743 0.252912 -0.169911 
-0.324179 -0.131754 -0.203904 0.0233552 
-0.203904 0.0233552 -0.152375 -0.152897 
0.28552 0.0136743 -0.203904 0.0233552 
0.343848 -0.158592 -0.324179 -0.131754 
0.252912 -0.169911 -0.152375 -0.152897 
0.280639 -0.514003 0.26565 -0.48341 
0.26565 -0.48341 0.26488 -0.238164 
0.26488 -0.238164 0.279121 -0.243254 
0.279121 -0.243254 0.280639 -0.514003 
0.320117 -0.423182 0.297737 -0.396686 
0.297737 -0.396686 0.29647 -0.249455 
0.29647 -0.249455 0.31807 -0.257175 
0.31807 -0.257175 0.320117 -0.423182 
