0.245854 -0.484897 0.192428 0.136569 
-0.225261 -0.296277 -0.265118 0.0646506 
0.137854 -0.173119 0.113989 0.091149 
0.586051 -0.234761 0.560663 0.146546 
0.245854 -0.484897 -0.225261 -0.296277 
-0.225261 -0.296277 0.137854 -0.173119 
0.137854 -0.173119 0.586051 -0.234761 
0.586051 -0.234761 0.245854 -0.484897 
0.192428 0.136569 0.402259 0.407384 
0.402259 0.407384 0.560663 0.146546 
-0.265118 0.0646506 -0.0622881 0.248458 
-0.0622881 0.248458 0.113989 0.091149 
0.402259 0.407384 -0.0622881 0.248458 
0.192428 0.136569 -0.265118 0.0646506 
0.560663 0.146546 0.113989 0.091149 
0.48733 -0.307348 0.540829 -0.268012 
0.540829 -0.268012 0.518966 0.0482507 
0.518966 0.0482507 0.462436 0.0376625 
0.462436 0.0376625 0.48733 -0.307348 
0.327639 -0.204002 0.408815 -0.166778 
0.408815 -0.166778 0.394285 0.0248977 
0.394285 0.0248977 0.310518 0.00920803 
0.310518 0.00920803 0.327639 -0.204002 
