0.329018 -0.582591 0.334763 -0.109111 
-0.380895 -0.522289 -0.32918 -0.0687502 
-0.207704 -0.37334 -0.183127 -0.103676 
0.209591 -0.405207 0.217851 -0.128598 
0.329018 -0.582591 -0.380895 -0.522289 
-0.380895 -0.522289 -0.207704 -0.37334 
-0.207704 -0.37334 0.209591 -0.405207 
0.209591 -0.405207 0.329018 -0.582591 
0.334763 -0.109111 0.2657 0.0525308 
0.2657 0.0525308 0.217851 -0.128598 
-0.32918 -0.0687502 -0.221496 0.0782243 
-0.221496 0.0782243 -0.183127 -0.103676 
0.2657 0.0525308 -0.221496 0.0782243 
0.334763 -0.109111 -0.32918 -0.0687502 
0.217851 -0.128598 -0.183127 -0.103676 
0.242995 -0.454822 0.224771 -0.427755 
0.224771 -0.427755 0.231232 -0.193308 
0.231232 -0.193308 0.249399 -0.19674 
0.249399 -0.19674 0.242995 -0.454822 
0.296026 -0.363863 0.268428 -0.341383 
0.268428 -0.341383 0.271446 -0.200905 
0.271446 -0.200905 0.298766 -0.206066 
0.298766 -0.206066 0.296026 -0.363863 
