0 0 0 1 0.279945 -0.365954 
0 0 6.5 1 0.244316 -0.0456024 
10 0 0 1 0.67905 -0.615994 
10 0 6.5 1 0.590036 0.00616176 
10 10 0 1 -0.318023 -0.801075 
10 10 6.5 1 -0.359302 -0.0721127 
0 10 0 1 -0.22431 -0.434413 
0 10 6.5 1 -0.24739 -0.0878942 
0 5 10 1 -0.00799168 0.105381 
10 5 10 1 0.115188 0.300459 
0 6 0 1 -0.0135025 -0.405793 
0 8 0 1 -0.117296 -0.419885 
0 8 5 1 -0.137374 -0.155802 
0 6 5 1 -0.0356418 -0.145914 
0 2 2.5 1 0.1719 -0.251512 
0 4 2.5 1 0.0750412 -0.262769 
0 4 5 1 0.0631413 -0.136313 
0 2 5 1 0.159102 -0.126986 
0.5 0.5 -0.5 1 0.269272 -0.401981 
0.5 0.5 6 1 0.232875 -0.0708999 
10.5 0.5 -0.5 1 0.682578 -0.70409 
10.5 0.5 6 1 0.588105 -0.0402023 
10.5 10.5 -0.5 1 -0.387257 -0.918248 
10.5 10.5 6 1 -0.426819 -0.131457 
0.5 10.5 -0.5 1 -0.252799 -0.475631 
0.5 10.5 6 1 -0.275742 -0.116535 
0.5 5.5 9.5 1 -0.0274604 0.0842161 
10.5 5.5 9.5 1 0.08396 0.270273 
0.5 6.5 -0.5 1 -0.0342363 -0.444797 
0.5 8.5 -0.5 1 -0.141793 -0.459971 
0.5 8.5 4.5 1 -0.161937 -0.1864 
0.5 6.5 4.5 1 -0.0565944 -0.175733 
0.5 2.5 2 1 0.157815 -0.284085 
0.5 4.5 2 1 0.0576713 -0.296192 
0.5 4.5 4.5 1 0.0455987 -0.165386 
0.5 2.5 4.5 1 0.144782 -0.155343 
