-0.372026 -0.35147 -0.398573 -0.0466471 
0.0418231 -0.262053 0.0166344 -0.00933334 
0.323952 -0.362145 0.281991 0.0272233 
-0.293882 -0.552873 -0.340863 -0.0243047 
-0.372026 -0.35147 0.0418231 -0.262053 
0.0418231 -0.262053 0.323952 -0.362145 
0.323952 -0.362145 -0.293882 -0.552873 
-0.293882 -0.552873 -0.372026 -0.35147 
-0.398573 -0.0466471 -0.395333 0.166103 
-0.395333 0.166103 -0.340863 -0.0243047 
0.0166344 -0.00933334 0.104526 0.167813 
0.104526 0.167813 0.281991 0.0272233 
-0.395333 0.166103 0.104526 0.167813 
-0.398573 -0.0466471 0.0166344 -0.00933334 
-0.340863 -0.0243047 0.281991 0.0272233 
-0.335794 -0.444851 -0.317525 -0.491938 
-0.317525 -0.491938 -0.348945 -0.136275 
-0.348945 -0.136275 -0.363507 -0.129661 
-0.363507 -0.129661 -0.335794 -0.444851 
-0.373437 -0.247965 -0.362782 -0.265282 
-0.362782 -0.265282 -0.375123 -0.124386 
-0.375123 -0.124386 -0.384604 -0.12008 
-0.384604 -0.12008 -0.373437 -0.247965 
