0.139668 -0.417203 0.143972 -0.126288 
0.625211 -0.562088 0.595308 -0.112737 
0.118289 -0.774115 0.131102 -0.0373151 
-0.293742 -0.477921 -0.259517 -0.0888508 
0.139668 -0.417203 0.625211 -0.562088 
0.625211 -0.562088 0.118289 -0.774115 
0.118289 -0.774115 -0.293742 -0.477921 
-0.293742 -0.477921 0.139668 -0.417203 
0.143972 -0.126288 -0.0220963 0.053918 
-0.0220963 0.053918 -0.259517 -0.0888508 
0.595308 -0.112737 0.406711 0.176531 
0.406711 0.176531 0.131102 -0.0373151 
-0.0220963 0.053918 0.406711 0.176531 
0.143972 -0.126288 0.595308 -0.112737 
-0.259517 -0.0888508 0.131102 -0.0373151 
-0.0887255 -0.449199 -0.184591 -0.46263 
-0.184591 -0.46263 -0.164773 -0.17821 
-0.164773 -0.17821 -0.0744145 -0.181913 
-0.0744145 -0.181913 -0.0887255 -0.449199 
0.0750063 -0.304959 0.00118934 -0.308494 
0.00118934 -0.308494 0.00602139 -0.18521 
0.00602139 -0.18521 0.0780844 -0.188163 
0.0780844 -0.188163 0.0750063 -0.304959 
