0 0 0 1 0.257346 -0.0745157 
0 0 6.5 1 0.252803 0.292272 
10 0 0 1 -0.134075 -0.284032 
10 0 6.5 1 -0.186666 0.35735 
10 10 0 1 -0.556766 -0.144389 
10 10 6.5 1 -0.617865 0.255215 
0 10 0 1 -0.129768 -0.0315718 
0 10 6.5 1 -0.150965 0.241001 
0 5 10 1 0.0113448 0.445312 
10 5 10 1 -0.492786 0.595598 
0 6 0 1 -0.000810528 -0.0458775 
0 8 0 1 -0.0686929 -0.0383471 
0 8 5 1 -0.08345 0.180224 
0 6 5 1 -0.0137646 0.185056 
0 2 2.5 1 0.156827 0.063604 
0 4 2.5 1 0.0698941 0.0656017 
0 4 5 1 0.0644881 0.190483 
0 2 5 1 0.152991 0.19662 
0.5 0.5 -0.5 1 0.22054 -0.104254 
0.5 0.5 6 1 0.213697 0.260619 
10.5 0.5 -0.5 1 -0.197667 -0.335439 
10.5 0.5 6 1 -0.257447 0.29994 
10.5 10.5 -0.5 1 -0.596975 -0.176971 
10.5 10.5 6 1 -0.660834 0.220321 
0.5 10.5 -0.5 1 -0.157306 -0.0538602 
0.5 10.5 6 1 -0.17977 0.217655 
0.5 5.5 9.5 1 -0.0228032 0.417625 
10.5 5.5 9.5 1 -0.548839 0.550027 
0.5 6.5 -0.5 1 -0.0314329 -0.0706481 
0.5 8.5 -0.5 1 -0.0976912 -0.0618111 
0.5 8.5 4.5 1 -0.11352 0.155865 
0.5 6.5 4.5 1 -0.0455841 0.159287 
0.5 2.5 2 1 0.121595 0.0351075 
0.5 4.5 2 1 0.0367954 0.0388208 
0.5 4.5 4.5 1 0.0307025 0.163129 
0.5 2.5 4.5 1 0.116981 0.167474 
