-0.644252 -0.3227 -0.58118 0.245115 
-0.248763 -0.191456 -0.216947 0.11413 
0.235499 -0.261453 0.267766 0.0777245 
0.262729 -0.4961 0.328303 0.199778 
-0.644252 -0.3227 -0.248763 -0.191456 
-0.248763 -0.191456 0.235499 -0.261453 
0.235499 -0.261453 0.262729 -0.4961 
0.262729 -0.4961 -0.644252 -0.3227 
-0.58118 0.245115 -0.137569 0.555573 
-0.137569 0.555573 0.328303 0.199778 
-0.216947 0.11413 0.0300678 0.268423 
0.0300678 0.268423 0.267766 0.0777245 
-0.137569 0.555573 0.0300678 0.268423 
-0.58118 0.245115 -0.216947 0.11413 
0.328303 0.199778 0.267766 0.0777245 
-0.144908 -0.418167 0.0501517 -0.455459 
0.0501517 -0.455459 0.100575 0.0581654 
0.100575 0.0581654 -0.0947942 0.0741505 
-0.0947942 0.0741505 -0.144908 -0.418167 
-0.465776 -0.123854 -0.299574 -0.14645 
-0.299574 -0.14645 -0.274834 0.0888813 
-0.274834 0.0888813 -0.441281 0.1025 
-0.441281 0.1025 -0.465776 -0.123854 
