0.260498 -0.117374 0.249401 0.242612 
-0.0855774 -0.360191 -0.140704 0.282765 
-0.56305 -0.21474 -0.627047 0.194533 
-0.139779 -0.0779453 -0.16439 0.19489 
0.260498 -0.117374 -0.0855774 -0.360191 
-0.0855774 -0.360191 -0.56305 -0.21474 
-0.56305 -0.21474 -0.139779 -0.0779453 
-0.139779 -0.0779453 0.260498 -0.117374 
0.249401 0.242612 0.00183076 0.394749 
0.00183076 0.394749 -0.16439 0.19489 
-0.140704 0.282765 -0.479486 0.530799 
-0.479486 0.530799 -0.627047 0.194533 
0.00183076 0.394749 -0.479486 0.530799 
0.249401 0.242612 -0.140704 0.282765 
-0.16439 0.19489 -0.627047 0.194533 
-0.0048116 -0.0912401 -0.0756522 -0.0842621 
-0.0756522 -0.0842621 -0.0932854 0.134137 
-0.0932854 0.134137 -0.0209704 0.138743 
-0.0209704 0.138743 -0.0048116 -0.0912401 
0.155972 0.0185691 0.0668657 0.0202825 
0.0668657 0.0202825 0.059623 0.143878 
0.059623 0.143878 0.150003 0.149635 
0.150003 0.149635 0.155972 0.0185691 
