-0.4817 -0.442945 -0.482483 -0.0881056 
-0.033659 -0.345558 -0.0505027 -0.0784771 
0.312686 -0.417395 0.269905 -0.0249997 
-0.275328 -0.629627 -0.293288 -0.0131069 
-0.4817 -0.442945 -0.033659 -0.345558 
-0.033659 -0.345558 0.312686 -0.417395 
0.312686 -0.417395 -0.275328 -0.629627 
-0.275328 -0.629627 -0.4817 -0.442945 
-0.482483 -0.0881056 -0.414962 0.160628 
-0.414962 0.160628 -0.293288 -0.0131069 
-0.0505027 -0.0784771 0.0669304 0.103383 
0.0669304 0.103383 0.269905 -0.0249997 
-0.414962 0.160628 0.0669304 0.103383 
-0.482483 -0.0881056 -0.0505027 -0.0784771 
-0.293288 -0.0131069 0.269905 -0.0249997 
-0.386627 -0.528947 -0.338286 -0.572675 
-0.338286 -0.572675 -0.347133 -0.152549 
-0.347133 -0.152549 -0.392118 -0.157346 
-0.392118 -0.157346 -0.386627 -0.528947 
-0.456849 -0.312168 -0.426571 -0.323977 
-0.426571 -0.323977 -0.428159 -0.161189 
-0.428159 -0.161189 -0.457682 -0.164337 
-0.457682 -0.164337 -0.456849 -0.312168 
