-0.0401802 -0.0471154 -0.0208124 0.204549 
0.362906 -0.108036 0.399743 0.185071 
0.323882 -0.241376 0.385494 0.259635 
-0.288762 -0.118029 -0.270045 0.272909 
-0.0401802 -0.0471154 0.362906 -0.108036 
0.362906 -0.108036 0.323882 -0.241376 
0.323882 -0.241376 -0.288762 -0.118029 
-0.288762 -0.118029 -0.0401802 -0.0471154 
-0.0208124 0.204549 -0.10649 0.405491 
-0.10649 0.405491 -0.270045 0.272909 
0.399743 0.185071 0.421107 0.425407 
0.421107 0.425407 0.385494 0.259635 
-0.10649 0.405491 0.421107 0.425407 
-0.0208124 0.204549 0.399743 0.185071 
-0.270045 0.272909 0.385494 0.259635 
-0.162784 -0.0820909 -0.21962 -0.0983045 
-0.21962 -0.0983045 -0.2046 0.169846 
-0.2046 0.169846 -0.147487 0.161976 
-0.147487 0.161976 -0.162784 -0.0820909 
-0.0674207 0.0451829 -0.107698 0.0419777 
-0.107698 0.0419777 -0.0999572 0.155425 
-0.0999572 0.155425 -0.0597845 0.149889 
-0.0597845 0.149889 -0.0674207 0.0451829 
