-0.349499 -0.295781 -0.379375 -0.0016683 
0.0574491 -0.215396 0.0323908 0.0346817 
0.321077 -0.313265 0.282464 0.0753572 
-0.299626 -0.481369 -0.35102 0.0250873 
-0.349499 -0.295781 0.0574491 -0.215396 
0.0574491 -0.215396 0.321077 -0.313265 
0.321077 -0.313265 -0.299626 -0.481369 
-0.299626 -0.481369 -0.349499 -0.295781 
-0.379375 -0.0016683 -0.389348 0.208913 
-0.389348 0.208913 -0.35102 0.0250873 
0.0323908 0.0346817 0.113895 0.214727 
0.113895 0.214727 0.282464 0.0753572 
-0.389348 0.208913 0.113895 0.214727 
-0.379375 -0.0016683 0.0323908 0.0346817 
-0.35102 0.0250873 0.282464 0.0753572 
-0.326279 -0.382186 -0.314634 -0.425521 
-0.314634 -0.425521 -0.349178 -0.0852112 
-0.349178 -0.0852112 -0.356962 -0.0799926 
-0.356962 -0.0799926 -0.326279 -0.382186 
-0.355709 -0.195918 -0.349371 -0.211765 
-0.349371 -0.211765 -0.363176 -0.0758264 
-0.363176 -0.0758264 -0.368252 -0.0724234 
-0.368252 -0.0724234 -0.355709 -0.195918 
