-0.0439005 -0.0445653 -0.0252131 0.207101 
0.358373 -0.10422 0.394866 0.187528 
0.324433 -0.239471 0.38565 0.258548 
-0.289173 -0.118289 -0.271854 0.273249 
-0.0439005 -0.0445653 0.358373 -0.10422 
0.358373 -0.10422 0.324433 -0.239471 
0.324433 -0.239471 -0.289173 -0.118289 
-0.289173 -0.118289 -0.0439005 -0.0445653 
-0.0252131 0.207101 -0.110245 0.407701 
-0.110245 0.407701 -0.271854 0.273249 
0.394866 0.187528 0.41792 0.426065 
0.41792 0.426065 0.38565 0.258548 
-0.110245 0.407701 0.41792 0.426065 
-0.0252131 0.207101 0.394866 0.187528 
-0.271854 0.273249 0.38565 0.258548 
-0.164784 -0.0809005 -0.220881 -0.0977621 
-0.220881 -0.0977621 -0.206754 0.170563 
-0.206754 0.170563 -0.15025 0.16325 
-0.15025 0.16325 -0.164784 -0.0809005 
-0.0709303 0.0472841 -0.110676 0.0436447 
-0.110676 0.0436447 -0.103268 0.15717 
-0.103268 0.15717 -0.063587 0.152034 
-0.063587 0.152034 -0.0709303 0.0472841 
