-0.322276 -0.207317 -0.354664 0.0757882 
0.0779678 -0.140859 0.0545721 0.108084 
0.315977 -0.230525 0.28369 0.161148 
-0.309687 -0.365026 -0.365131 0.118438 
-0.322276 -0.207317 0.0779678 -0.140859 
0.0779678 -0.140859 0.315977 -0.230525 
0.315977 -0.230525 -0.309687 -0.365026 
-0.309687 -0.365026 -0.322276 -0.207317 
-0.354664 0.0757882 -0.381143 0.28912 
-0.381143 0.28912 -0.365131 0.118438 
0.0545721 0.108084 0.128345 0.296442 
0.128345 0.296442 0.28369 0.161148 
-0.381143 0.28912 0.128345 0.296442 
-0.354664 0.0757882 0.0545721 0.108084 
-0.365131 0.118438 0.28369 0.161148 
-0.316382 -0.281148 -0.313448 -0.31791 
-0.313448 -0.31791 -0.350598 0.00627091 
-0.350598 0.00627091 -0.349434 0.00742946 
-0.349434 0.00742946 -0.316382 -0.281148 
-0.334124 -0.10989 -0.333523 -0.1225 
-0.333523 -0.1225 -0.348503 0.00835562 
-0.348503 0.00835562 -0.347742 0.00911293 
-0.347742 0.00911293 -0.334124 -0.10989 
