-0.0342265 -0.236207 -0.0678027 0.465547 
-0.247991 -0.0452563 -0.279029 0.314601 
0.189489 0.0123543 0.188285 0.306194 
0.61619 -0.0853854 0.653508 0.402298 
-0.0342265 -0.236207 -0.247991 -0.0452563 
-0.247991 -0.0452563 0.189489 0.0123543 
0.189489 0.0123543 0.61619 -0.0853854 
0.61619 -0.0853854 -0.0342265 -0.236207 
-0.0678027 0.465547 0.37233 0.793422 
0.37233 0.793422 0.653508 0.402298 
-0.279029 0.314601 -0.0283288 0.500871 
-0.0283288 0.500871 0.188285 0.306194 
0.37233 0.793422 -0.0283288 0.500871 
-0.0678027 0.465547 -0.279029 0.314601 
0.653508 0.402298 0.188285 0.306194 
0.408724 -0.133493 0.519018 -0.107918 
0.519018 -0.107918 0.541827 0.282691 
0.541827 0.282691 0.424417 0.283553 
0.424417 0.283553 0.408724 -0.133493 
0.133133 0.0338127 0.285375 0.0516837 
0.285375 0.0516837 0.288543 0.284552 
0.288543 0.284552 0.12948 0.28572 
0.12948 0.28572 0.133133 0.0338127 
