-0.0676508 -0.244626 -0.0993734 0.457259 
-0.248174 -0.0422752 -0.276313 0.315794 
0.19558 0.0100352 0.197889 0.306359 
0.615001 -0.100921 0.660135 0.397129 
-0.0676508 -0.244626 -0.248174 -0.0422752 
-0.248174 -0.0422752 0.19558 0.0100352 
0.19558 0.0100352 0.615001 -0.100921 
0.615001 -0.100921 -0.0676508 -0.244626 
-0.0993734 0.457259 0.363189 0.795205 
0.363189 0.795205 0.660135 0.397129 
-0.276313 0.315794 -0.0216318 0.50269 
-0.0216318 0.50269 0.197889 0.306359 
0.363189 0.795205 -0.0216318 0.50269 
-0.0993734 0.457259 -0.276313 0.315794 
0.660135 0.397129 0.197889 0.306359 
0.394173 -0.147407 0.511205 -0.122771 
0.511205 -0.122771 0.539191 0.274361 
0.539191 0.274361 0.414258 0.275104 
0.414258 0.275104 0.394173 -0.147407 
0.106634 0.0234715 0.265779 0.0405322 
0.265779 0.0405322 0.270771 0.275958 
0.270771 0.275958 0.104267 0.276949 
0.104267 0.276949 0.106634 0.0234715 
