0.255909 -0.405066 0.225954 -0.0894346 
0.723924 -0.59601 0.630746 -0.0191347 
-0.183637 -0.814278 -0.204081 -0.03654 
-0.243339 -0.476306 -0.250184 -0.108762 
0.255909 -0.405066 0.723924 -0.59601 
0.723924 -0.59601 -0.183637 -0.814278 
-0.183637 -0.814278 -0.243339 -0.476306 
-0.243339 -0.476306 0.255909 -0.405066 
0.225954 -0.0894346 -0.00532807 0.0703588 
-0.00532807 0.0703588 -0.250184 -0.108762 
0.630746 -0.0191347 0.237244 0.279544 
0.237244 0.279544 -0.204081 -0.03654 
-0.00532807 0.0703588 0.237244 0.279544 
0.225954 -0.0894346 0.630746 -0.0191347 
-0.250184 -0.108762 -0.204081 -0.03654 
-0.0255282 -0.445226 -0.131038 -0.460282 
-0.131038 -0.460282 -0.140917 -0.183119 
-0.140917 -0.183119 -0.0394108 -0.176713 
-0.0394108 -0.176713 -0.0255282 -0.445226 
0.156975 -0.288846 0.0649061 -0.298236 
0.0649061 -0.298236 0.0563734 -0.170669 
0.0563734 -0.170669 0.146906 -0.164956 
0.146906 -0.164956 0.156975 -0.288846 
