-0.59472 -0.281241 -0.547642 0.316823 
-0.250361 -0.13686 -0.222138 0.17518 
0.237353 -0.197613 0.273109 0.133899 
0.348153 -0.42293 0.424079 0.251004 
-0.59472 -0.281241 -0.250361 -0.13686 
-0.250361 -0.13686 0.237353 -0.197613 
0.237353 -0.197613 0.348153 -0.42293 
0.348153 -0.42293 -0.59472 -0.281241 
-0.547642 0.316823 -0.0585607 0.639153 
-0.0585607 0.639153 0.424079 0.251004 
-0.222138 0.17518 0.0351435 0.331329 
0.0351435 0.331329 0.273109 0.133899 
-0.0585607 0.639153 0.0351435 0.331329 
-0.547642 0.316823 -0.222138 0.17518 
0.424079 0.251004 0.273109 0.133899 
-0.0568449 -0.36207 0.140544 -0.391732 
0.140544 -0.391732 0.193425 0.111142 
0.193425 0.111142 -0.00872724 0.128728 
-0.00872724 0.128728 -0.0568449 -0.36207 
-0.404137 -0.0746945 -0.223061 -0.0962083 
-0.223061 -0.0962083 -0.201003 0.145455 
-0.201003 0.145455 -0.384107 0.161384 
-0.384107 0.161384 -0.404137 -0.0746945 
