0.10507 -0.415009 0.117828 -0.13153 
0.578407 -0.566881 0.56856 -0.146452 
0.167353 -0.805345 0.191557 -0.0935145 
-0.304868 -0.487099 -0.264297 -0.0956087 
0.10507 -0.415009 0.578407 -0.566881 
0.578407 -0.566881 0.167353 -0.805345 
0.167353 -0.805345 -0.304868 -0.487099 
-0.304868 -0.487099 0.10507 -0.415009 
0.117828 -0.13153 -0.0321737 0.0480485 
-0.0321737 0.0480485 -0.264297 -0.0956087 
0.56856 -0.146452 0.425173 0.126926 
0.425173 0.126926 0.191557 -0.0935145 
-0.0321737 0.0480485 0.425173 0.126926 
0.117828 -0.13153 0.56856 -0.146452 
-0.264297 -0.0956087 0.191557 -0.0935145 
-0.107804 -0.452444 -0.19923 -0.468522 
-0.19923 -0.468522 -0.174122 -0.185266 
-0.174122 -0.185266 -0.0878203 -0.188127 
-0.0878203 -0.188127 -0.107804 -0.452444 
0.048933 -0.307427 -0.0198084 -0.312248 
-0.0198084 -0.312248 -0.0120062 -0.19064 
-0.0120062 -0.19064 0.0551229 -0.192866 
0.0551229 -0.192866 0.048933 -0.307427 
