0.279646 -0.293101 0.244944 0.0275516 
0.611705 -0.535827 0.535568 0.0976698 
-0.389872 -0.670887 -0.444481 0.00675205 
-0.220619 -0.351314 -0.249888 -0.019723 
0.279646 -0.293101 0.611705 -0.535827 
0.611705 -0.535827 -0.389872 -0.670887 
-0.389872 -0.670887 -0.220619 -0.351314 
-0.220619 -0.351314 0.279646 -0.293101 
0.244944 0.0275516 -0.0155412 0.176389 
-0.0155412 0.176389 -0.249888 -0.019723 
0.535568 0.0976698 0.0265315 0.392552 
0.0265315 0.392552 -0.444481 0.00675205 
-0.0155412 0.176389 0.0265315 0.392552 
0.244944 0.0275516 0.535568 0.0976698 
-0.249888 -0.019723 -0.444481 0.00675205 
-0.0167004 -0.327585 -0.118008 -0.339373 
-0.118008 -0.339373 -0.141476 -0.0852708 
-0.141476 -0.0852708 -0.0410288 -0.0751972 
-0.0410288 -0.0751972 -0.0167004 -0.327585 
0.169049 -0.179323 0.0706832 -0.189974 
0.0706832 -0.189974 0.0581629 -0.0652495 
0.0581629 -0.0652495 0.156123 -0.0554253 
0.156123 -0.0554253 0.169049 -0.179323 
