0.258117 -0.0675128 0.283554 0.311254 
-0.274947 -0.196399 -0.299605 0.386266 
-0.484322 -0.035126 -0.513274 0.312738 
-0.0616251 0.0165809 -0.0610671 0.279908 
0.258117 -0.0675128 -0.274947 -0.196399 
-0.274947 -0.196399 -0.484322 -0.035126 
-0.484322 -0.035126 -0.0616251 0.0165809 
-0.0616251 0.0165809 0.258117 -0.0675128 
0.283554 0.311254 0.0841169 0.476567 
0.0841169 0.476567 -0.0610671 0.279908 
-0.299605 0.386266 -0.453323 0.607967 
-0.453323 0.607967 -0.513274 0.312738 
0.0841169 0.476567 -0.453323 0.607967 
0.283554 0.311254 -0.299605 0.386266 
-0.0610671 0.279908 -0.513274 0.312738 
0.0400476 -0.0101595 -0.014041 0.00406605 
-0.014041 0.00406605 -0.0115582 0.21701 
-0.0115582 0.21701 0.0451806 0.217354 
0.0451806 0.217354 0.0400476 -0.0101595 
0.180312 0.0829988 0.10626 0.0927051 
0.10626 0.0927051 0.110654 0.21775 
0.110654 0.21775 0.187048 0.218213 
0.187048 0.218213 0.180312 0.0829988 
