0 0 0 1 0.32604 -0.5688 
0 0 6.5 1 0.333681 -0.0994435 
10 0 0 1 -0.381657 -0.510069 
10 0 6.5 1 -0.329414 -0.05717 
10 10 0 1 -0.212409 -0.363939 
10 10 6.5 1 -0.18721 -0.0947281 
0 10 0 1 0.203819 -0.39569 
0 10 6.5 1 0.21318 -0.120731 
0 5 10 1 0.263119 0.0603075 
10 5 10 1 -0.223733 0.0882427 
0 6 0 1 0.238068 -0.444199 
0 8 0 1 0.21939 -0.417743 
0 8 5 1 0.22678 -0.184854 
0 6 5 1 0.245494 -0.187948 
0 2 2.5 1 0.292929 -0.352957 
0 4 2.5 1 0.264615 -0.331204 
0 4 5 1 0.268193 -0.191701 
0 2 5 1 0.296299 -0.196347 
0.5 0.5 -0.5 1 0.279969 -0.588932 
0.5 0.5 6 1 0.290302 -0.131837 
10.5 0.5 -0.5 1 -0.405263 -0.531393 
10.5 0.5 6 1 -0.353034 -0.0898956 
10.5 10.5 -0.5 1 -0.229565 -0.379315 
10.5 10.5 6 1 -0.204152 -0.114161 
0.5 10.5 -0.5 1 0.178792 -0.410751 
0.5 10.5 6 1 0.188949 -0.140028 
0.5 5.5 9.5 1 0.232662 0.0330508 
10.5 5.5 9.5 1 -0.243456 0.0609375 
0.5 6.5 -0.5 1 0.207408 -0.461146 
0.5 8.5 -0.5 1 0.191827 -0.433707 
0.5 8.5 4.5 1 0.199967 -0.204769 
0.5 6.5 4.5 1 0.215763 -0.209674 
0.5 2.5 2 1 0.254227 -0.37596 
0.5 4.5 2 1 0.230686 -0.352282 
0.5 4.5 4.5 1 0.234844 -0.215599 
0.5 2.5 4.5 1 0.258353 -0.222899 
