0 0 0 1 0.255477 -0.203047 
0 0 6.5 1 0.295189 0.17007 
10 0 0 1 -0.332946 -0.293309 
10 0 6.5 1 -0.327276 0.221774 
10 10 0 1 -0.418431 -0.0983781 
10 10 6.5 1 -0.419351 0.209029 
0 10 0 1 -0.00827463 -0.0731224 
0 10 6.5 1 0.00732783 0.177426 
0 5 10 1 0.135387 0.348194 
10 5 10 1 -0.385128 0.441553 
0 6 0 1 0.0732229 -0.113268 
0 8 0 1 0.0296016 -0.0917803 
0 8 5 1 0.0435943 0.112485 
0 6 5 1 0.0898474 0.106278 
0 2 2.5 1 0.195782 -0.0413241 
0 4 2.5 1 0.133805 -0.0218557 
0 4 5 1 0.143981 0.099013 
0 2 5 1 0.208198 0.0903948 
0.5 0.5 -0.5 1 0.212125 -0.223404 
0.5 0.5 6 1 0.248611 0.142485 
10.5 0.5 -0.5 1 -0.379801 -0.319164 
10.5 0.5 6 1 -0.378148 0.182216 
10.5 10.5 -0.5 1 -0.445616 -0.116404 
10.5 10.5 6 1 -0.447841 0.186104 
0.5 10.5 -0.5 1 -0.034795 -0.0881774 
0.5 10.5 6 1 -0.0204047 0.159107 
0.5 5.5 9.5 1 0.0994375 0.323313 
10.5 5.5 9.5 1 -0.422918 0.407638 
0.5 6.5 -0.5 1 0.0417664 -0.130107 
0.5 8.5 -0.5 1 0.000816751 -0.10768 
0.5 8.5 4.5 1 0.0137234 0.0937603 
0.5 6.5 4.5 1 0.0570958 0.0861765 
0.5 2.5 2 1 0.1563 -0.0625481 
0.5 4.5 2 1 0.0983859 -0.0415811 
0.5 4.5 4.5 1 0.107761 0.0773177 
0.5 2.5 4.5 1 0.167726 0.0668326 
