-0.414602 -0.413965 -0.432825 -0.0886621 
0.0130527 -0.315109 -0.0103463 -0.0563731 
0.323762 -0.408933 0.278941 -0.0166915 
-0.287496 -0.623973 -0.324437 -0.0553283 
-0.414602 -0.413965 0.0130527 -0.315109 
0.0130527 -0.315109 0.323762 -0.408933 
0.323762 -0.408933 -0.287496 -0.623973 
-0.287496 -0.623973 -0.414602 -0.413965 
-0.432825 -0.0886621 -0.405538 0.13551 
-0.405538 0.13551 -0.324437 -0.0553283 
-0.0103463 -0.0563731 0.0889997 0.121064 
0.0889997 0.121064 0.278941 -0.0166915 
-0.405538 0.13551 0.0889997 0.121064 
-0.432825 -0.0886621 -0.0103463 -0.0563731 
-0.324437 -0.0553283 0.278941 -0.0166915 
-0.355988 -0.510809 -0.326223 -0.559987 
-0.326223 -0.559987 -0.350129 -0.176082 
-0.350129 -0.176082 -0.37641 -0.171453 
-0.37641 -0.171453 -0.355988 -0.510809 
-0.406693 -0.300955 -0.388582 -0.317961 
-0.388582 -0.317961 -0.397371 -0.167761 
-0.397371 -0.167761 -0.414477 -0.164748 
-0.414477 -0.164748 -0.406693 -0.300955 
