0 0 0 1 -0.381931 -0.370543 
0 0 6.5 1 -0.406754 -0.0608906 
10 0 0 1 0.0351107 -0.27805 
10 0 6.5 1 0.0101321 -0.0239623 
10 10 0 1 0.324556 -0.37775 
10 10 6.5 1 0.281569 0.0123044 
0 10 0 1 -0.292035 -0.576317 
0 10 6.5 1 -0.336859 -0.0379714 
0 5 10 1 -0.397864 0.153841 
10 5 10 1 0.100753 0.152752 
0 6 0 1 -0.340316 -0.465801 
0 8 0 1 -0.319289 -0.513933 
0 8 5 1 -0.349131 -0.151457 
0 6 5 1 -0.36651 -0.144822 
0 2 2.5 1 -0.381218 -0.265072 
0 4 2.5 1 -0.368772 -0.282648 
0 4 5 1 -0.380369 -0.139531 
0 2 5 1 -0.391679 -0.135213 
0.5 0.5 -0.5 1 -0.351695 -0.395249 
0.5 0.5 6 1 -0.377206 -0.0817254 
10.5 0.5 -0.5 1 0.0638745 -0.297434 
10.5 0.5 6 1 0.0383457 -0.0407442 
10.5 10.5 -0.5 1 0.373261 -0.409171 
10.5 10.5 6 1 0.328833 -0.0129528 
0.5 10.5 -0.5 1 -0.237132 -0.623871 
0.5 10.5 6 1 -0.284119 -0.0737231 
0.5 5.5 9.5 1 -0.360563 0.13072 
10.5 5.5 9.5 1 0.135714 0.134565 
0.5 6.5 -0.5 1 -0.298906 -0.500594 
0.5 8.5 -0.5 1 -0.272073 -0.554143 
0.5 8.5 4.5 1 -0.303171 -0.184732 
0.5 6.5 4.5 1 -0.326076 -0.174188 
0.5 2.5 2 1 -0.348313 -0.290621 
0.5 4.5 2 1 -0.332295 -0.311081 
0.5 4.5 4.5 1 -0.344278 -0.165809 
0.5 2.5 4.5 1 -0.35909 -0.15899 
