0.148223 -0.413936 0.150234 -0.121598 
0.635599 -0.555271 0.600601 -0.0994852 
0.103888 -0.758769 0.114114 -0.0190615 
-0.290411 -0.471904 -0.25822 -0.0842637 
0.148223 -0.413936 0.635599 -0.555271 
0.635599 -0.555271 0.103888 -0.758769 
0.103888 -0.758769 -0.290411 -0.471904 
-0.290411 -0.471904 0.148223 -0.413936 
0.150234 -0.121598 -0.0198813 0.0584199 
-0.0198813 0.0584199 -0.25822 -0.0842637 
0.600601 -0.0994852 0.400248 0.193126 
0.400248 0.193126 0.114114 -0.0190615 
-0.0198813 0.0584199 0.400248 0.193126 
0.150234 -0.121598 0.600601 -0.0994852 
-0.25822 -0.0842637 0.114114 -0.0190615 
-0.08384 -0.444605 -0.180636 -0.457397 
-0.180636 -0.457397 -0.162418 -0.17331 
-0.162418 -0.17331 -0.0711707 -0.177126 
-0.0711707 -0.177126 -0.08384 -0.444605 
0.0813708 -0.300771 0.00633812 -0.304031 
0.00633812 -0.304031 0.0103411 -0.180534 
0.0103411 -0.180534 0.0835961 -0.183597 
0.0835961 -0.183597 0.0813708 -0.300771 
