-0.419967 -0.38272 -0.417636 0.255847 
-0.252255 -0.1212 -0.242726 0.204722 
0.228969 -0.141984 0.261183 0.169554 
0.494794 -0.402473 0.582804 0.182896 
-0.419967 -0.38272 -0.252255 -0.1212 
-0.252255 -0.1212 0.228969 -0.141984 
0.228969 -0.141984 0.494794 -0.402473 
0.494794 -0.402473 -0.419967 -0.38272 
-0.417636 0.255847 0.133908 0.598982 
0.133908 0.598982 0.582804 0.182896 
-0.242726 0.204722 0.0268947 0.371577 
0.0268947 0.371577 0.261183 0.169554 
0.133908 0.598982 0.0268947 0.371577 
-0.417636 0.255847 -0.242726 0.204722 
0.582804 0.182896 0.261183 0.169554 
0.145516 -0.394931 0.322761 -0.398758 
0.322761 -0.398758 0.377733 0.0492932 
0.377733 0.0492932 0.188447 0.0606815 
0.188447 0.0606815 0.145516 -0.394931 
-0.21769 -0.159724 -0.0226742 -0.167556 
-0.0226742 -0.167556 -0.00709186 0.0724461 
-0.00709186 0.0724461 -0.2092 0.0846058 
-0.2092 0.0846058 -0.21769 -0.159724 
