0 0 0 1 0.122322 -0.41987 
0 0 6.5 1 0.131032 -0.132284 
10 0 0 1 0.602687 -0.570074 
10 0 6.5 1 0.582958 -0.134477 
10 10 0 1 0.144432 -0.797893 
10 10 6.5 1 0.162785 -0.0705841 
0 10 0 1 -0.299918 -0.486542 
0 10 6.5 1 -0.262124 -0.0954834 
0 5 10 1 -0.0269774 0.0478089 
10 5 10 1 0.41737 0.147153 
0 6 0 1 -0.0984977 -0.454737 
0 8 0 1 -0.1923 -0.469549 
0 8 5 1 -0.169586 -0.18514 
0 6 5 1 -0.0811447 -0.188439 
0 2 2.5 1 0.0619807 -0.309796 
0 4 2.5 1 -0.00934695 -0.313992 
0 4 5 1 -0.0029478 -0.191356 
0 2 5 1 0.0666872 -0.193954 
0.5 0.5 -0.5 1 0.122043 -0.451533 
0.5 0.5 6 1 0.131059 -0.152764 
10.5 0.5 -0.5 1 0.628436 -0.62709 
10.5 0.5 6 1 0.605872 -0.165379 
10.5 10.5 -0.5 1 0.14579 -0.919637 
10.5 10.5 6 1 0.165528 -0.116625 
0.5 10.5 -0.5 1 -0.32099 -0.533702 
0.5 10.5 6 1 -0.280104 -0.121677 
0.5 5.5 9.5 1 -0.0329043 0.0316608 
10.5 5.5 9.5 1 0.434695 0.127307 
0.5 6.5 -0.5 1 -0.108203 -0.494237 
0.5 8.5 -0.5 1 -0.206967 -0.512554 
0.5 8.5 4.5 1 -0.18258 -0.213799 
0.5 6.5 4.5 1 -0.0897193 -0.215398 
0.5 2.5 2 1 0.0594776 -0.338624 
0.5 4.5 2 1 -0.0147808 -0.344753 
0.5 4.5 4.5 1 -0.00802535 -0.216805 
0.5 2.5 4.5 1 0.0644022 -0.218053 
