0.0657587 -0.360268 0.0863804 -0.0897081 
0.516992 -0.498179 0.52859 -0.119488 
0.215363 -0.726742 0.25383 -0.0756003 
-0.308461 -0.436487 -0.264922 -0.0505719 
0.0657587 -0.360268 0.516992 -0.498179 
0.516992 -0.498179 0.215363 -0.726742 
0.215363 -0.726742 -0.308461 -0.436487 
-0.308461 -0.436487 0.0657587 -0.360268 
0.0863804 -0.0897081 -0.0441599 0.0895542 
-0.0441599 0.0895542 -0.264922 -0.0505719 
0.52859 -0.119488 0.436002 0.136585 
0.436002 0.136585 0.25383 -0.0756003 
-0.0441599 0.0895542 0.436002 0.136585 
0.0863804 -0.0897081 0.52859 -0.119488 
-0.264922 -0.0505719 0.25383 -0.0756003 
-0.125682 -0.39926 -0.209802 -0.416393 
-0.209802 -0.416393 -0.181334 -0.140608 
-0.181334 -0.140608 -0.101403 -0.143716 
-0.101403 -0.143716 -0.125682 -0.39926 
0.0193463 -0.258923 -0.0425198 -0.264011 
-0.0425198 -0.264011 -0.0321819 -0.146407 
-0.0321819 -0.146407 0.0283458 -0.148761 
0.0283458 -0.148761 0.0193463 -0.258923 
