0 0 0 1 0.341964 -0.632027 
0 0 6.5 1 0.339724 -0.141963 
10 0 0 1 -0.37601 -0.564962 
10 0 6.5 1 -0.327083 -0.109188 
10 10 0 1 -0.187731 -0.40652 
10 10 6.5 1 -0.166024 -0.135059 
0 10 0 1 0.233891 -0.438862 
0 10 6.5 1 0.237427 -0.155575 
0 5 10 1 0.276705 0.0265269 
10 5 10 1 -0.211876 0.0431991 
0 6 0 1 0.263905 -0.492507 
0 8 0 1 0.24751 -0.463204 
0 8 5 1 0.249984 -0.222486 
0 6 5 1 0.265933 -0.227059 
0 2 2.5 1 0.309366 -0.402114 
0 4 2.5 1 0.284693 -0.377028 
0 4 5 1 0.285334 -0.232622 
0 2 5 1 0.309443 -0.239536 
0.5 0.5 -0.5 1 0.295951 -0.651807 
0.5 0.5 6 1 0.297154 -0.175168 
10.5 0.5 -0.5 1 -0.39709 -0.585558 
10.5 0.5 6 1 -0.348106 -0.141386 
10.5 10.5 -0.5 1 -0.203861 -0.421809 
10.5 10.5 6 1 -0.181849 -0.154487 
0.5 10.5 -0.5 1 0.209051 -0.454131 
0.5 10.5 6 1 0.213621 -0.175356 
0.5 5.5 9.5 1 0.246993 -0.0014769 
10.5 5.5 9.5 1 -0.229929 0.0160584 
0.5 6.5 -0.5 1 0.233429 -0.509585 
0.5 8.5 -0.5 1 0.220136 -0.479347 
0.5 8.5 4.5 1 0.223583 -0.242867 
0.5 6.5 4.5 1 0.23666 -0.249286 
0.5 2.5 2 1 0.27103 -0.425409 
0.5 4.5 2 1 0.251113 -0.398432 
0.5 4.5 4.5 1 0.252499 -0.25706 
0.5 2.5 4.5 1 0.272076 -0.266669 
