0.257778 -0.0338621 0.275677 0.346684 
-0.247035 -0.173869 -0.282131 0.436646 
-0.509907 -0.0288107 -0.549806 0.336208 
-0.0825878 0.0329753 -0.0884973 0.301201 
0.257778 -0.0338621 -0.247035 -0.173869 
-0.247035 -0.173869 -0.509907 -0.0288107 
-0.509907 -0.0288107 -0.0825878 0.0329753 
-0.0825878 0.0329753 0.257778 -0.0338621 
0.275677 0.346684 0.0620742 0.506457 
0.0620742 0.506457 -0.0884973 0.301201 
-0.282131 0.436646 -0.477048 0.656557 
-0.477048 0.656557 -0.549806 0.336208 
0.0620742 0.506457 -0.477048 0.656557 
0.275677 0.346684 -0.282131 0.436646 
-0.0884973 0.301201 -0.549806 0.336208 
0.026861 0.0114829 -0.031221 0.0228884 
-0.031221 0.0228884 -0.0337589 0.239289 
-0.0337589 0.239289 0.026855 0.242156 
0.026855 0.242156 0.026861 0.0114829 
0.172967 0.112899 0.0946788 0.118951 
0.0946788 0.118951 0.0963711 0.245444 
0.0963711 0.245444 0.176906 0.249253 
0.176906 0.249253 0.172967 0.112899 
