0 0 0 1 0.29168 -0.36911 
0 0 6.5 1 0.256304 -0.0260539 
10 0 0 1 0.509286 -0.610943 
10 0 6.5 1 0.416808 0.0972114 
10 10 0 1 -0.554109 -0.637135 
10 10 6.5 1 -0.540359 0.0189612 
0 10 0 1 -0.227962 -0.392342 
0 10 6.5 1 -0.236648 -0.061931 
0 5 10 1 -0.00592756 0.123417 
10 5 10 1 -0.097083 0.371307 
0 6 0 1 -0.0254594 -0.383289 
0 8 0 1 -0.127573 -0.387854 
0 8 5 1 -0.138214 -0.128873 
0 6 5 1 -0.0401156 -0.122346 
0 2 2.5 1 0.172341 -0.238798 
0 4 2.5 1 0.0688335 -0.244577 
0 4 5 1 0.0596163 -0.115709 
0 2 5 1 0.161023 -0.108961 
0.5 0.5 -0.5 1 0.272036 -0.404872 
0.5 0.5 6 1 0.236712 -0.0505366 
10.5 0.5 -0.5 1 0.480278 -0.703921 
10.5 0.5 6 1 0.385692 0.0539814 
10.5 10.5 -0.5 1 -0.641459 -0.72327 
10.5 10.5 6 1 -0.618437 -0.024815 
0.5 10.5 -0.5 1 -0.261149 -0.427196 
0.5 10.5 6 1 -0.268408 -0.086349 
0.5 5.5 9.5 1 -0.0314546 0.104 
10.5 5.5 9.5 1 -0.151575 0.346056 
0.5 6.5 -0.5 1 -0.0535238 -0.418503 
0.5 8.5 -0.5 1 -0.158245 -0.422888 
0.5 8.5 4.5 1 -0.167971 -0.155581 
0.5 6.5 4.5 1 -0.0674684 -0.149103 
0.5 2.5 2 1 0.149918 -0.269849 
0.5 4.5 2 1 0.0437221 -0.275518 
0.5 4.5 4.5 1 0.0347533 -0.142514 
0.5 2.5 4.5 1 0.138738 -0.135812 
