-0.471525 -0.352097 -0.459048 0.282972 
-0.252919 -0.118852 -0.237714 0.204407 
0.232087 -0.152804 0.266804 0.164011 
0.465264 -0.410498 0.55338 0.200008 
-0.471525 -0.352097 -0.252919 -0.118852 
-0.252919 -0.118852 0.232087 -0.152804 
0.232087 -0.152804 0.465264 -0.410498 
0.465264 -0.410498 -0.471525 -0.352097 
-0.459048 0.282972 0.0865804 0.620551 
0.0865804 0.620551 0.55338 0.200008 
-0.237714 0.204407 0.0309315 0.367487 
0.0309315 0.367487 0.266804 0.164011 
0.0865804 0.620551 0.0309315 0.367487 
-0.459048 0.282972 -0.237714 0.204407 
0.55338 0.200008 0.266804 0.164011 
0.0971154 -0.387547 0.282259 -0.399089 
0.282259 -0.399089 0.337921 0.0654432 
0.337921 0.0654432 0.141636 0.0805835 
0.141636 0.0805835 0.0971154 -0.387547 
-0.269361 -0.13355 -0.074153 -0.147119 
-0.074153 -0.147119 -0.0570999 0.0959127 
-0.0570999 0.0959127 -0.258332 0.111435 
-0.258332 0.111435 -0.269361 -0.13355 
