0 0 0 1 0.294897 -0.365848 
0 0 6.5 1 0.325566 0.0550376 
10 0 0 1 -0.380231 -0.324 
10 0 6.5 1 -0.327008 0.128771 
10 10 0 1 -0.273712 -0.213467 
10 10 6.5 1 -0.243927 0.0540453 
0 10 0 1 0.130981 -0.243885 
0 10 6.5 1 0.152569 0.0121703 
0 5 10 1 0.231605 0.194429 
10 5 10 1 -0.25504 0.256889 
0 6 0 1 0.178181 -0.279005 
0 8 0 1 0.152566 -0.259945 
0 8 5 1 0.170335 -0.0453316 
0 6 5 1 0.197187 -0.0443682 
0 2 2.5 1 0.258153 -0.184639 
0 4 2.5 1 0.219362 -0.171486 
0 4 5 1 0.229475 -0.0432097 
0 2 5 1 0.269036 -0.0417903 
0.5 0.5 -0.5 1 0.248954 -0.386607 
0.5 0.5 6 1 0.280091 0.0242721 
10.5 0.5 -0.5 1 -0.411005 -0.347561 
10.5 0.5 6 1 -0.358327 0.0936557 
10.5 10.5 -0.5 1 -0.293776 -0.229308 
10.5 10.5 6 1 -0.264125 0.0341302 
0.5 10.5 -0.5 1 0.105417 -0.258535 
0.5 10.5 6 1 0.127097 -0.00621631 
0.5 5.5 9.5 1 0.198989 0.168508 
10.5 5.5 9.5 1 -0.279744 0.22824 
0.5 6.5 -0.5 1 0.14705 -0.295683 
0.5 8.5 -0.5 1 0.124486 -0.27555 
0.5 8.5 4.5 1 0.142347 -0.0643451 
0.5 6.5 4.5 1 0.166179 -0.065115 
0.5 2.5 2 1 0.21858 -0.207008 
0.5 4.5 2 1 0.184539 -0.191887 
0.5 4.5 4.5 1 0.194738 -0.0660375 
0.5 2.5 4.5 1 0.229586 -0.0671632 
