0.0108295 -0.153624 0.0362151 0.0992369 
0.428685 -0.239629 0.46314 0.0785709 
0.292352 -0.380274 0.350372 0.166899 
-0.290916 -0.208315 -0.254958 0.170525 
0.0108295 -0.153624 0.428685 -0.239629 
0.428685 -0.239629 0.292352 -0.380274 
0.292352 -0.380274 -0.290916 -0.208315 
-0.290916 -0.208315 0.0108295 -0.153624 
0.0362151 0.0992369 -0.0640912 0.292476 
-0.0640912 0.292476 -0.254958 0.170525 
0.46314 0.0785709 0.445294 0.330163 
0.445294 0.330163 0.350372 0.166899 
-0.0640912 0.292476 0.445294 0.330163 
0.0362151 0.0992369 0.46314 0.0785709 
-0.254958 0.170525 0.350372 0.166899 
-0.140232 -0.181004 -0.208772 -0.193426 
-0.208772 -0.193426 -0.18326 0.0711937 
-0.18326 0.0711937 -0.116535 0.0616601 
-0.116535 0.0616601 -0.140232 -0.181004 
-0.0220238 -0.0575905 -0.0711405 -0.0586767 
-0.0711405 -0.0586767 -0.0600589 0.0535906 
-0.0600589 0.0535906 -0.0116381 0.0466722 
-0.0116381 0.0466722 -0.0220238 -0.0575905 
