-0.297041 -0.122547 -0.32965 0.153972 
0.0996238 -0.0693473 0.0795523 0.181602 
0.313042 -0.150898 0.288886 0.249375 
-0.319037 -0.255151 -0.376101 0.214385 
-0.297041 -0.122547 0.0996238 -0.0693473 
0.0996238 -0.0693473 0.313042 -0.150898 
0.313042 -0.150898 -0.319037 -0.255151 
-0.319037 -0.255151 -0.297041 -0.122547 
-0.32965 0.153972 -0.370239 0.373315 
-0.370239 0.373315 -0.376101 0.214385 
0.0795523 0.181602 0.147259 0.381268 
0.147259 0.381268 0.288886 0.249375 
-0.370239 0.373315 0.147259 0.381268 
-0.32965 0.153972 0.0795523 0.181602 
-0.376101 0.214385 0.288886 0.249375 
-0.307388 -0.184927 -0.312508 -0.215789 
-0.312508 -0.215789 -0.350339 0.098291 
-0.350339 0.098291 -0.34089 0.0951568 
-0.34089 0.0951568 -0.307388 -0.184927 
-0.313359 -0.0257692 -0.318118 -0.0352151 
-0.318118 -0.0352151 -0.333326 0.0926483 
-0.333326 0.0926483 -0.327135 0.0905949 
-0.327135 0.0905949 -0.313359 -0.0257692 
