0 0 0 1 -0.430623 -0.377554 
0 0 6.5 1 -0.426383 0.260441 
10 0 0 1 -0.252463 -0.120977 
10 0 6.5 1 -0.241765 0.204409 
10 10 0 1 0.229597 -0.144515 
10 10 6.5 1 0.262384 0.168038 
0 10 0 1 0.489102 -0.405242 
0 10 6.5 1 0.577301 0.185005 
0 5 10 1 0.124483 0.60237 
10 5 10 1 0.0277575 0.370443 
0 6 0 1 0.135924 -0.394609 
0 8 0 1 0.314836 -0.399995 
0 8 5 1 0.370016 0.0512659 
0 6 5 1 0.179192 0.0634764 
0 2 2.5 1 -0.228248 -0.155535 
0 4 2.5 1 -0.0330243 -0.164601 
0 4 5 1 -0.0171601 0.0760405 
0 2 5 1 -0.219283 0.0889739 
0.5 0.5 -0.5 1 -0.368021 -0.397595 
0.5 0.5 6 1 -0.358228 0.200548 
10.5 0.5 -0.5 1 -0.224533 -0.138943 
10.5 0.5 6 1 -0.212847 0.175796 
10.5 10.5 -0.5 1 0.243183 -0.161225 
10.5 10.5 6 1 0.275633 0.141485 
0.5 10.5 -0.5 1 0.500813 -0.422633 
0.5 10.5 6 1 0.585124 0.133312 
0.5 5.5 9.5 1 0.160337 0.520969 
10.5 5.5 9.5 1 0.0487045 0.336588 
0.5 6.5 -0.5 1 0.166448 -0.412997 
0.5 8.5 -0.5 1 0.335716 -0.417875 
0.5 8.5 4.5 1 0.38923 0.00729334 
0.5 6.5 4.5 1 0.209341 0.0182281 
0.5 2.5 2 1 -0.175648 -0.188316 
0.5 4.5 2 1 0.00817245 -0.196451 
0.5 4.5 4.5 1 0.0245362 0.0294615 
0.5 2.5 4.5 1 -0.165387 0.0410062 
