0 0 0 1 -0.450592 -0.436365 
0 0 6.5 1 -0.460088 -0.0948394 
10 0 0 1 -0.0116847 -0.336356 
10 0 6.5 1 -0.0320647 -0.0729049 
10 10 0 1 0.318944 -0.418814 
10 10 6.5 1 0.274363 -0.0256926 
0 10 0 1 -0.282389 -0.637146 
0 10 6.5 1 -0.309511 -0.0404289 
0 5 10 1 -0.411953 0.142381 
10 5 10 1 0.0767958 0.106972 
0 6 0 1 -0.373156 -0.528799 
0 8 0 1 -0.333749 -0.575839 
0 8 5 1 -0.349992 -0.171219 
0 6 5 1 -0.386037 -0.171258 
0 2 2.5 1 -0.434081 -0.313972 
0 4 2.5 1 -0.409685 -0.328548 
0 4 5 1 -0.414833 -0.171289 
0 2 5 1 -0.438367 -0.171314 
0.5 0.5 -0.5 1 -0.416332 -0.463181 
0.5 0.5 6 1 -0.42723 -0.117332 
10.5 0.5 -0.5 1 0.0181496 -0.356272 
10.5 0.5 6 1 -0.00327203 -0.0902485 
10.5 10.5 -0.5 1 0.367739 -0.449775 
10.5 10.5 6 1 0.320504 -0.0509017 
0.5 10.5 -0.5 1 -0.218698 -0.688227 
0.5 10.5 6 1 -0.250464 -0.0782336 
0.5 5.5 9.5 1 -0.370872 0.117474 
10.5 5.5 9.5 1 0.11151 0.0882239 
0.5 6.5 -0.5 1 -0.325722 -0.566359 
0.5 8.5 -0.5 1 -0.279365 -0.619146 
0.5 8.5 4.5 1 -0.298287 -0.206629 
0.5 6.5 4.5 1 -0.340658 -0.202658 
0.5 2.5 2 1 -0.396992 -0.341539 
0.5 4.5 2 1 -0.368463 -0.359145 
0.5 4.5 4.5 1 -0.374407 -0.199496 
0.5 2.5 4.5 1 -0.401925 -0.196917 
