0 0 0 1 -0.599776 -0.484037 
0 0 6.5 1 -0.560313 -0.0708916 
10 0 0 1 -0.119479 -0.388863 
10 0 6.5 1 -0.117224 -0.105899 
10 10 0 1 0.28656 -0.455966 
10 10 6.5 1 0.260508 -0.0650533 
0 10 0 1 -0.207712 -0.6724 
0 10 6.5 1 -0.191676 0.0204952 
0 5 10 1 -0.403272 0.204568 
10 5 10 1 0.0387598 0.0721641 
0 6 0 1 -0.416451 -0.572114 
0 8 0 1 -0.325026 -0.616038 
0 8 5 1 -0.303703 -0.134587 
0 6 5 1 -0.390251 -0.143078 
0 2 2.5 1 -0.534064 -0.326091 
0 4 2.5 1 -0.474729 -0.336446 
0 4 5 1 -0.460802 -0.149999 
0 2 5 1 -0.519414 -0.15575 
0.5 0.5 -0.5 1 -0.556124 -0.517044 
0.5 0.5 6 1 -0.519836 -0.100062 
10.5 0.5 -0.5 1 -0.0886759 -0.411063 
10.5 0.5 6 1 -0.0880392 -0.126291 
10.5 10.5 -0.5 1 0.330846 -0.487133 
10.5 10.5 6 1 0.301527 -0.0927738 
0.5 10.5 -0.5 1 -0.130617 -0.730045 
0.5 10.5 6 1 -0.123975 -0.0264152 
0.5 5.5 9.5 1 -0.354968 0.171241 
10.5 5.5 9.5 1 0.0717798 0.0498172 
0.5 6.5 -0.5 1 -0.357425 -0.616509 
0.5 8.5 -0.5 1 -0.25816 -0.666199 
0.5 8.5 4.5 1 -0.242501 -0.178111 
0.5 6.5 4.5 1 -0.335682 -0.182187 
0.5 2.5 2 1 -0.487788 -0.360313 
0.5 4.5 2 1 -0.423764 -0.374002 
0.5 4.5 4.5 1 -0.411571 -0.185507 
0.5 2.5 4.5 1 -0.474573 -0.188263 
