0 0 0 1 -0.426323 -0.423631 
0 0 6.5 1 -0.441866 -0.0929195 
10 0 0 1 0.00506946 -0.323793 
10 0 6.5 1 -0.0174809 -0.0634547 
10 10 0 1 0.322573 -0.414272 
10 10 6.5 1 0.277594 -0.0215258 
0 10 0 1 -0.286016 -0.631925 
0 10 6.5 1 -0.319875 -0.0534767 
0 5 10 1 -0.407916 0.135335 
10 5 10 1 0.0849476 0.114699 
0 6 0 1 -0.361676 -0.519603 
0 8 0 1 -0.328812 -0.568392 
0 8 5 1 -0.350341 -0.177381 
0 6 5 1 -0.379771 -0.174069 
0 2 2.5 1 -0.415712 -0.307646 
0 4 2.5 1 -0.395587 -0.324018 
0 4 5 1 -0.40325 -0.171428 
0 2 5 1 -0.422418 -0.169271 
0.5 0.5 -0.5 1 -0.393422 -0.449734 
0.5 0.5 6 1 -0.410116 -0.114822 
10.5 0.5 -0.5 1 0.0346001 -0.343515 
10.5 0.5 6 1 0.0111609 -0.0805747 
10.5 10.5 -0.5 1 0.371542 -0.445425 
10.5 10.5 6 1 0.324255 -0.0467313 
0.5 10.5 -0.5 1 -0.225145 -0.682048 
0.5 10.5 6 1 -0.262777 -0.0906569 
0.5 5.5 9.5 1 -0.368053 0.111064 
10.5 5.5 9.5 1 0.119809 0.0961788 
0.5 6.5 -0.5 1 -0.316226 -0.556308 
0.5 8.5 -0.5 1 -0.276761 -0.61079 
0.5 8.5 4.5 1 -0.300467 -0.212122 
0.5 6.5 4.5 1 -0.335994 -0.204803 
0.5 2.5 2 1 -0.380019 -0.334533 
0.5 4.5 2 1 -0.355933 -0.353904 
0.5 4.5 4.5 1 -0.364249 -0.198982 
0.5 2.5 4.5 1 -0.387256 -0.194243 
