-0.444446 -0.433933 -0.455536 -0.0951009 
-0.00741023 -0.333751 -0.0283906 -0.0710617 
0.319992 -0.418328 0.275222 -0.0252149 
-0.283419 -0.637032 -0.312289 -0.044686 
-0.444446 -0.433933 -0.00741023 -0.333751 
-0.00741023 -0.333751 0.319992 -0.418328 
0.319992 -0.418328 -0.283419 -0.637032 
-0.283419 -0.637032 -0.444446 -0.433933 
-0.455536 -0.0951009 -0.411057 0.139814 
-0.411057 0.139814 -0.312289 -0.044686 
-0.0283906 -0.0710617 0.0788278 0.108371 
0.0788278 0.108371 0.275222 -0.0252149 
-0.411057 0.139814 0.0788278 0.108371 
-0.455536 -0.0951009 -0.0283906 -0.0710617 
-0.312289 -0.044686 0.275222 -0.0252149 
-0.370307 -0.527443 -0.332582 -0.575025 
-0.332582 -0.575025 -0.350208 -0.173713 
-0.350208 -0.173713 -0.384556 -0.172846 
-0.384556 -0.172846 -0.370307 -0.527443 
-0.429474 -0.313185 -0.406178 -0.328264 
-0.406178 -0.328264 -0.411986 -0.172153 
-0.411986 -0.172153 -0.434396 -0.171587 
-0.434396 -0.171587 -0.429474 -0.313185 
