0.278158 -0.287193 0.319773 0.11373 
-0.37574 -0.268681 -0.330523 0.202203 
-0.320952 -0.142587 -0.29432 0.13331 
0.0823778 -0.165779 0.107742 0.0845266 
0.278158 -0.287193 -0.37574 -0.268681 
-0.37574 -0.268681 -0.320952 -0.142587 
-0.320952 -0.142587 0.0823778 -0.165779 
0.0823778 -0.165779 0.278158 -0.287193 
0.319773 0.11373 0.206234 0.262627 
0.206234 0.262627 0.107742 0.0845266 
-0.330523 0.202203 -0.289518 0.347277 
-0.289518 0.347277 -0.29432 0.13331 
0.206234 0.262627 -0.289518 0.347277 
0.319773 0.11373 -0.330523 0.202203 
0.107742 0.0845266 -0.29432 0.13331 
0.13993 -0.20147 0.108818 -0.182176 
0.108818 -0.182176 0.129967 0.0258553 
0.129967 0.0258553 0.163037 0.0249406 
0.163037 0.0249406 0.13993 -0.20147 
0.236343 -0.115206 0.189786 -0.100511 
0.189786 -0.100511 0.202536 0.023848 
0.202536 0.023848 0.250542 0.0225201 
0.250542 0.0225201 0.236343 -0.115206 
