0 0 0 1 -0.131887 -0.0321927 
0 0 6.5 1 -0.134049 0.220831 
10 0 0 1 0.258088 -0.0526184 
10 0 6.5 1 0.276801 0.214669 
10 10 0 1 0.324616 -0.212108 
10 10 6.5 1 0.362484 0.227237 
0 10 0 1 -0.299063 -0.165975 
0 10 6.5 1 -0.316457 0.236126 
0 5 10 1 -0.207328 0.410661 
10 5 10 1 0.323633 0.417668 
0 6 0 1 -0.213184 -0.0972504 
0 8 0 1 -0.251629 -0.128016 
0 8 5 1 -0.260666 0.144061 
0 6 5 1 -0.219394 0.149296 
0 2 2.5 1 -0.156007 0.0512421 
0 4 2.5 1 -0.183447 0.0383742 
0 4 5 1 -0.185593 0.153583 
0 2 5 1 -0.157401 0.157159 
0.5 0.5 -0.5 1 -0.118331 -0.0563237 
0.5 0.5 6 1 -0.119832 0.200179 
10.5 0.5 -0.5 1 0.279773 -0.0785499 
10.5 0.5 6 1 0.300049 0.192615 
10.5 10.5 -0.5 1 0.362684 -0.260125 
10.5 10.5 6 1 0.405447 0.189686 
0.5 10.5 -0.5 1 -0.282112 -0.208418 
0.5 10.5 6 1 -0.298593 0.202468 
0.5 5.5 9.5 1 -0.190744 0.388579 
10.5 5.5 9.5 1 0.355413 0.393972 
0.5 6.5 -0.5 1 -0.19755 -0.12989 
0.5 8.5 -0.5 1 -0.235293 -0.16494 
0.5 8.5 4.5 1 -0.243638 0.112328 
0.5 6.5 4.5 1 -0.203107 0.120923 
0.5 2.5 2 1 -0.141517 0.0262428 
0.5 4.5 2 1 -0.168234 0.0108406 
0.5 4.5 4.5 1 -0.170072 0.127928 
0.5 2.5 4.5 1 -0.14263 0.133747 
