-0.193931 -0.0123236 -0.211263 0.249466 
0.197382 -0.0012207 0.199997 0.261135 
0.324014 -0.123126 0.339231 0.306557 
-0.311537 -0.141159 -0.350667 0.286982 
-0.193931 -0.0123236 0.197382 -0.0012207 
0.197382 -0.0012207 0.324014 -0.123126 
0.324014 -0.123126 -0.311537 -0.141159 
-0.311537 -0.141159 -0.193931 -0.0123236 
-0.211263 0.249466 -0.277909 0.456226 
-0.277909 0.456226 -0.350667 0.286982 
0.199997 0.261135 0.255771 0.471368 
0.255771 0.471368 0.339231 0.306557 
-0.277909 0.456226 0.255771 0.471368 
-0.211263 0.249466 0.199997 0.261135 
-0.350667 0.286982 0.339231 0.306557 
-0.250398 -0.0741812 -0.277575 -0.103953 
-0.277575 -0.103953 -0.301696 0.183249 
-0.301696 0.183249 -0.270602 0.184387 
-0.270602 0.184387 -0.250398 -0.0741812 
-0.216955 0.0760579 -0.236592 0.0650964 
-0.236592 0.0650964 -0.245416 0.185309 
-0.245416 0.185309 -0.2246 0.186071 
-0.2246 0.186071 -0.216955 0.0760579 
