0.258044 -0.0750559 0.284629 0.303166 
-0.279126 -0.202309 -0.301934 0.375357 
-0.47996 -0.0380164 -0.507051 0.306927 
-0.0581441 0.0121992 -0.0565266 0.274605 
0.258044 -0.0750559 -0.279126 -0.202309 
-0.279126 -0.202309 -0.47996 -0.0380164 
-0.47996 -0.0380164 -0.0581441 0.0121992 
-0.0581441 0.0121992 0.258044 -0.0750559 
0.284629 0.303166 0.0876813 0.469505 
0.0876813 0.469505 -0.0565266 0.274605 
-0.301934 0.375357 -0.448998 0.59755 
-0.448998 0.59755 -0.507051 0.306927 
0.0876813 0.469505 -0.448998 0.59755 
0.284629 0.303166 -0.301934 0.375357 
-0.0565266 0.274605 -0.507051 0.306927 
0.0422193 -0.015497 -0.0111935 -0.000757234 
-0.0111935 -0.000757234 -0.00789358 0.211528 
-0.00789358 0.211528 0.048181 0.211391 
0.048181 0.211391 0.0422193 -0.015497 
0.181431 0.0761109 0.108126 0.0865013 
0.108126 0.0865013 0.112949 0.211234 
0.112949 0.211234 0.188603 0.21105 
0.188603 0.21105 0.181431 0.0761109 
