-0.270273 -0.0573329 -0.300855 0.215201 
0.124683 -0.0160567 0.109603 0.238853 
0.31421 -0.0965979 0.300052 0.315398 
-0.323692 -0.17542 -0.379482 0.284679 
-0.270273 -0.0573329 0.124683 -0.0160567 
0.124683 -0.0160567 0.31421 -0.0965979 
0.31421 -0.0965979 -0.323692 -0.17542 
-0.323692 -0.17542 -0.270273 -0.0573329 
-0.300855 0.215201 -0.352657 0.438468 
-0.352657 0.438468 -0.379482 0.284679 
0.109603 0.238853 0.172932 0.448711 
0.172932 0.448711 0.300052 0.315398 
-0.352657 0.438468 0.172932 0.448711 
-0.300855 0.215201 0.109603 0.238853 
-0.379482 0.284679 0.300052 0.315398 
-0.295524 -0.113153 -0.307937 -0.140592 
-0.307937 -0.140592 -0.344361 0.166629 
-0.344361 0.166629 -0.327484 0.161287 
-0.327484 0.161287 -0.295524 -0.113153 
-0.289847 0.0387198 -0.299489 0.0309855 
-0.299489 0.0309855 -0.313951 0.157004 
-0.313951 0.157004 -0.302859 0.153493 
-0.302859 0.153493 -0.289847 0.0387198 
