-0.063116 -0.0372072 -0.0482952 0.214343 
0.335235 -0.0901399 0.369231 0.194884 
0.325562 -0.236203 0.383682 0.246254 
-0.291485 -0.126761 -0.281565 0.266987 
-0.063116 -0.0372072 0.335235 -0.0901399 
0.335235 -0.0901399 0.325562 -0.236203 
0.325562 -0.236203 -0.291485 -0.126761 
-0.291485 -0.126761 -0.063116 -0.0372072 
-0.0482952 0.214343 -0.13036 0.411992 
-0.13036 0.411992 -0.281565 0.266987 
0.369231 0.194884 0.399609 0.423253 
0.399609 0.423253 0.383682 0.246254 
-0.13036 0.411992 0.399609 0.423253 
-0.0482952 0.214343 0.369231 0.194884 
-0.281565 0.266987 0.383682 0.246254 
-0.175299 -0.0811991 -0.227602 -0.101709 
-0.227602 -0.101709 -0.218269 0.167098 
-0.218269 0.167098 -0.164925 0.163103 
-0.164925 0.163103 -0.175299 -0.0811991 
-0.0892475 0.0521233 -0.126307 0.0460025 
-0.126307 0.0460025 -0.120744 0.159794 
-0.120744 0.159794 -0.0835525 0.157009 
-0.0835525 0.157009 -0.0892475 0.0521233 
