0.357795 -0.533861 0.289908 0.0642532 
-0.230994 -0.404304 -0.261559 -0.0229039 
0.0932142 -0.271379 0.0671988 -0.0105753 
0.542288 -0.302031 0.498665 0.0446598 
0.357795 -0.533861 -0.230994 -0.404304 
-0.230994 -0.404304 0.0932142 -0.271379 
0.0932142 -0.271379 0.542288 -0.302031 
0.542288 -0.302031 0.357795 -0.533861 
0.289908 0.0642532 0.393857 0.279108 
0.393857 0.279108 0.498665 0.0446598 
-0.261559 -0.0229039 -0.0818095 0.146603 
-0.0818095 0.146603 0.0671988 -0.0105753 
0.393857 0.279108 -0.0818095 0.146603 
0.289908 0.0642532 -0.261559 -0.0229039 
0.498665 0.0446598 0.0671988 -0.0105753 
0.490909 -0.366592 0.518961 -0.331343 
0.518961 -0.331343 0.482599 -0.0386881 
0.482599 -0.0386881 0.451461 -0.0441969 
0.451461 -0.0441969 0.490909 -0.366592 
0.389445 -0.259231 0.434768 -0.228463 
0.434768 -0.228463 0.413453 -0.0509212 
0.413453 -0.0509212 0.366018 -0.0593131 
0.366018 -0.0593131 0.389445 -0.259231 
