0.255525 -0.210157 0.295845 0.163278 
-0.336013 -0.296617 -0.328473 0.215751 
-0.414645 -0.101641 -0.414016 0.203908 
-0.00501486 -0.0784287 0.0113529 0.171666 
0.255525 -0.210157 -0.336013 -0.296617 
-0.336013 -0.296617 -0.414645 -0.101641 
-0.414645 -0.101641 -0.00501486 -0.0784287 
-0.00501486 -0.0784287 0.255525 -0.210157 
0.295845 0.163278 0.138308 0.341548 
0.138308 0.341548 0.0113529 0.171666 
-0.328473 0.215751 -0.381159 0.434083 
-0.381159 0.434083 -0.414016 0.203908 
0.138308 0.341548 -0.381159 0.434083 
0.295845 0.163278 -0.328473 0.215751 
0.0113529 0.171666 -0.414016 0.203908 
0.0753354 -0.119053 0.032311 -0.0973005 
0.032311 -0.0973005 0.0468853 0.106731 
0.0468853 0.106731 0.0925303 0.100342 
0.0925303 0.100342 0.0753354 -0.119053 
0.19682 -0.0477421 0.135548 -0.0279328 
0.135548 -0.0279328 0.146 0.0928568 
0.146 0.0928568 0.209494 0.0839689 
0.209494 0.0839689 0.19682 -0.0477421 
