-0.0157918 -0.0780656 0.00736007 0.17351 
0.393178 -0.148125 0.430829 0.15475 
0.315663 -0.274253 0.37786 0.246402 
-0.287228 -0.134751 -0.25972 0.250749 
-0.0157918 -0.0780656 0.393178 -0.148125 
0.393178 -0.148125 0.315663 -0.274253 
0.315663 -0.274253 -0.287228 -0.134751 
-0.287228 -0.134751 -0.0157918 -0.0780656 
0.00736007 0.17351 -0.0835746 0.373893 
-0.0835746 0.373893 -0.25972 0.250749 
0.430829 0.15475 0.437917 0.404091 
0.437917 0.404091 0.37786 0.246402 
-0.0835746 0.373893 0.437917 0.404091 
0.00736007 0.17351 0.430829 0.15475 
-0.25972 0.250749 0.37786 0.246402 
-0.150459 -0.106189 -0.212363 -0.119117 
-0.212363 -0.119117 -0.191834 0.147226 
-0.191834 0.147226 -0.130575 0.136908 
-0.130575 0.136908 -0.150459 -0.106189 
-0.0449065 0.0166069 -0.0889132 0.0155121 
-0.0889132 0.0155121 -0.0792443 0.128263 
-0.0792443 0.128263 -0.0356102 0.120914 
-0.0356102 0.120914 -0.0449065 0.0166069 
