0.292166 -0.28404 0.253318 0.0609735 
0.335491 -0.5356 0.254481 0.176988 
-0.588181 -0.518186 -0.614797 0.0500629 
-0.200625 -0.30315 -0.224017 0.00410125 
0.292166 -0.28404 0.335491 -0.5356 
0.335491 -0.5356 -0.588181 -0.518186 
-0.588181 -0.518186 -0.200625 -0.30315 
-0.200625 -0.30315 0.292166 -0.28404 
0.253318 0.0609735 -0.0150621 0.199522 
-0.0150621 0.199522 -0.224017 0.00410125 
0.254481 0.176988 -0.253074 0.423446 
-0.253074 0.423446 -0.614797 0.0500629 
-0.0150621 0.199522 -0.253074 0.423446 
0.253318 0.0609735 0.254481 0.176988 
-0.224017 0.00410125 -0.614797 0.0500629 
-0.0175406 -0.29605 -0.111205 -0.299682 
-0.111205 -0.299682 -0.131305 -0.0567477 
-0.131305 -0.0567477 -0.0398255 -0.0475231 
-0.0398255 -0.0475231 -0.0175406 -0.29605 
0.170034 -0.156718 0.0682304 -0.163846 
0.0682304 -0.163846 0.0560178 -0.0378584 
0.0560178 -0.0378584 0.156544 -0.0277214 
0.156544 -0.0277214 0.170034 -0.156718 
