-0.537575 -0.448954 -0.520279 -0.0695539 
-0.0742222 -0.35842 -0.0828579 -0.0848629 
0.299889 -0.41838 0.263434 -0.0284073 
-0.251616 -0.616514 -0.252712 0.0313755 
-0.537575 -0.448954 -0.0742222 -0.35842 
-0.0742222 -0.35842 0.299889 -0.41838 
0.299889 -0.41838 -0.251616 -0.616514 
-0.251616 -0.616514 -0.537575 -0.448954 
-0.520279 -0.0695539 -0.413366 0.196206 
-0.413366 0.196206 -0.252712 0.0313755 
-0.0828579 -0.0848629 0.0516613 0.0977616 
0.0516613 0.0977616 0.263434 -0.0284073 
-0.413366 0.196206 0.0516613 0.0977616 
-0.520279 -0.0695539 -0.0828579 -0.0848629 
-0.252712 0.0313755 0.263434 -0.0284073 
-0.405132 -0.52656 -0.338254 -0.565748 
-0.338254 -0.565748 -0.332741 -0.119724 
-0.332741 -0.119724 -0.39588 -0.130645 
-0.39588 -0.130645 -0.405132 -0.52656 
-0.495066 -0.303945 -0.452411 -0.312069 
-0.452411 -0.312069 -0.446849 -0.13946 
-0.446849 -0.13946 -0.488856 -0.146725 
-0.488856 -0.146725 -0.495066 -0.303945 
