0.256468 -0.053347 0.256061 0.317561 
-0.160303 -0.244568 -0.210883 0.395522 
-0.551273 -0.107932 -0.609728 0.286233 
-0.12263 -0.0079963 -0.141414 0.264505 
0.256468 -0.053347 -0.160303 -0.244568 
-0.160303 -0.244568 -0.551273 -0.107932 
-0.551273 -0.107932 -0.12263 -0.0079963 
-0.12263 -0.0079963 0.256468 -0.053347 
0.256061 0.317561 0.0187303 0.471186 
0.0187303 0.471186 -0.141414 0.264505 
-0.210883 0.395522 -0.496788 0.628033 
-0.496788 0.628033 -0.609728 0.286233 
0.0187303 0.471186 -0.496788 0.628033 
0.256061 0.317561 -0.210883 0.395522 
-0.141414 0.264505 -0.609728 0.286233 
0.00275946 -0.0229964 -0.0633554 -0.0150872 
-0.0633554 -0.0150872 -0.0761305 0.20367 
-0.0761305 0.20367 -0.00803592 0.20858 
-0.00803592 0.20858 0.00275946 -0.0229964 
0.158519 0.086224 0.072958 0.088461 
0.072958 0.088461 0.068767 0.214117 
0.068767 0.214117 0.156063 0.220411 
0.156063 0.220411 0.158519 0.086224 
