0.312988 -0.496127 0.329434 -0.0462417 
-0.383207 -0.444168 -0.329264 0.00603565 
-0.234395 -0.313009 -0.206678 -0.0457061 
0.176871 -0.344313 0.191208 -0.0771098 
0.312988 -0.496127 -0.383207 -0.444168 
-0.383207 -0.444168 -0.234395 -0.313009 
-0.234395 -0.313009 0.176871 -0.344313 
0.176871 -0.344313 0.312988 -0.496127 
0.329434 -0.0462417 0.251312 0.104126 
0.251312 0.104126 0.191208 -0.0771098 
-0.329264 0.00603565 -0.234185 0.14339 
-0.234185 0.14339 -0.206678 -0.0457061 
0.251312 0.104126 -0.234185 0.14339 
0.329434 -0.0462417 -0.329264 0.00603565 
0.191208 -0.0771098 -0.206678 -0.0457061 
0.215373 -0.387256 0.19441 -0.363875 
0.19441 -0.363875 0.206006 -0.138345 
0.206006 -0.138345 0.227444 -0.13967 
0.227444 -0.13967 0.215373 -0.387256 
0.279073 -0.294266 0.247225 -0.276193 
0.247225 -0.276193 0.253369 -0.141272 
0.253369 -0.141272 0.285351 -0.143249 
0.285351 -0.143249 0.279073 -0.294266 
