0.292621 -0.316328 0.254511 0.0264404 
0.429132 -0.54513 0.341374 0.163192 
-0.575133 -0.55729 -0.580585 0.0540111 
-0.215106 -0.340141 -0.231454 -0.0217771 
0.292621 -0.316328 0.429132 -0.54513 
0.429132 -0.54513 -0.575133 -0.55729 
-0.575133 -0.55729 -0.215106 -0.340141 
-0.215106 -0.340141 0.292621 -0.316328 
0.254511 0.0264404 -0.0111753 0.168783 
-0.0111753 0.168783 -0.231454 -0.0217771 
0.341374 0.163192 -0.173216 0.41869 
-0.173216 0.41869 -0.580585 0.0540111 
-0.0111753 0.168783 -0.173216 0.41869 
0.254511 0.0264404 0.341374 0.163192 
-0.231454 -0.0217771 -0.580585 0.0540111 
-0.0216513 -0.331067 -0.119885 -0.335675 
-0.119885 -0.335675 -0.13556 -0.0850505 
-0.13556 -0.0850505 -0.0404994 -0.0767354 
-0.0404994 -0.0767354 -0.0216513 -0.331067 
0.171345 -0.188309 0.0684608 -0.19525 
0.0684608 -0.19525 0.0575242 -0.0681611 
0.0575242 -0.0681611 0.158651 -0.0593154 
0.158651 -0.0593154 0.171345 -0.188309 
