-0.319091 -0.395354 -0.331046 0.251782 
-0.249452 -0.111494 -0.250914 0.220727 
0.223274 -0.106662 0.248953 0.197709 
0.542814 -0.345683 0.625798 0.203346 
-0.319091 -0.395354 -0.249452 -0.111494 
-0.249452 -0.111494 0.223274 -0.106662 
0.223274 -0.106662 0.542814 -0.345683 
0.542814 -0.345683 -0.319091 -0.395354 
-0.331046 0.251782 0.216927 0.606952 
0.216927 0.606952 0.625798 0.203346 
-0.250914 0.220727 0.0179057 0.395998 
0.0179057 0.395998 0.248953 0.197709 
0.216927 0.606952 0.0179057 0.395998 
-0.331046 0.251782 -0.250914 0.220727 
0.625798 0.203346 0.248953 0.197709 
0.229732 -0.363725 0.390926 -0.354436 
0.390926 -0.354436 0.442514 0.0701688 
0.442514 0.0701688 0.269111 0.0742061 
0.269111 0.0742061 0.229732 -0.363725 
-0.119708 -0.160823 0.0705172 -0.15721 
0.0705172 -0.15721 0.0837693 0.0785214 
0.0837693 0.0785214 -0.114787 0.0831444 
-0.114787 0.0831444 -0.119708 -0.160823 
