0.257918 -0.0378419 0.277143 0.342643 
-0.252089 -0.175692 -0.285548 0.430602 
-0.505781 -0.0283009 -0.543905 0.333957 
-0.0791162 0.0316023 -0.0839448 0.299116 
0.257918 -0.0378419 -0.252089 -0.175692 
-0.252089 -0.175692 -0.505781 -0.0283009 
-0.505781 -0.0283009 -0.0791162 0.0316023 
-0.0791162 0.0316023 0.257918 -0.0378419 
0.277143 0.342643 0.0657858 0.503237 
0.0657858 0.503237 -0.0839448 0.299116 
-0.285548 0.430602 -0.473478 0.650579 
-0.473478 0.650579 -0.543905 0.333957 
0.0657858 0.503237 -0.473478 0.650579 
0.277143 0.342643 -0.285548 0.430602 
-0.0839448 0.299116 -0.543905 0.333957 
0.0290516 0.0093149 -0.0283753 0.0211474 
-0.0283753 0.0211474 -0.0300699 0.237056 
-0.0300699 0.237056 0.0299147 0.239559 
0.0299147 0.239559 0.0290516 0.0093149 
0.174247 0.109524 0.0966303 0.116115 
0.0966303 0.116115 0.0987841 0.242434 
0.0987841 0.242434 0.17867 0.245768 
0.17867 0.245768 0.174247 0.109524 
