0.264586 -0.267278 0.30926 0.119859 
-0.367506 -0.289007 -0.335407 0.198282 
-0.36134 -0.125198 -0.34259 0.161016 
0.0436665 -0.132363 0.0677729 0.116107 
0.264586 -0.267278 -0.367506 -0.289007 
-0.367506 -0.289007 -0.36134 -0.125198 
-0.36134 -0.125198 0.0436665 -0.132363 
0.0436665 -0.132363 0.264586 -0.267278 
0.30926 0.119859 0.179169 0.286542 
0.179169 0.286542 0.0677729 0.116107 
-0.335407 0.198282 -0.326646 0.377405 
-0.326646 0.377405 -0.34259 0.161016 
0.179169 0.286542 -0.326646 0.377405 
0.30926 0.119859 -0.335407 0.198282 
0.0677729 0.116107 -0.34259 0.161016 
0.10988 -0.172799 0.0742201 -0.151022 
0.0742201 -0.151022 0.0946149 0.0538727 
0.0946149 0.0538727 0.132626 0.049137 
0.132626 0.049137 0.10988 -0.172799 
0.217187 -0.0977278 0.164752 -0.0786471 
0.164752 -0.0786471 0.1777 0.0435214 
0.1777 0.0435214 0.232008 0.0367554 
0.232008 0.0367554 0.217187 -0.0977278 
