-0.620471 -0.293579 -0.564965 0.289116 
-0.249495 -0.159658 -0.21917 0.148908 
0.236751 -0.22507 0.271075 0.110022 
0.307238 -0.450789 0.377959 0.234323 
-0.620471 -0.293579 -0.249495 -0.159658 
-0.249495 -0.159658 0.236751 -0.22507 
0.236751 -0.22507 0.307238 -0.450789 
0.307238 -0.450789 -0.620471 -0.293579 
-0.564965 0.289116 -0.0980822 0.605839 
-0.0980822 0.605839 0.377959 0.234323 
-0.21917 0.148908 0.0332018 0.303992 
0.0332018 0.303992 0.271075 0.110022 
-0.0980822 0.605839 0.0332018 0.303992 
-0.564965 0.289116 -0.21917 0.148908 
0.377959 0.234323 0.271075 0.110022 
-0.100514 -0.381691 0.0964179 -0.415063 
0.0964179 -0.415063 0.147982 0.0933931 
0.147982 0.0933931 -0.051474 0.110087 
-0.051474 0.110087 -0.100514 -0.381691 
-0.435605 -0.0908329 -0.261569 -0.112846 
-0.261569 -0.112846 -0.238158 0.125711 
-0.238158 0.125711 -0.413259 0.140366 
-0.413259 0.140366 -0.435605 -0.0908329 
