-0.14459 -0.0286575 -0.150043 0.225678 
0.245139 -0.0421572 0.260527 0.223498 
0.324861 -0.196692 0.35823 0.239015 
-0.300939 -0.164624 -0.323164 0.241442 
-0.14459 -0.0286575 0.245139 -0.0421572 
0.245139 -0.0421572 0.324861 -0.196692 
0.324861 -0.196692 -0.300939 -0.164624 
-0.300939 -0.164624 -0.14459 -0.0286575 
-0.150043 0.225678 -0.221896 0.4173 
-0.221896 0.4173 -0.323164 0.241442 
0.260527 0.223498 0.309583 0.426306 
0.309583 0.426306 0.35823 0.239015 
-0.221896 0.4173 0.309583 0.426306 
-0.150043 0.225678 0.260527 0.223498 
-0.323164 0.241442 0.35823 0.239015 
-0.220445 -0.0946238 -0.256433 -0.12592 
-0.256433 -0.12592 -0.268794 0.148376 
-0.268794 0.148376 -0.229722 0.153682 
-0.229722 0.153682 -0.220445 -0.0946238 
-0.168455 0.0550806 -0.194187 0.0420361 
-0.194187 0.0420361 -0.197792 0.158017 
-0.197792 0.158017 -0.17121 0.161627 
-0.17121 0.161627 -0.168455 0.0550806 
