0 0 0 1 -0.0439005 -0.0445653 
0 0 6.5 1 -0.0252131 0.207101 
10 0 0 1 0.358373 -0.10422 
10 0 6.5 1 0.394866 0.187528 
10 10 0 1 0.324433 -0.239471 
10 10 6.5 1 0.38565 0.258548 
0 10 0 1 -0.289173 -0.118289 
0 10 6.5 1 -0.271854 0.273249 
0 5 10 1 -0.110245 0.407701 
10 5 10 1 0.41792 0.426065 
0 6 0 1 -0.164784 -0.0809005 
0 8 0 1 -0.220881 -0.0977621 
0 8 5 1 -0.206754 0.170563 
0 6 5 1 -0.15025 0.16325 
0 2 2.5 1 -0.0709303 0.0472841 
0 4 2.5 1 -0.110676 0.0436447 
0 4 5 1 -0.103268 0.15717 
0 2 5 1 -0.063587 0.152034 
0.5 0.5 -0.5 1 -0.0357489 -0.0688332 
0.5 0.5 6 1 -0.0163623 0.187967 
10.5 0.5 -0.5 1 0.378556 -0.134107 
10.5 0.5 6 1 0.41681 0.164554 
10.5 10.5 -0.5 1 0.35768 -0.297191 
10.5 10.5 6 1 0.424091 0.221297 
0.5 10.5 -0.5 1 -0.285156 -0.158838 
0.5 10.5 6 1 -0.266986 0.24527 
0.5 5.5 9.5 1 -0.101645 0.389604 
10.5 5.5 9.5 1 0.447552 0.404533 
0.5 6.5 -0.5 1 -0.157894 -0.112912 
0.5 8.5 -0.5 1 -0.215087 -0.133552 
0.5 8.5 4.5 1 -0.200293 0.142408 
0.5 6.5 4.5 1 -0.14271 0.137544 
0.5 2.5 2 1 -0.0627032 0.0230741 
0.5 4.5 2 1 -0.102818 0.0172706 
0.5 4.5 4.5 1 -0.0950951 0.133523 
0.5 2.5 4.5 1 -0.0550667 0.130142 
