-0.573796 -0.28309 -0.533491 0.325795 
-0.251101 -0.125804 -0.224859 0.188905 
0.237208 -0.182657 0.273584 0.146226 
0.376102 -0.412256 0.455676 0.252016 
-0.573796 -0.28309 -0.251101 -0.125804 
-0.251101 -0.125804 0.237208 -0.182657 
0.237208 -0.182657 0.376102 -0.412256 
0.376102 -0.412256 -0.573796 -0.28309 
-0.533491 0.325795 -0.0290928 0.651763 
-0.0290928 0.651763 0.455676 0.252016 
-0.224859 0.188905 0.0356846 0.34603 
0.0356846 0.34603 0.273584 0.146226 
-0.0290928 0.651763 0.0356846 0.34603 
-0.533491 0.325795 -0.224859 0.188905 
0.455676 0.252016 0.273584 0.146226 
-0.0247862 -0.357744 0.171909 -0.38449 
0.171909 -0.38449 0.225759 0.113177 
0.225759 0.113177 0.0226858 0.131266 
0.0226858 0.131266 -0.0247862 -0.357744 
-0.379528 -0.073875 -0.193903 -0.0948115 
-0.193903 -0.0948115 -0.172869 0.148685 
-0.172869 0.148685 -0.361314 0.165471 
-0.361314 0.165471 -0.379528 -0.073875 
