0 0 0 1 0.255492 -0.195565 
0 0 6.5 1 0.294563 0.177343 
10 0 0 1 -0.3298 -0.289449 
10 0 6.5 1 -0.32601 0.228544 
10 10 0 1 -0.422244 -0.0948853 
10 10 6.5 1 -0.424741 0.214466 
0 10 0 1 -0.0115243 -0.0676355 
0 10 6.5 1 0.00328871 0.18342 
0 5 10 1 0.132454 0.355205 
10 5 10 1 -0.389129 0.449566 
0 6 0 1 0.0711388 -0.10724 
0 8 0 1 0.0269112 -0.0860502 
0 8 5 1 0.0403036 0.118497 
0 6 5 1 0.0871735 0.112511 
0 2 2.5 1 0.194784 -0.0345441 
0 4 2.5 1 0.132092 -0.0154653 
0 4 5 1 0.141981 0.105512 
0 2 5 1 0.20693 0.0972168 
0.5 0.5 -0.5 1 0.21223 -0.216156 
0.5 0.5 6 1 0.248036 0.149596 
10.5 0.5 -0.5 1 -0.37713 -0.315748 
10.5 0.5 6 1 -0.377485 0.188505 
10.5 10.5 -0.5 1 -0.449667 -0.113153 
10.5 10.5 6 1 -0.453505 0.191281 
0.5 10.5 -0.5 1 -0.0380757 -0.0828414 
0.5 10.5 6 1 -0.0244945 0.164966 
0.5 5.5 9.5 1 0.0964622 0.330186 
10.5 5.5 9.5 1 -0.427339 0.415276 
0.5 6.5 -0.5 1 0.039676 -0.124253 
0.5 8.5 -0.5 1 -0.00189448 -0.102112 
0.5 8.5 4.5 1 0.0103951 0.099628 
0.5 6.5 4.5 1 0.0543963 0.0922583 
0.5 2.5 2 1 0.155335 -0.055956 
0.5 4.5 2 1 0.096676 -0.0353646 
0.5 4.5 4.5 1 0.105753 0.0836568 
0.5 2.5 4.5 1 0.166477 0.0734862 
