-0.0749779 -0.0358878 -0.0628015 0.215536 
0.321201 -0.0842514 0.353146 0.196867 
0.325405 -0.236636 0.380865 0.236374 
-0.292883 -0.135534 -0.287647 0.259055 
-0.0749779 -0.0358878 0.321201 -0.0842514 
0.321201 -0.0842514 0.325405 -0.236636 
0.325405 -0.236636 -0.292883 -0.135534 
-0.292883 -0.135534 -0.0749779 -0.0358878 
-0.0628015 0.215536 -0.143223 0.410805 
-0.143223 0.410805 -0.287647 0.259055 
0.353146 0.196867 0.387165 0.418809 
0.387165 0.418809 0.380865 0.236374 
-0.143223 0.410805 0.387165 0.418809 
-0.0628015 0.215536 0.353146 0.196867 
-0.287647 0.259055 0.380865 0.236374 
-0.181835 -0.0847525 -0.231777 -0.107591 
-0.231777 -0.107591 -0.225526 0.16129 
-0.225526 0.16129 -0.174182 0.159497 
-0.174182 0.159497 -0.181835 -0.0847525 
-0.100665 0.0518508 -0.136076 0.0441339 
-0.136076 0.0441339 -0.131746 0.158016 
-0.131746 0.158016 -0.0960863 0.156771 
-0.0960863 0.156771 -0.100665 0.0518508 
