0.310747 -0.481507 0.328817 -0.0351782 
-0.383156 -0.430683 -0.329048 0.0192023 
-0.23853 -0.302438 -0.210428 -0.0353963 
0.17185 -0.33368 0.187075 -0.0678843 
0.310747 -0.481507 -0.383156 -0.430683 
-0.383156 -0.430683 -0.23853 -0.302438 
-0.23853 -0.302438 0.17185 -0.33368 
0.17185 -0.33368 0.310747 -0.481507 
0.328817 -0.0351782 0.249157 0.113476 
0.249157 0.113476 0.187075 -0.0678843 
-0.329048 0.0192023 -0.236185 0.155044 
-0.236185 0.155044 -0.210428 -0.0353963 
0.249157 0.113476 -0.236185 0.155044 
0.328817 -0.0351782 -0.329048 0.0192023 
0.187075 -0.0678843 -0.210428 -0.0353963 
0.211212 -0.375573 0.189788 -0.352771 
0.189788 -0.352771 0.202136 -0.128588 
0.202136 -0.128588 0.224118 -0.129576 
0.224118 -0.129576 0.211212 -0.375573 
0.276623 -0.282239 0.244073 -0.264857 
0.244073 -0.264857 0.250683 -0.130769 
0.250683 -0.130769 0.283433 -0.13224 
0.283433 -0.13224 0.276623 -0.282239 
