0 0 0 1 -0.212632 -0.0107046 
0 0 6.5 1 -0.233904 0.254112 
10 0 0 1 0.179683 0.00833203 
10 0 6.5 1 0.177677 0.269611 
10 10 0 1 0.322262 -0.0998514 
10 10 6.5 1 0.33039 0.327874 
0 10 0 1 -0.316148 -0.133902 
0 10 6.5 1 -0.360667 0.303368 
0 5 10 1 -0.298263 0.467442 
10 5 10 1 0.23532 0.482843 
0 6 0 1 -0.26213 -0.0696135 
0 8 0 1 -0.286087 -0.0981256 
0 8 5 1 -0.314028 0.194547 
0 6 5 1 -0.285916 0.193285 
0 2 2.5 1 -0.235244 0.0800284 
0 4 2.5 1 -0.252678 0.0703592 
0 4 5 1 -0.263216 0.192266 
0 2 5 1 -0.244503 0.191426 
0.5 0.5 -0.5 1 -0.194018 -0.033258 
0.5 0.5 6 1 -0.214704 0.234682 
10.5 0.5 -0.5 1 0.203888 -0.013568 
10.5 0.5 6 1 0.203036 0.250758 
10.5 10.5 -0.5 1 0.365359 -0.138332 
10.5 10.5 6 1 0.377266 0.297596 
0.5 10.5 -0.5 1 -0.287992 -0.174296 
0.5 10.5 6 1 -0.331335 0.271518 
0.5 5.5 9.5 1 -0.27454 0.446537 
10.5 5.5 9.5 1 0.269443 0.462718 
0.5 6.5 -0.5 1 -0.238724 -0.100353 
0.5 8.5 -0.5 1 -0.260512 -0.133054 
0.5 8.5 4.5 1 -0.287671 0.164555 
0.5 6.5 4.5 1 -0.261834 0.166529 
0.5 2.5 2 1 -0.215008 0.0565804 
0.5 4.5 2 1 -0.230824 0.0444827 
0.5 4.5 4.5 1 -0.241067 0.168115 
0.5 2.5 4.5 1 -0.224009 0.169418 
