0.277618 -0.259498 0.243925 0.0618304 
0.581088 -0.49335 0.510655 0.144639 
-0.415989 -0.609927 -0.475611 0.0497796 
-0.22068 -0.313483 -0.251657 0.0132638 
0.277618 -0.259498 0.581088 -0.49335 
0.581088 -0.49335 -0.415989 -0.609927 
-0.415989 -0.609927 -0.22068 -0.313483 
-0.22068 -0.313483 0.277618 -0.259498 
0.243925 0.0618304 -0.0191786 0.210477 
-0.0191786 0.210477 -0.251657 0.0132638 
0.510655 0.144639 -0.00921934 0.440359 
-0.00921934 0.440359 -0.475611 0.0497796 
-0.0191786 0.210477 -0.00921934 0.440359 
0.243925 0.0618304 0.510655 0.144639 
-0.251657 0.0132638 -0.475611 0.0497796 
-0.0194745 -0.291685 -0.119759 -0.302549 
-0.119759 -0.302549 -0.144053 -0.0516744 
-0.144053 -0.0516744 -0.044193 -0.0416513 
-0.044193 -0.0416513 -0.0194745 -0.291685 
0.166402 -0.145667 0.0675796 -0.155979 
0.0675796 -0.155979 0.0550426 -0.0316908 
0.0550426 -0.0316908 0.153659 -0.0217926 
0.153659 -0.0217926 0.166402 -0.145667 
