0.392628 -0.664285 0.356537 -0.129685 
-0.329077 -0.583048 -0.301449 -0.139427 
-0.0939573 -0.434743 -0.0884676 -0.163165 
0.340329 -0.463196 0.322038 -0.160054 
0.392628 -0.664285 -0.329077 -0.583048 
-0.329077 -0.583048 -0.0939573 -0.434743 
-0.0939573 -0.434743 0.340329 -0.463196 
0.340329 -0.463196 0.392628 -0.664285 
0.356537 -0.129685 0.323069 0.0376796 
0.323069 0.0376796 0.322038 -0.160054 
-0.301449 -0.139427 -0.164718 0.010641 
-0.164718 0.010641 -0.0884676 -0.163165 
0.323069 0.0376796 -0.164718 0.010641 
0.356537 -0.129685 -0.301449 -0.139427 
0.322038 -0.160054 -0.0884676 -0.163165 
0.354614 -0.518121 0.346788 -0.488033 
0.346788 -0.488033 0.330928 -0.22909 
0.330928 -0.22909 0.336753 -0.231661 
0.336753 -0.231661 0.354614 -0.518121 
0.364267 -0.41444 0.353776 -0.390245 
0.353776 -0.390245 0.343876 -0.234804 
0.343876 -0.234804 0.352783 -0.238734 
0.352783 -0.238734 0.364267 -0.41444 
