0.292383 -0.289436 0.253466 0.0548793 
0.358975 -0.53217 0.276189 0.179601 
-0.586172 -0.524046 -0.607686 0.0546409 
-0.204318 -0.310449 -0.226145 -0.000576372 
0.292383 -0.289436 0.358975 -0.53217 
0.358975 -0.53217 -0.586172 -0.524046 
-0.586172 -0.524046 -0.204318 -0.310449 
-0.204318 -0.310449 0.292383 -0.289436 
0.253466 0.0548793 -0.014411 0.19389 
-0.014411 0.19389 -0.226145 -0.000576372 
0.276189 0.179601 -0.234091 0.426942 
-0.234091 0.426942 -0.607686 0.0546409 
-0.014411 0.19389 -0.234091 0.426942 
0.253466 0.0548793 0.276189 0.179601 
-0.226145 -0.000576372 -0.607686 0.0546409 
-0.0186255 -0.302593 -0.113452 -0.306605 
-0.113452 -0.306605 -0.132596 -0.0618503 
-0.132596 -0.0618503 -0.040202 -0.0527045 
-0.040202 -0.0527045 -0.0186255 -0.302593 
0.17031 -0.162136 0.0681888 -0.169375 
0.0681888 -0.169375 0.056219 -0.0431602 
0.056219 -0.0431602 0.156936 -0.0331905 
0.156936 -0.0331905 0.17031 -0.162136 
