0.402686 -0.600627 0.354415 -0.0611853 
-0.303756 -0.527766 -0.28824 -0.0996986 
-0.0526726 -0.400241 -0.0550984 -0.132655 
0.383593 -0.421919 0.356279 -0.114733 
0.402686 -0.600627 -0.303756 -0.527766 
-0.303756 -0.527766 -0.0526726 -0.400241 
-0.0526726 -0.400241 0.383593 -0.421919 
0.383593 -0.421919 0.402686 -0.600627 
0.354415 -0.0611853 0.338776 0.0937378 
0.338776 0.0937378 0.356279 -0.114733 
-0.28824 -0.0996986 -0.14468 0.0416649 
-0.14468 0.0416649 -0.0550984 -0.132655 
0.338776 0.0937378 -0.14468 0.0416649 
0.354415 -0.0611853 -0.28824 -0.0996986 
0.356279 -0.114733 -0.0550984 -0.132655 
0.388807 -0.470723 0.385951 -0.443987 
0.385951 -0.443987 0.362612 -0.181725 
0.362612 -0.181725 0.36298 -0.180777 
0.36298 -0.180777 0.388807 -0.470723 
0.379847 -0.355687 0.377449 -0.336818 
0.377449 -0.336818 0.36343 -0.179619 
0.36343 -0.179619 0.363993 -0.17817 
0.363993 -0.17817 0.379847 -0.355687 
