0.277491 -0.384037 0.242267 -0.0638655 
0.697016 -0.628413 0.60474 -0.0123403 
-0.290326 -0.829046 -0.326739 -0.0827491 
-0.22731 -0.45523 -0.247441 -0.103095 
0.277491 -0.384037 0.697016 -0.628413 
0.697016 -0.628413 -0.290326 -0.829046 
-0.290326 -0.829046 -0.22731 -0.45523 
-0.22731 -0.45523 0.277491 -0.384037 
0.242267 -0.0638655 -0.00633981 0.088511 
-0.00633981 0.088511 -0.247441 -0.103095 
0.60474 -0.0123403 0.145064 0.28238 
0.145064 0.28238 -0.326739 -0.0827491 
-0.00633981 0.088511 0.145064 0.28238 
0.242267 -0.0638655 0.60474 -0.0123403 
-0.247441 -0.103095 -0.326739 -0.0827491 
-0.0142772 -0.425185 -0.118803 -0.439927 
-0.118803 -0.439927 -0.137135 -0.172153 
-0.137135 -0.172153 -0.0351208 -0.16259 
-0.0351208 -0.16259 -0.0142772 -0.425185 
0.170851 -0.269182 0.0747429 -0.280428 
0.0747429 -0.280428 0.0633164 -0.153363 
0.0633164 -0.153363 0.158361 -0.144454 
0.158361 -0.144454 0.170851 -0.269182 
