0 0 0 1 0.257432 -0.0281646 
0 0 6.5 1 0.272614 0.352155 
10 0 0 1 -0.236339 -0.173073 
10 0 6.5 1 -0.274549 0.44515 
10 10 0 1 -0.517877 -0.0320429 
10 10 6.5 1 -0.561227 0.338304 
0 10 0 1 -0.0894455 0.0338596 
0 10 6.5 1 -0.0975019 0.303348 
0 5 10 1 0.0546867 0.510438 
10 5 10 1 -0.483525 0.66533 
0 6 0 1 0.0225414 0.0138356 
0 8 0 1 -0.0368348 0.0244525 
0 8 5 1 -0.0410535 0.241705 
0 6 5 1 0.0207953 0.245213 
0 2 2.5 1 0.170387 0.117409 
0 4 2.5 1 0.0908044 0.122489 
0 4 5 1 0.0915672 0.249227 
0 2 5 1 0.173343 0.253864 
0.5 0.5 -0.5 1 0.216914 -0.0553458 
0.5 0.5 6 1 0.228891 0.320169 
10.5 0.5 -0.5 1 -0.295579 -0.214789 
10.5 0.5 6 1 -0.340874 0.390731 
10.5 10.5 -0.5 1 -0.552397 -0.0585594 
10.5 10.5 6 1 -0.598014 0.307224 
0.5 10.5 -0.5 1 -0.116821 0.0140881 
0.5 10.5 6 1 -0.126303 0.281161 
0.5 5.5 9.5 1 0.0187087 0.482173 
10.5 5.5 9.5 1 -0.533144 0.620978 
0.5 6.5 -0.5 1 -0.00893811 -0.00835695 
0.5 8.5 -0.5 1 -0.0661216 0.00354014 
0.5 8.5 4.5 1 -0.0715851 0.218741 
0.5 6.5 4.5 1 -0.0121275 0.220692 
0.5 2.5 2 1 0.132417 0.0906454 
0.5 4.5 2 1 0.0559602 0.0975674 
0.5 4.5 4.5 1 0.0558565 0.222924 
0.5 2.5 4.5 1 0.134342 0.2255 
