0.0404618 -0.278672 0.0646769 -0.0180698 
0.474798 -0.393971 0.498853 -0.0459971 
0.249861 -0.585196 0.297938 0.0132759 
-0.302415 -0.346979 -0.260299 0.0326062 
0.0404618 -0.278672 0.474798 -0.393971 
0.474798 -0.393971 0.249861 -0.585196 
0.249861 -0.585196 -0.302415 -0.346979 
-0.302415 -0.346979 0.0404618 -0.278672 
0.0646769 -0.0180698 -0.0516371 0.164797 
-0.0516371 0.164797 -0.260299 0.0326062 
0.498853 -0.0459971 0.441252 0.204459 
0.441252 0.204459 0.297938 0.0132759 
-0.0516371 0.164797 0.441252 0.204459 
0.0646769 -0.0180698 0.498853 -0.0459971 
-0.260299 0.0326062 0.297938 0.0132759 
-0.133258 -0.31328 -0.210702 -0.328708 
-0.210702 -0.328708 -0.18218 -0.0599948 
-0.18218 -0.0599948 -0.107956 -0.0653967 
-0.107956 -0.0653967 -0.133258 -0.31328 
0.000665407 -0.180727 -0.0555821 -0.184338 
-0.0555821 -0.184338 -0.0443128 -0.0700285 
-0.0443128 -0.0700285 0.0108604 -0.0740439 
0.0108604 -0.0740439 0.000665407 -0.180727 
