0.25026 -0.40333 0.221849 -0.0892507 
0.723098 -0.582353 0.631664 -0.0149676 
-0.163316 -0.79675 -0.181313 -0.0194983 
-0.246574 -0.472818 -0.250718 -0.103598 
0.25026 -0.40333 0.723098 -0.582353 
0.723098 -0.582353 -0.163316 -0.79675 
-0.163316 -0.79675 -0.246574 -0.472818 
-0.246574 -0.472818 0.25026 -0.40333 
0.221849 -0.0892507 -0.00569716 0.0721896 
-0.00569716 0.0721896 -0.250718 -0.103598 
0.631664 -0.0149676 0.25143 0.284653 
0.25143 0.284653 -0.181313 -0.0194983 
-0.00569716 0.0721896 0.25143 0.284653 
0.221849 -0.0892507 0.631664 -0.0149676 
-0.250718 -0.103598 -0.181313 -0.0194983 
-0.0285738 -0.442328 -0.133934 -0.457064 
-0.133934 -0.457064 -0.142006 -0.179069 
-0.142006 -0.179069 -0.0408768 -0.173562 
-0.0408768 -0.173562 -0.0285738 -0.442328 
0.153132 -0.28695 0.0620172 -0.29571 
0.0620172 -0.29571 0.0541817 -0.168384 
0.0541817 -0.168384 0.143701 -0.163509 
0.143701 -0.163509 0.153132 -0.28695 
