0 0 0 1 0.308902 -0.539906 
0 0 6.5 1 0.247585 0.0711087 
10 0 0 1 -0.223461 -0.367635 
10 0 6.5 1 -0.260522 0.00180813 
10 10 0 1 0.120323 -0.232383 
10 10 6.5 1 0.0940745 0.0292072 
0 10 0 1 0.570506 -0.282226 
0 10 6.5 1 0.534041 0.0810638 
0 5 10 1 0.402605 0.322695 
10 5 10 1 -0.0694686 0.182774 
0 6 0 1 0.496246 -0.355372 
0 8 0 1 0.536652 -0.315572 
0 8 5 1 0.506128 -0.0114564 
0 6 5 1 0.462769 -0.0218235 
0 2 2.5 1 0.365584 -0.256823 
0 4 2.5 1 0.428649 -0.219054 
0 4 5 1 0.410118 -0.0344121 
0 2 5 1 0.34483 -0.0500223 
0.5 0.5 -0.5 1 0.292679 -0.5503 
0.5 0.5 6 1 0.235201 0.0224646 
10.5 0.5 -0.5 1 -0.212856 -0.380765 
10.5 0.5 6 1 -0.248479 -0.025661 
10.5 10.5 -0.5 1 0.118361 -0.245546 
10.5 10.5 6 1 0.0928427 0.00877259 
0.5 10.5 -0.5 1 0.550617 -0.298408 
0.5 10.5 6 1 0.515546 0.0510078 
0.5 5.5 9.5 1 0.385866 0.273897 
10.5 5.5 9.5 1 -0.0656063 0.153986 
0.5 6.5 -0.5 1 0.476043 -0.371234 
0.5 8.5 -0.5 1 0.516484 -0.331741 
0.5 8.5 4.5 1 0.487225 -0.0402226 
0.5 6.5 4.5 1 0.444081 -0.0527786 
0.5 2.5 2 1 0.348054 -0.281752 
0.5 4.5 2 1 0.409759 -0.243328 
0.5 4.5 4.5 1 0.392152 -0.0678911 
0.5 2.5 4.5 1 0.328452 -0.0864295 
