0 0 0 1 0.390374 -0.670765 
0 0 6.5 1 0.356238 -0.137394 
10 0 0 1 -0.332777 -0.589025 
10 0 6.5 1 -0.303473 -0.143473 
10 10 0 1 -0.100046 -0.438004 
10 10 6.5 1 -0.093418 -0.165989 
0 10 0 1 0.333805 -0.46719 
0 10 6.5 1 0.316885 -0.164792 
0 5 10 1 0.320493 0.0314948 
10 5 10 1 -0.167768 0.00776158 
0 6 0 1 0.349261 -0.522812 
0 8 0 1 0.340795 -0.492343 
0 8 5 1 0.326077 -0.234048 
0 6 5 1 0.332627 -0.237062 
0 2 2.5 1 0.361446 -0.420665 
0 4 2.5 1 0.349896 -0.39583 
0 4 5 1 0.340635 -0.240748 
0 2 5 1 0.350648 -0.245355 
0.5 0.5 -0.5 1 0.346694 -0.69228 
0.5 0.5 6 1 0.317768 -0.175803 
10.5 0.5 -0.5 1 -0.345812 -0.609766 
10.5 0.5 6 1 -0.316373 -0.176026 
10.5 10.5 -0.5 1 -0.112758 -0.453815 
10.5 10.5 6 1 -0.105626 -0.186221 
0.5 10.5 -0.5 1 0.310011 -0.48408 
0.5 10.5 6 1 0.29475 -0.187143 
0.5 5.5 9.5 1 0.293666 -0.000506843 
10.5 5.5 9.5 1 -0.180545 -0.0201471 
0.5 6.5 -0.5 1 0.320159 -0.541676 
0.5 8.5 -0.5 1 0.314612 -0.510194 
0.5 8.5 4.5 1 0.301452 -0.257084 
0.5 6.5 4.5 1 0.305433 -0.262269 
0.5 2.5 2 1 0.325609 -0.446985 
0.5 4.5 2 1 0.318383 -0.419946 
0.5 4.5 4.5 1 0.310274 -0.268575 
0.5 2.5 4.5 1 0.316288 -0.27641 
