0.256328 -0.0473948 0.257327 0.324815 
-0.168527 -0.232973 -0.218324 0.406412 
-0.549102 -0.097073 -0.606522 0.295246 
-0.12005 -0.00110985 -0.137972 0.271336 
0.256328 -0.0473948 -0.168527 -0.232973 
-0.168527 -0.232973 -0.549102 -0.097073 
-0.549102 -0.097073 -0.12005 -0.00110985 
-0.12005 -0.00110985 0.256328 -0.0473948 
0.257327 0.324815 0.021467 0.47867 
0.021467 0.47867 -0.137972 0.271336 
-0.218324 0.406412 -0.497391 0.637144 
-0.497391 0.637144 -0.606522 0.295246 
0.021467 0.47867 -0.497391 0.637144 
0.257327 0.324815 -0.218324 0.406412 
-0.137972 0.271336 -0.606522 0.295246 
0.00414872 -0.0163831 -0.0613741 -0.00832547 
-0.0613741 -0.00832547 -0.0734483 0.21047 
-0.0734483 0.21047 -0.00589056 0.215377 
-0.00589056 0.215377 0.00414872 -0.0163831 
0.159271 0.092681 0.0741848 0.0950299 
0.0741848 0.0950299 0.070416 0.22092 
0.070416 0.22092 0.157289 0.227231 
0.157289 0.227231 0.159271 0.092681 
