0 0 0 1 0.280425 -0.358684 
0 0 6.5 1 0.244757 -0.0383201 
10 0 0 1 0.67208 -0.609523 
10 0 6.5 1 0.584385 0.0143182 
10 10 0 1 -0.327155 -0.788784 
10 10 6.5 1 -0.370081 -0.0660588 
0 10 0 1 -0.223502 -0.426048 
0 10 6.5 1 -0.247489 -0.0814491 
0 5 10 1 -0.00869652 0.112268 
10 5 10 1 0.104783 0.308552 
0 6 0 1 -0.0134953 -0.397975 
0 8 0 1 -0.117013 -0.411813 
0 8 5 1 -0.137614 -0.149005 
0 6 5 1 -0.0360068 -0.139049 
0 2 2.5 1 0.171972 -0.244368 
0 4 2.5 1 0.0748901 -0.255592 
0 4 5 1 0.0628629 -0.12936 
0 2 5 1 0.159104 -0.11993 
0.5 0.5 -0.5 1 0.269416 -0.394621 
0.5 0.5 6 1 0.232978 -0.0636899 
10.5 0.5 -0.5 1 0.674189 -0.697504 
10.5 0.5 6 1 0.581231 -0.0323494 
10.5 10.5 -0.5 1 -0.3967 -0.903893 
10.5 10.5 6 1 -0.438277 -0.125241 
0.5 10.5 -0.5 1 -0.251987 -0.466875 
0.5 10.5 6 1 -0.275918 -0.11003 
0.5 5.5 9.5 1 -0.0284405 0.0910043 
10.5 5.5 9.5 1 0.0722464 0.278029 
0.5 6.5 -0.5 1 -0.0344171 -0.436725 
0.5 8.5 -0.5 1 -0.141613 -0.45158 
0.5 8.5 4.5 1 -0.162325 -0.179519 
0.5 6.5 4.5 1 -0.0571787 -0.16882 
0.5 2.5 2 1 0.157581 -0.276887 
0.5 4.5 2 1 0.0572571 -0.288919 
0.5 4.5 4.5 1 0.0450472 -0.158418 
0.5 2.5 4.5 1 0.144473 -0.148302 
