-0.549918 -0.452548 -0.528312 -0.067159 
-0.0832518 -0.362685 -0.089822 -0.0875023 
0.29714 -0.422273 0.262521 -0.0325517 
-0.244233 -0.619925 -0.241722 0.035527 
-0.549918 -0.452548 -0.0832518 -0.362685 
-0.0832518 -0.362685 0.29714 -0.422273 
0.29714 -0.422273 -0.244233 -0.619925 
-0.244233 -0.619925 -0.549918 -0.452548 
-0.528312 -0.067159 -0.411897 0.20133 
-0.411897 0.20133 -0.241722 0.035527 
-0.089822 -0.0875023 0.0487952 0.0946411 
0.0487952 0.0946411 0.262521 -0.0325517 
-0.411897 0.20133 0.0487952 0.0946411 
-0.528312 -0.067159 -0.089822 -0.0875023 
-0.241722 0.035527 0.262521 -0.0325517 
-0.408101 -0.5302 -0.336646 -0.569325 
-0.336646 -0.569325 -0.327912 -0.117129 
-0.327912 -0.117129 -0.39546 -0.128457 
-0.39546 -0.128457 -0.408101 -0.5302 
-0.503053 -0.3047 -0.457311 -0.312632 
-0.457311 -0.312632 -0.450091 -0.137619 
-0.450091 -0.137619 -0.495186 -0.145181 
-0.495186 -0.145181 -0.503053 -0.3047 
