-0.274284 -0.0650133 -0.305293 0.208024 
0.120861 -0.0220926 0.104967 0.232205 
0.3138 -0.102129 0.298103 0.308168 
-0.323422 -0.184359 -0.379596 0.277047 
-0.274284 -0.0650133 0.120861 -0.0220926 
0.120861 -0.0220926 0.3138 -0.102129 
0.3138 -0.102129 -0.323422 -0.184359 
-0.323422 -0.184359 -0.274284 -0.0650133 
-0.305293 0.208024 -0.35569 0.431052 
-0.35569 0.431052 -0.379596 0.277047 
0.104967 0.232205 0.16883 0.440854 
0.16883 0.440854 0.298103 0.308168 
-0.35569 0.431052 0.16883 0.440854 
-0.305293 0.208024 0.104967 0.232205 
-0.379596 0.277047 0.298103 0.308168 
-0.297495 -0.121387 -0.308915 -0.149125 
-0.308915 -0.149125 -0.345679 0.159017 
-0.345679 0.159017 -0.329802 0.153799 
-0.329802 0.153799 -0.297495 -0.121387 
-0.293469 0.0312118 -0.302446 0.0233565 
-0.302446 0.0233565 -0.317076 0.149617 
-0.317076 0.149617 -0.306647 0.14619 
-0.306647 0.14619 -0.293469 0.0312118 
