-0.717468 -0.599332 -0.636326 -0.0932283 
-0.2165 -0.435691 -0.190103 -0.132626 
0.247771 -0.538374 0.253649 -0.15266 
-0.0393585 -0.900915 0.00459817 -0.112736 
-0.717468 -0.599332 -0.2165 -0.435691 
-0.2165 -0.435691 0.247771 -0.538374 
0.247771 -0.538374 -0.0393585 -0.900915 
-0.0393585 -0.900915 -0.717468 -0.599332 
-0.636326 -0.0932283 -0.344895 0.186501 
-0.344895 0.186501 0.00459817 -0.112736 
-0.190103 -0.132626 0.0161634 0.027031 
0.0161634 0.027031 0.253649 -0.15266 
-0.344895 0.186501 0.0161634 0.027031 
-0.636326 -0.0932283 -0.190103 -0.132626 
0.00459817 -0.112736 0.253649 -0.15266 
-0.384236 -0.747534 -0.228953 -0.816594 
-0.228953 -0.816594 -0.181968 -0.257768 
-0.181968 -0.257768 -0.329601 -0.240655 
-0.329601 -0.240655 -0.384236 -0.747534 
-0.591348 -0.420425 -0.483026 -0.449795 
-0.483026 -0.449795 -0.454419 -0.226186 
-0.454419 -0.226186 -0.561332 -0.213792 
-0.561332 -0.213792 -0.591348 -0.420425 
