-0.107173 -0.0355681 -0.102902 0.216016 
0.284487 -0.0691607 0.30944 0.202877 
0.324507 -0.231457 0.370713 0.219223 
-0.296239 -0.158885 -0.303896 0.238321 
-0.107173 -0.0355681 0.284487 -0.0691607 
0.284487 -0.0691607 0.324507 -0.231457 
0.324507 -0.231457 -0.296239 -0.158885 
-0.296239 -0.158885 -0.107173 -0.0355681 
-0.102902 0.216016 -0.179158 0.405925 
-0.179158 0.405925 -0.303896 0.238321 
0.30944 0.202877 0.351364 0.410654 
0.351364 0.410654 0.370713 0.219223 
-0.179158 0.405925 0.351364 0.410654 
-0.102902 0.216016 0.30944 0.202877 
-0.303896 0.238321 0.370713 0.219223 
-0.199476 -0.095772 -0.242887 -0.124087 
-0.242887 -0.124087 -0.245279 0.145485 
-0.245279 0.145485 -0.199601 0.148835 
-0.199601 0.148835 -0.199476 -0.095772 
-0.131883 0.0487219 -0.162767 0.0373141 
-0.162767 0.0373141 -0.16204 0.151591 
-0.16204 0.151591 -0.13061 0.153896 
-0.13061 0.153896 -0.131883 0.0487219 
