0.258981 -0.0994604 0.250448 0.263162 
-0.105643 -0.328739 -0.159845 0.31346 
-0.560898 -0.185533 -0.62396 0.219684 
-0.136035 -0.0586185 -0.159374 0.214045 
0.258981 -0.0994604 -0.105643 -0.328739 
-0.105643 -0.328739 -0.560898 -0.185533 
-0.560898 -0.185533 -0.136035 -0.0586185 
-0.136035 -0.0586185 0.258981 -0.0994604 
0.250448 0.263162 0.00522593 0.415677 
0.00522593 0.415677 -0.159374 0.214045 
-0.159845 0.31346 -0.485713 0.557657 
-0.485713 0.557657 -0.62396 0.219684 
0.00522593 0.415677 -0.485713 0.557657 
0.250448 0.263162 -0.159845 0.31346 
-0.159374 0.214045 -0.62396 0.219684 
-0.00348868 -0.0723229 -0.0731401 -0.0651214 
-0.0731401 -0.0651214 -0.0896884 0.153288 
-0.0896884 0.153288 -0.0184261 0.157982 
-0.0184261 0.157982 -0.00348868 -0.0723229 
0.156022 0.0373141 0.0677744 0.0391441 
0.0677744 0.0391441 0.0612371 0.16323 
0.0612371 0.16323 0.15088 0.169134 
0.15088 0.169134 0.156022 0.0373141 
