0 0 0 1 0.0753165 -0.278778 
0 0 6.5 1 0.0357214 0.397444 
10 0 0 1 -0.24294 -0.102181 
10 0 6.5 1 -0.280829 0.25772 
10 10 0 1 0.168676 -0.0234508 
10 10 6.5 1 0.156748 0.258451 
0 10 0 1 0.60897 -0.0965139 
0 10 6.5 1 0.61963 0.348243 
0 5 10 1 0.38913 0.69461 
10 5 10 1 -0.0469453 0.441182 
0 6 0 1 0.445514 -0.152341 
0 8 0 1 0.533162 -0.122405 
0 8 5 1 0.537686 0.238792 
0 6 5 1 0.445196 0.236959 
0 2 2.5 1 0.213658 -0.00625315 
0 4 2.5 1 0.33963 0.0170906 
0 4 5 1 0.336021 0.234795 
0 2 5 1 0.205198 0.232201 
0.5 0.5 -0.5 1 0.0880926 -0.294624 
0.5 0.5 6 1 0.05277 0.328332 
10.5 0.5 -0.5 1 -0.223336 -0.117969 
10.5 0.5 6 1 -0.258639 0.2263 
10.5 10.5 -0.5 1 0.171453 -0.0383529 
10.5 10.5 6 1 0.160022 0.233879 
0.5 10.5 -0.5 1 0.592406 -0.115878 
0.5 10.5 6 1 0.601469 0.305266 
0.5 5.5 9.5 1 0.380865 0.618572 
10.5 5.5 9.5 1 -0.0356398 0.406133 
0.5 6.5 -0.5 1 0.435373 -0.171536 
0.5 8.5 -0.5 1 0.519289 -0.141793 
0.5 8.5 4.5 1 0.522851 0.199194 
0.5 6.5 4.5 1 0.434503 0.194378 
0.5 2.5 2 1 0.216612 -0.0390989 
0.5 4.5 2 1 0.334743 -0.0144667 
0.5 4.5 4.5 1 0.331209 0.188746 
0.5 2.5 4.5 1 0.208825 0.182074 
