0 0 0 1 0.00997621 -0.240107 
0 0 6.5 1 -0.0259781 0.455432 
10 0 0 1 -0.246885 -0.0593471 
10 0 6.5 1 -0.281211 0.301467 
10 10 0 1 0.181065 0.00592246 
10 10 6.5 1 0.175331 0.295517 
0 10 0 1 0.614907 -0.0785474 
0 10 6.5 1 0.641464 0.393058 
0 5 10 1 0.381029 0.769754 
10 5 10 1 -0.036673 0.486539 
0 6 0 1 0.425276 -0.129192 
0 8 0 1 0.526468 -0.102167 
0 8 5 1 0.542009 0.277745 
0 6 5 1 0.434694 0.278139 
0 2 2.5 1 0.16667 0.0313471 
0 4 2.5 1 0.308855 0.0508056 
0 4 5 1 0.309393 0.278599 
0 2 5 1 0.161169 0.279143 
0.5 0.5 -0.5 1 0.0308694 -0.257519 
0.5 0.5 6 1 0.000163632 0.381424 
10.5 0.5 -0.5 1 -0.225461 -0.075913 
10.5 0.5 6 1 -0.257078 0.269097 
10.5 10.5 -0.5 1 0.185013 -0.00953163 
10.5 10.5 6 1 0.17966 0.269807 
0.5 10.5 -0.5 1 0.599757 -0.0986977 
0.5 10.5 6 1 0.623712 0.346277 
0.5 5.5 9.5 1 0.376103 0.68586 
10.5 5.5 9.5 1 -0.0237588 0.449947 
0.5 6.5 -0.5 1 0.418671 -0.149253 
0.5 8.5 -0.5 1 0.514984 -0.122364 
0.5 8.5 4.5 1 0.528931 0.235106 
0.5 6.5 4.5 1 0.427077 0.232376 
0.5 2.5 2 1 0.176118 -0.00355793 
0.5 4.5 2 1 0.308752 0.017331 
0.5 4.5 4.5 1 0.309251 0.229219 
0.5 2.5 4.5 1 0.171379 0.225524 
