0.257239 -0.0264971 0.271034 0.353526 
-0.230673 -0.174198 -0.27035 0.447469 
-0.521695 -0.0348288 -0.56671 0.338072 
-0.0928155 0.0333321 -0.101933 0.303366 
0.257239 -0.0264971 -0.230673 -0.174198 
-0.230673 -0.174198 -0.521695 -0.0348288 
-0.521695 -0.0348288 -0.0928155 0.0333321 
-0.0928155 0.0333321 0.257239 -0.0264971 
0.271034 0.353526 0.051034 0.511145 
0.051034 0.511145 -0.101933 0.303366 
-0.27035 0.447469 -0.486384 0.668006 
-0.486384 0.668006 -0.56671 0.338072 
0.051034 0.511145 -0.486384 0.668006 
0.271034 0.353526 -0.27035 0.447469 
-0.101933 0.303366 -0.56671 0.338072 
0.0204277 0.0139772 -0.0395871 0.0242346 
-0.0395871 0.0242346 -0.0446399 0.241844 
-0.0446399 0.241844 0.0178141 0.245626 
0.0178141 0.245626 0.0204277 0.0139772 
0.169102 0.118494 0.088898 0.123142 
0.088898 0.123142 0.0891946 0.249949 
0.0891946 0.249949 0.171563 0.254937 
0.171563 0.254937 0.169102 0.118494 
