0.192318 -0.392823 0.181393 -0.0934276 
0.681913 -0.51857 0.620299 -0.0274438 
0.00962135 -0.692905 0.00806978 0.0558338 
-0.272378 -0.44468 -0.253344 -0.0660308 
0.192318 -0.392823 0.681913 -0.51857 
0.681913 -0.51857 0.00962135 -0.692905 
0.00962135 -0.692905 -0.272378 -0.44468 
-0.272378 -0.44468 0.192318 -0.392823 
0.181393 -0.0934276 -0.0112959 0.0820362 
-0.0112959 0.0820362 -0.253344 -0.0660308 
0.620299 -0.0274438 0.352643 0.275629 
0.352643 0.275629 0.00806978 0.0558338 
-0.0112959 0.0820362 0.352643 0.275629 
0.181393 -0.0934276 0.620299 -0.0274438 
-0.253344 -0.0660308 0.00806978 0.0558338 
-0.0591732 -0.420888 -0.160283 -0.432171 
-0.160283 -0.432171 -0.151996 -0.151204 
-0.151996 -0.151204 -0.0563205 -0.153566 
-0.0563205 -0.153566 -0.0591732 -0.420888 
0.113212 -0.276667 0.0316457 -0.280073 
0.0316457 -0.280073 0.0308423 -0.155717 
0.0308423 -0.155717 0.11058 -0.157685 
0.11058 -0.157685 0.113212 -0.276667 
