0 0 0 1 0.189557 -0.413288 
0 0 6.5 1 0.141755 0.222237 
10 0 0 1 -0.23086 -0.225996 
10 0 6.5 1 -0.271246 0.13214 
10 10 0 1 0.148607 -0.117764 
10 10 6.5 1 0.127936 0.150944 
0 10 0 1 0.594539 -0.183809 
0 10 6.5 1 0.580018 0.215711 
0 5 10 1 0.398579 0.501346 
10 5 10 1 -0.0581219 0.315548 
0 6 0 1 0.474888 -0.251608 
0 8 0 1 0.539508 -0.214991 
0 8 5 1 0.525847 0.113963 
0 6 5 1 0.457858 0.105744 
0 2 2.5 1 0.291192 -0.136337 
0 4 2.5 1 0.387368 -0.10315 
0 4 5 1 0.376419 0.0958995 
0 2 5 1 0.2771 0.0838936 
0.5 0.5 -0.5 1 0.188304 -0.423927 
0.5 0.5 6 1 0.143816 0.166043 
10.5 0.5 -0.5 1 -0.215107 -0.239564 
10.5 0.5 6 1 -0.253359 0.103652 
10.5 10.5 -0.5 1 0.149268 -0.131239 
10.5 10.5 6 1 0.12924 0.128987 
0.5 10.5 -0.5 1 0.576221 -0.200594 
0.5 10.5 6 1 0.561706 0.180455 
0.5 5.5 9.5 1 0.385798 0.441099 
10.5 5.5 9.5 1 -0.0500583 0.284295 
0.5 6.5 -0.5 1 0.459568 -0.267753 
0.5 8.5 -0.5 1 0.522351 -0.231608 
0.5 8.5 4.5 1 0.508848 0.0811134 
0.5 6.5 4.5 1 0.442942 0.0705187 
0.5 2.5 2 1 0.283792 -0.163133 
0.5 4.5 2 1 0.375274 -0.129343 
0.5 4.5 4.5 1 0.364739 0.0579473 
0.5 2.5 4.5 1 0.270443 0.0427887 
