0 0 0 1 0.292528 -0.296499 
0 0 6.5 1 0.253714 0.0471758 
10 0 0 1 0.382413 -0.532249 
10 0 6.5 1 0.297906 0.178368 
10 10 0 1 -0.58331 -0.532118 
10 10 6.5 1 -0.599569 0.0571215 
0 10 0 1 -0.207951 -0.318907 
0 10 6.5 1 -0.228078 -0.00633444 
0 5 10 1 -0.013533 0.186974 
10 5 10 1 -0.214406 0.42751 
0 6 0 1 -0.0196658 -0.310477 
0 8 0 1 -0.115639 -0.314774 
0 8 5 1 -0.133723 -0.0681515 
0 6 5 1 -0.0404295 -0.0591883 
0 2 2.5 1 0.170623 -0.169095 
0 4 2.5 1 0.0682186 -0.176334 
0 4 5 1 0.0565443 -0.0498715 
0 2 5 1 0.157421 -0.0401798 
0.5 0.5 -0.5 1 0.26956 -0.331532 
0.5 0.5 6 1 0.230625 0.0213272 
10.5 0.5 -0.5 1 0.337644 -0.619855 
10.5 0.5 6 1 0.25222 0.13116 
10.5 10.5 -0.5 1 -0.660247 -0.603207 
10.5 10.5 6 1 -0.672693 0.0134924 
0.5 10.5 -0.5 1 -0.239558 -0.351015 
0.5 10.5 6 1 -0.259135 -0.0308696 
0.5 5.5 9.5 1 -0.0409097 0.165864 
10.5 5.5 9.5 1 -0.275809 0.396783 
0.5 6.5 -0.5 1 -0.0482965 -0.343696 
0.5 8.5 -0.5 1 -0.145828 -0.347428 
0.5 8.5 4.5 1 -0.163569 -0.0946782 
0.5 6.5 4.5 1 -0.0688079 -0.0860418 
0.5 2.5 2 1 0.145599 -0.199977 
0.5 4.5 2 1 0.0413725 -0.206749 
0.5 4.5 4.5 1 0.0297753 -0.077057 
0.5 2.5 4.5 1 0.132417 -0.0677023 
