0 0 0 1 0.0241379 -0.208791 
0 0 6.5 1 0.0495156 0.0465793 
10 0 0 1 0.448479 -0.306953 
10 0 6.5 1 0.479113 0.0228869 
10 10 0 1 0.274253 -0.467613 
10 10 6.5 1 0.328259 0.0993606 
0 10 0 1 -0.295732 -0.268678 
0 10 6.5 1 -0.256424 0.108985 
0 5 10 1 -0.0574694 0.234689 
10 5 10 1 0.444398 0.273475 
0 6 0 1 -0.136856 -0.238933 
0 8 0 1 -0.209332 -0.252502 
0 8 5 1 -0.182043 0.0129322 
0 6 5 1 -0.112022 0.00514257 
0 2 2.5 1 -0.0115442 -0.112158 
0 4 2.5 1 -0.063779 -0.114247 
0 4 5 1 -0.0524088 -0.00148931 
0 2 5 1 -0.00104288 -0.00720368 
0.5 0.5 -0.5 1 0.0279114 -0.235065 
0.5 0.5 6 1 0.0539968 0.0276806 
10.5 0.5 -0.5 1 0.469187 -0.344815 
10.5 0.5 6 1 0.500848 -0.00256698 
10.5 10.5 -0.5 1 0.299404 -0.545141 
10.5 10.5 6 1 0.356706 0.0595134 
0.5 10.5 -0.5 1 -0.303793 -0.310682 
0.5 10.5 6 1 -0.262761 0.0833381 
0.5 5.5 9.5 1 -0.0557529 0.218488 
10.5 5.5 9.5 1 0.470395 0.252913 
0.5 6.5 -0.5 1 -0.137892 -0.272862 
0.5 8.5 -0.5 1 -0.213289 -0.29005 
0.5 8.5 4.5 1 -0.184924 -0.0141514 
0.5 6.5 4.5 1 -0.11217 -0.0199667 
0.5 2.5 2 1 -0.00859867 -0.13731 
0.5 4.5 2 1 -0.0623273 -0.141401 
0.5 4.5 4.5 1 -0.0505858 -0.0248893 
0.5 2.5 4.5 1 0.0022185 -0.0291101 
