0.2658 -0.269031 0.310427 0.11947 
-0.368796 -0.286061 -0.335155 0.199741 
-0.35737 -0.126119 -0.337619 0.158995 
0.047422 -0.135264 0.0718319 0.113321 
0.2658 -0.269031 -0.368796 -0.286061 
-0.368796 -0.286061 -0.35737 -0.126119 
-0.35737 -0.126119 0.047422 -0.135264 
0.047422 -0.135264 0.2658 -0.269031 
0.310427 0.11947 0.18205 0.284473 
0.18205 0.284473 0.0718319 0.113321 
-0.335155 0.199741 -0.322775 0.375208 
-0.322775 0.375208 -0.337619 0.158995 
0.18205 0.284473 -0.322775 0.375208 
0.310427 0.11947 -0.335155 0.199741 
0.0718319 0.113321 -0.337619 0.158995 
0.112741 -0.175275 0.0775483 -0.153718 
0.0775483 -0.153718 0.0981617 0.0514376 
0.0981617 0.0514376 0.135674 0.0470608 
0.135674 0.0470608 0.112741 -0.175275 
0.219036 -0.0991984 0.167182 -0.0805074 
0.167182 -0.0805074 0.180194 0.0418665 
0.180194 0.0418665 0.233885 0.035602 
0.233885 0.035602 0.219036 -0.0991984 
