0.107383 -0.310347 0.0658067 0.354027 
-0.240013 -0.131909 -0.279069 0.227087 
0.162868 -0.0455292 0.148196 0.23238 
0.605143 -0.115711 0.608315 0.315588 
0.107383 -0.310347 -0.240013 -0.131909 
-0.240013 -0.131909 0.162868 -0.0455292 
0.162868 -0.0455292 0.605143 -0.115711 
0.605143 -0.115711 0.107383 -0.310347 
0.0658067 0.354027 0.39203 0.644788 
0.39203 0.644788 0.608315 0.315588 
-0.279069 0.227087 -0.0508731 0.410144 
-0.0508731 0.410144 0.148196 0.23238 
0.39203 0.644788 -0.0508731 0.410144 
0.0658067 0.354027 -0.279069 0.227087 
0.608315 0.315588 0.148196 0.23238 
0.454269 -0.174707 0.535342 -0.143005 
0.535342 -0.143005 0.534559 0.208611 
0.534559 0.208611 0.449161 0.205127 
0.449161 0.205127 0.454269 -0.174707 
0.23589 -0.0371412 0.353581 -0.0112512 
0.353581 -0.0112512 0.347901 0.200995 
0.347901 0.200995 0.225905 0.196017 
0.225905 0.196017 0.23589 -0.0371412 
