0 0 0 1 0.100835 -0.412359 
0 0 6.5 1 0.114536 -0.130029 
10 0 0 1 0.572176 -0.563975 
10 0 6.5 1 0.564715 -0.147547 
10 10 0 1 0.172654 -0.803911 
10 10 6.5 1 0.198338 -0.0969121 
0 10 0 1 -0.305836 -0.485566 
0 10 6.5 1 -0.264709 -0.0942363 
0 5 10 1 -0.033476 0.0494043 
10 5 10 1 0.42673 0.123782 
0 6 0 1 -0.109989 -0.45031 
0 8 0 1 -0.200769 -0.466652 
0 8 5 1 -0.175151 -0.183874 
0 6 5 1 -0.0894234 -0.186651 
0 2 2.5 1 0.0457271 -0.305426 
0 4 2.5 1 -0.0223513 -0.310375 
0 4 5 1 -0.0142295 -0.189086 
0 2 5 1 0.0522596 -0.191239 
0.5 0.5 -0.5 1 0.101176 -0.44381 
0.5 0.5 6 1 0.115316 -0.150846 
10.5 0.5 -0.5 1 0.596996 -0.618829 
10.5 0.5 6 1 0.587669 -0.178901 
10.5 10.5 -0.5 1 0.180135 -0.923284 
10.5 10.5 6 1 0.207161 -0.145925 
0.5 10.5 -0.5 1 -0.325168 -0.533561 
0.5 10.5 6 1 -0.281041 -0.121505 
0.5 5.5 9.5 1 -0.0381393 0.0325339 
10.5 5.5 9.5 1 0.44639 0.101777 
0.5 6.5 -0.5 1 -0.118392 -0.490032 
0.5 8.5 -0.5 1 -0.213899 -0.510138 
0.5 8.5 4.5 1 -0.186631 -0.213357 
0.5 6.5 4.5 1 -0.0966749 -0.214237 
0.5 2.5 2 1 0.0440988 -0.334402 
0.5 4.5 2 1 -0.0266948 -0.341421 
0.5 4.5 4.5 1 -0.0181887 -0.215006 
0.5 2.5 4.5 1 0.0508902 -0.215682 
