-0.103113 -0.03571 -0.0978021 0.21577 
0.288982 -0.0713495 0.314906 0.201672 
0.324571 -0.233186 0.372068 0.219902 
-0.29583 -0.156562 -0.301862 0.240154 
-0.103113 -0.03571 0.288982 -0.0713495 
0.288982 -0.0713495 0.324571 -0.233186 
0.324571 -0.233186 -0.29583 -0.156562 
-0.29583 -0.156562 -0.103113 -0.03571 
-0.0978021 0.21577 -0.174567 0.406108 
-0.174567 0.406108 -0.301862 0.240154 
0.314906 0.201672 0.355945 0.410805 
0.355945 0.410805 0.372068 0.219902 
-0.174567 0.406108 0.355945 0.410805 
-0.0978021 0.21577 0.314906 0.201672 
-0.301862 0.240154 0.372068 0.219902 
-0.197253 -0.0947449 -0.241492 -0.122487 
-0.241492 -0.122487 -0.242783 0.14688 
-0.242783 0.14688 -0.196377 0.149716 
-0.196377 0.149716 -0.197253 -0.0947449 
-0.127933 0.0488945 -0.15939 0.0378602 
-0.15939 0.0378602 -0.158194 0.15205 
-0.158194 0.15205 -0.126227 0.154003 
-0.126227 0.154003 -0.127933 0.0488945 
