0.403621 -0.531927 0.34598 0.0117168 
-0.281921 -0.469586 -0.27837 -0.0566758 
-0.0149656 -0.357868 -0.0247619 -0.0943338 
0.42261 -0.372061 0.387689 -0.0608127 
0.403621 -0.531927 -0.281921 -0.469586 
-0.281921 -0.469586 -0.0149656 -0.357868 
-0.0149656 -0.357868 0.42261 -0.372061 
0.42261 -0.372061 0.403621 -0.531927 
0.34598 0.0117168 0.351152 0.157897 
0.351152 0.157897 0.387689 -0.0608127 
-0.27837 -0.0566758 -0.12777 0.0795174 
-0.12777 0.0795174 -0.0247619 -0.0943338 
0.351152 0.157897 -0.12777 0.0795174 
0.34598 0.0117168 -0.27837 -0.0566758 
0.387689 -0.0608127 -0.0247619 -0.0943338 
0.417414 -0.415801 0.42026 -0.391847 
0.42026 -0.391847 0.390695 -0.126487 
0.390695 -0.126487 0.385033 -0.12269 
0.385033 -0.12269 0.417414 -0.415801 
0.388808 -0.291596 0.395495 -0.277051 
0.395495 -0.277051 0.378112 -0.11805 
0.378112 -0.11805 0.36946 -0.112248 
0.36946 -0.112248 0.388808 -0.291596 
