0.0622906 -0.351521 0.0834942 -0.082313 
0.511255 -0.486905 0.524651 -0.11235 
0.219773 -0.711744 0.259546 -0.0674883 
-0.308065 -0.427216 -0.264537 -0.042163 
0.0622906 -0.351521 0.511255 -0.486905 
0.511255 -0.486905 0.219773 -0.711744 
0.219773 -0.711744 -0.308065 -0.427216 
-0.308065 -0.427216 0.0622906 -0.351521 
0.0834942 -0.082313 -0.0451807 0.0971672 
-0.0451807 0.0971672 -0.264537 -0.042163 
0.524651 -0.11235 0.436719 0.142571 
0.436719 0.142571 0.259546 -0.0674883 
-0.0451807 0.0971672 0.436719 0.142571 
0.0834942 -0.082313 0.524651 -0.11235 
-0.264537 -0.042163 0.259546 -0.0674883 
-0.126929 -0.390194 -0.210234 -0.407221 
-0.210234 -0.407221 -0.18164 -0.13238 
-0.18164 -0.13238 -0.102409 -0.135676 
-0.102409 -0.135676 -0.126929 -0.390194 
0.0167694 -0.250706 -0.0443898 -0.255682 
-0.0443898 -0.255682 -0.0338828 -0.138528 
-0.0338828 -0.138528 0.0259698 -0.141018 
0.0259698 -0.141018 0.0167694 -0.250706 
