-0.42042 -0.419092 -0.437333 -0.0910891 
0.00909766 -0.31967 -0.0138971 -0.0601309 
0.323224 -0.411893 0.278294 -0.0193758 
-0.28677 -0.628432 -0.322197 -0.0548425 
-0.42042 -0.419092 0.00909766 -0.31967 
0.00909766 -0.31967 0.323224 -0.411893 
0.323224 -0.411893 -0.28677 -0.628432 
-0.28677 -0.628432 -0.42042 -0.419092 
-0.437333 -0.0910891 -0.406749 0.135079 
-0.406749 0.135079 -0.322197 -0.0548425 
-0.0138971 -0.0601309 0.0869793 0.117645 
0.0869793 0.117645 0.278294 -0.0193758 
-0.406749 0.135079 0.0869793 0.117645 
-0.437333 -0.0910891 -0.0138971 -0.0601309 
-0.322197 -0.0548425 0.278294 -0.0193758 
-0.358816 -0.515584 -0.327515 -0.564612 
-0.327515 -0.564612 -0.350256 -0.177137 
-0.350256 -0.177137 -0.378099 -0.173131 
-0.378099 -0.173131 -0.358816 -0.515584 
-0.41118 -0.304619 -0.392071 -0.321333 
-0.392071 -0.321333 -0.400308 -0.169936 
-0.400308 -0.169936 -0.418436 -0.167327 
-0.418436 -0.167327 -0.41118 -0.304619 
