0.274644 -0.218695 0.249929 0.131238 
0.0484396 -0.529521 -0.0122953 0.132572 
-0.572417 -0.387409 -0.635993 0.0578037 
-0.158221 -0.192773 -0.187794 0.0855276 
0.274644 -0.218695 0.0484396 -0.529521 
0.0484396 -0.529521 -0.572417 -0.387409 
-0.572417 -0.387409 -0.158221 -0.192773 
-0.158221 -0.192773 0.274644 -0.218695 
0.249929 0.131238 -0.00982527 0.279374 
-0.00982527 0.279374 -0.187794 0.0855276 
-0.0122953 0.132572 -0.42458 0.394645 
-0.42458 0.394645 -0.635993 0.0578037 
-0.00982527 0.279374 -0.42458 0.394645 
0.249929 0.131238 -0.0122953 0.132572 
-0.187794 0.0855276 -0.635993 0.0578037 
-0.00787569 -0.201777 -0.0862093 -0.197086 
-0.0862093 -0.197086 -0.108484 0.024901 
-0.108484 0.024901 -0.0296451 0.0300513 
-0.0296451 0.0300513 -0.00787569 -0.201777 
0.161447 -0.0866468 0.0672194 -0.0868125 
0.0672194 -0.0868125 0.0565788 0.0356839 
0.0565788 0.0356839 0.151276 0.04187 
0.151276 0.04187 0.161447 -0.0866468 
