0.292338 -0.343949 0.255563 -0.00133662 
0.47537 -0.576361 0.38471 0.131054 
-0.564043 -0.597122 -0.558515 0.0385688 
-0.222319 -0.367741 -0.23444 -0.0428305 
0.292338 -0.343949 0.47537 -0.576361 
0.47537 -0.576361 -0.564043 -0.597122 
-0.564043 -0.597122 -0.222319 -0.367741 
-0.222319 -0.367741 0.292338 -0.343949 
0.255563 -0.00133662 -0.00825446 0.144725 
-0.00825446 0.144725 -0.23444 -0.0428305 
0.38471 0.131054 -0.130162 0.396221 
-0.130162 0.396221 -0.558515 0.0385688 
-0.00825446 0.144725 -0.130162 0.396221 
0.255563 -0.00133662 0.38471 0.131054 
-0.23444 -0.0428305 -0.558515 0.0385688 
-0.0236919 -0.358559 -0.124156 -0.363203 
-0.124156 -0.363203 -0.137074 -0.108042 
-0.137074 -0.108042 -0.0402687 -0.100675 
-0.0402687 -0.100675 -0.0236919 -0.358559 
0.172042 -0.214783 0.0687685 -0.221126 
0.0687685 -0.221126 0.0587505 -0.0931398 
0.0587505 -0.0931398 0.160061 -0.08543 
0.160061 -0.08543 0.172042 -0.214783 
