0 0 0 1 0.169608 -0.386788 
0 0 6.5 1 0.123507 0.255047 
10 0 0 1 -0.233148 -0.201531 
10 0 6.5 1 -0.273428 0.156421 
10 10 0 1 0.152072 -0.0987718 
10 10 6.5 1 0.132717 0.171931 
0 10 0 1 0.597193 -0.165764 
0 10 6.5 1 0.58676 0.240944 
0 5 10 1 0.397051 0.53664 
10 5 10 1 -0.0566303 0.339608 
0 6 0 1 0.470082 -0.231469 
0 8 0 1 0.538649 -0.196026 
0 8 5 1 0.528009 0.138025 
0 6 5 1 0.455892 0.130917 
0 2 2.5 1 0.277966 -0.111041 
0 4 2.5 1 0.379386 -0.0796065 
0 4 5 1 0.369709 0.122422 
0 2 5 1 0.2649 0.112092 
0.5 0.5 -0.5 1 0.170781 -0.398303 
0.5 0.5 6 1 0.128068 0.196664 
10.5 0.5 -0.5 1 -0.216668 -0.215482 
10.5 0.5 6 1 -0.254719 0.127424 
10.5 10.5 -0.5 1 0.153115 -0.112481 
10.5 10.5 6 1 0.134383 0.149534 
0.5 10.5 -0.5 1 0.579152 -0.182976 
0.5 10.5 6 1 0.568467 0.204427 
0.5 5.5 9.5 1 0.384982 0.473808 
10.5 5.5 9.5 1 -0.0479633 0.307701 
0.5 6.5 -0.5 1 0.455608 -0.248119 
0.5 8.5 -0.5 1 0.522021 -0.2131 
0.5 8.5 4.5 1 0.511349 0.104066 
0.5 6.5 4.5 1 0.441649 0.0944764 
0.5 2.5 2 1 0.272294 -0.138847 
0.5 4.5 2 1 0.368473 -0.106689 
0.5 4.5 4.5 1 0.359141 0.083125 
0.5 2.5 4.5 1 0.259937 0.0694767 
