0.368824 -0.521189 0.299883 0.0704752 
-0.23534 -0.408184 -0.262909 -0.0231592 
0.0823989 -0.279408 0.0571954 -0.0187665 
0.53022 -0.303822 0.485567 0.037498 
0.368824 -0.521189 -0.23534 -0.408184 
-0.23534 -0.408184 0.0823989 -0.279408 
0.0823989 -0.279408 0.53022 -0.303822 
0.53022 -0.303822 0.368824 -0.521189 
0.299883 0.0704752 0.389117 0.271174 
0.389117 0.271174 0.485567 0.037498 
-0.262909 -0.0231592 -0.086739 0.14079 
-0.086739 0.14079 0.0571954 -0.0187665 
0.389117 0.271174 -0.086739 0.14079 
0.299883 0.0704752 -0.262909 -0.0231592 
0.485567 0.037498 0.0571954 -0.0187665 
0.485474 -0.364085 0.509923 -0.331157 
0.509923 -0.331157 0.472678 -0.0424331 
0.472678 -0.0424331 0.445104 -0.0457429 
0.445104 -0.0457429 0.485474 -0.364085 
0.393145 -0.252011 0.433134 -0.224728 
0.433134 -0.224728 0.411416 -0.0497866 
0.411416 -0.0497866 0.369326 -0.054839 
0.369326 -0.054839 0.393145 -0.252011 
