0.291649 -0.278433 0.253243 0.0676222 
0.300149 -0.545553 0.221884 0.167073 
-0.589624 -0.511975 -0.623505 0.040571 
-0.194977 -0.293728 -0.220439 0.00965945 
0.291649 -0.278433 0.300149 -0.545553 
0.300149 -0.545553 -0.589624 -0.511975 
-0.589624 -0.511975 -0.194977 -0.293728 
-0.194977 -0.293728 0.291649 -0.278433 
0.253243 0.0676222 -0.0156056 0.206066 
-0.0156056 0.206066 -0.220439 0.00965945 
0.221884 0.167073 -0.280121 0.413804 
-0.280121 0.413804 -0.623505 0.040571 
-0.0156056 0.206066 -0.280121 0.413804 
0.253243 0.0676222 0.221884 0.167073 
-0.220439 0.00965945 -0.623505 0.040571 
-0.0158442 -0.288098 -0.107729 -0.290986 
-0.107729 -0.290986 -0.129055 -0.0507547 
-0.129055 -0.0507547 -0.0389843 -0.0416096 
-0.0389843 -0.0416096 -0.0158442 -0.288098 
0.169653 -0.150875 0.0684076 -0.157618 
0.0684076 -0.157618 0.0559351 -0.0319723 
0.0559351 -0.0319723 0.156105 -0.0218018 
0.156105 -0.0218018 0.169653 -0.150875 
