0 0 0 1 0.292624 -0.310629 
0 0 6.5 1 0.254278 0.0323051 
10 0 0 1 0.417479 -0.540208 
10 0 6.5 1 0.330506 0.168613 
10 10 0 1 -0.57747 -0.549715 
10 10 6.5 1 -0.585649 0.0559003 
0 10 0 1 -0.213324 -0.334247 
0 10 6.5 1 -0.230661 -0.0173922 
0 5 10 1 -0.0118306 0.173894 
10 5 10 1 -0.183716 0.422187 
0 6 0 1 -0.0211604 -0.325277 
0 8 0 1 -0.118832 -0.329836 
0 8 5 1 -0.135144 -0.0802551 
0 6 5 1 -0.040522 -0.0717457 
0 2 2.5 1 0.171157 -0.182816 
0 4 2.5 1 0.0683834 -0.189864 
0 4 5 1 0.0572448 -0.0629535 
0 2 5 1 0.158316 -0.0538642 
0.5 0.5 -0.5 1 0.270578 -0.34569 
0.5 0.5 6 1 0.232165 0.00702589 
10.5 0.5 -0.5 1 0.376712 -0.628622 
10.5 0.5 6 1 0.288671 0.123276 
10.5 10.5 -0.5 1 -0.657353 -0.624055 
10.5 10.5 6 1 -0.660352 0.0126592 
0.5 10.5 -0.5 1 -0.245355 -0.366939 
0.5 10.5 6 1 -0.261917 -0.0417613 
0.5 5.5 9.5 1 -0.0387128 0.153411 
10.5 5.5 9.5 1 -0.243535 0.393521 
0.5 6.5 -0.5 1 -0.0496514 -0.358879 
0.5 8.5 -0.5 1 -0.149161 -0.362977 
0.5 8.5 4.5 1 -0.164979 -0.106686 
0.5 6.5 4.5 1 -0.0686365 -0.0984188 
0.5 2.5 2 1 0.146841 -0.213573 
0.5 4.5 2 1 0.0419983 -0.220261 
0.5 4.5 4.5 1 0.0309852 -0.0898706 
0.5 2.5 4.5 1 0.134056 -0.0810265 
