0.0767187 -0.38319 0.0953646 -0.108543 
0.534847 -0.527693 0.540643 -0.136354 
0.201859 -0.764808 0.236243 -0.093325 
-0.30885 -0.459956 -0.265602 -0.0716239 
0.0767187 -0.38319 0.534847 -0.527693 
0.534847 -0.527693 0.201859 -0.764808 
0.201859 -0.764808 -0.30885 -0.459956 
-0.30885 -0.459956 0.0767187 -0.38319 
0.0953646 -0.108543 -0.0408826 0.0704135 
-0.0408826 0.0704135 -0.265602 -0.0716239 
0.540643 -0.136354 0.433607 0.123921 
0.433607 0.123921 0.236243 -0.093325 
-0.0408826 0.0704135 0.433607 0.123921 
0.0953646 -0.108543 0.540643 -0.136354 
-0.265602 -0.0716239 0.236243 -0.093325 
-0.121336 -0.422622 -0.207825 -0.439842 
-0.207825 -0.439842 -0.179959 -0.161325 
-0.179959 -0.161325 -0.097982 -0.164059 
-0.097982 -0.164059 -0.121336 -0.422622 
0.0275345 -0.280109 -0.0364409 -0.285378 
-0.0364409 -0.285378 -0.0267038 -0.166436 
-0.0267038 -0.166436 0.0358419 -0.168522 
0.0358419 -0.168522 0.0275345 -0.280109 
