-0.709727 -0.601427 -0.631499 -0.104761 
-0.206365 -0.444189 -0.182416 -0.142044 
0.253136 -0.546489 0.254724 -0.156707 
-0.0679042 -0.901629 -0.0263869 -0.113634 
-0.709727 -0.601427 -0.206365 -0.444189 
-0.206365 -0.444189 0.253136 -0.546489 
0.253136 -0.546489 -0.0679042 -0.901629 
-0.0679042 -0.901629 -0.709727 -0.601427 
-0.631499 -0.104761 -0.358129 0.174021 
-0.358129 0.174021 -0.0263869 -0.113634 
-0.182416 -0.142044 0.0180046 0.0196643 
0.0180046 0.0196643 0.254724 -0.156707 
-0.358129 0.174021 0.0180046 0.0196643 
-0.631499 -0.104761 -0.182416 -0.142044 
-0.0263869 -0.113634 0.254724 -0.156707 
-0.39757 -0.747433 -0.24998 -0.816466 
-0.24998 -0.816466 -0.204662 -0.259995 
-0.204662 -0.259995 -0.344657 -0.244938 
-0.344657 -0.244938 -0.39757 -0.747433 
-0.591199 -0.42469 -0.489827 -0.452771 
-0.489827 -0.452771 -0.462173 -0.232299 
-0.462173 -0.232299 -0.562223 -0.221539 
-0.562223 -0.221539 -0.591199 -0.42469 
