-0.115334 -0.0349696 -0.113175 0.21693 
0.275585 -0.0643238 0.298531 0.205906 
0.324454 -0.226759 0.367987 0.219535 
-0.29709 -0.162636 -0.307997 0.235797 
-0.115334 -0.0349696 0.275585 -0.0643238 
0.275585 -0.0643238 0.324454 -0.226759 
0.324454 -0.226759 -0.29709 -0.162636 
-0.29709 -0.162636 -0.115334 -0.0349696 
-0.113175 0.21693 -0.188423 0.406305 
-0.188423 0.406305 -0.307997 0.235797 
0.298531 0.205906 0.342164 0.411434 
0.342164 0.411434 0.367987 0.219535 
-0.188423 0.406305 0.342164 0.411434 
-0.113175 0.21693 0.298531 0.205906 
-0.307997 0.235797 0.367987 0.219535 
-0.20396 -0.0972213 -0.245713 -0.126549 
-0.245713 -0.126549 -0.250314 0.143596 
-0.250314 0.143596 -0.2061 0.147816 
-0.2061 0.147816 -0.20396 -0.0972213 
-0.139835 0.0488293 -0.16957 0.0367789 
-0.16957 0.0367789 -0.169791 0.151282 
-0.169791 0.151282 -0.13944 0.15418 
-0.13944 0.15418 -0.139835 0.0488293 
