0.280742 -0.350823 0.245082 -0.0304567 
0.664647 -0.601923 0.578374 0.0234704 
-0.336243 -0.77514 -0.380824 -0.0587962 
-0.222794 -0.417018 -0.24765 -0.0743447 
0.280742 -0.350823 0.664647 -0.601923 
0.664647 -0.601923 -0.336243 -0.77514 
-0.336243 -0.77514 -0.222794 -0.417018 
-0.222794 -0.417018 0.280742 -0.350823 
0.245082 -0.0304567 -0.00947695 0.119772 
-0.00947695 0.119772 -0.24765 -0.0743447 
0.578374 0.0234704 0.0941636 0.31768 
0.0941636 0.31768 -0.380824 -0.0587962 
-0.00947695 0.119772 0.0941636 0.31768 
0.245082 -0.0304567 0.578374 0.0234704 
-0.24765 -0.0743447 -0.380824 -0.0587962 
-0.0136123 -0.389519 -0.116841 -0.403089 
-0.116841 -0.403089 -0.137936 -0.141565 
-0.137936 -0.141565 -0.0364667 -0.131556 
-0.0364667 -0.131556 -0.0136123 -0.389519 
0.17191 -0.236625 0.0746168 -0.2478 
0.0746168 -0.2478 0.0624771 -0.121797 
0.0624771 -0.121797 0.158988 -0.112278 
0.158988 -0.112278 0.17191 -0.236625 
