-0.13609 -0.0311454 -0.139345 0.222271 
0.253761 -0.0492749 0.271379 0.217416 
0.324694 -0.207364 0.361085 0.230625 
-0.299644 -0.165887 -0.318652 0.237417 
-0.13609 -0.0311454 0.253761 -0.0492749 
0.253761 -0.0492749 0.324694 -0.207364 
0.324694 -0.207364 -0.299644 -0.165887 
-0.299644 -0.165887 -0.13609 -0.0311454 
-0.139345 0.222271 -0.212145 0.412558 
-0.212145 0.412558 -0.318652 0.237417 
0.271379 0.217416 0.318968 0.420196 
0.318968 0.420196 0.361085 0.230625 
-0.212145 0.412558 0.318968 0.420196 
-0.139345 0.222271 0.271379 0.217416 
-0.318652 0.237417 0.361085 0.230625 
-0.215566 -0.0966204 -0.253189 -0.127616 
-0.253189 -0.127616 -0.263335 0.145126 
-0.263335 0.145126 -0.222798 0.150451 
-0.222798 0.150451 -0.215566 -0.0966204 
-0.160122 0.0523353 -0.18699 0.0393666 
-0.18699 0.0393666 -0.189622 0.15481 
-0.189622 0.15481 -0.161968 0.158442 
-0.161968 0.158442 -0.160122 0.0523353 
