0.257195 -0.117598 0.289007 0.257648 
-0.298663 -0.235994 -0.312011 0.31712 
-0.458407 -0.0570826 -0.476292 0.273656 
-0.0410452 -0.0142667 -0.0343143 0.243482 
0.257195 -0.117598 -0.298663 -0.235994 
-0.298663 -0.235994 -0.458407 -0.0570826 
-0.458407 -0.0570826 -0.0410452 -0.0142667 
-0.0410452 -0.0142667 0.257195 -0.117598 
0.289007 0.257648 0.104738 0.429119 
0.104738 0.429119 -0.0343143 0.243482 
-0.312011 0.31712 -0.427006 0.54141 
-0.427006 0.54141 -0.476292 0.273656 
0.104738 0.429119 -0.427006 0.54141 
0.289007 0.257648 -0.312011 0.31712 
-0.0343143 0.243482 -0.476292 0.273656 
0.052795 -0.0467795 0.00275914 -0.0294436 
0.00275914 -0.0294436 0.00998633 0.179528 
0.00998633 0.179528 0.0627107 0.176949 
0.0627107 0.176949 0.052795 -0.0467795 
0.186519 0.0369753 0.117037 0.0508609 
0.117037 0.0508609 0.123885 0.173958 
0.123885 0.173958 0.195717 0.170445 
0.195717 0.170445 0.186519 0.0369753 
