0 0 0 1 -0.330585 -0.397305 
0 0 6.5 1 -0.341198 0.248279 
10 0 0 1 -0.249787 -0.113792 
10 0 6.5 1 -0.249997 0.217537 
10 10 0 1 0.223937 -0.111769 
10 10 6.5 1 0.250452 0.193187 
0 10 0 1 0.53774 -0.354818 
0 10 6.5 1 0.621562 0.197447 
0 5 10 1 0.207955 0.602142 
10 5 10 1 0.0190377 0.391824 
0 6 0 1 0.220603 -0.370335 
0 8 0 1 0.383637 -0.362358 
0 8 5 1 0.435737 0.0642503 
0 6 5 1 0.260435 0.0690086 
0 2 2.5 1 -0.13073 -0.164309 
0 4 2.5 1 0.0602473 -0.161907 
0 4 5 1 0.0737486 0.0740759 
0 2 5 1 -0.125467 0.0794833 
0.5 0.5 -0.5 1 -0.275236 -0.410627 
0.5 0.5 6 1 -0.278633 0.190344 
10.5 0.5 -0.5 1 -0.22294 -0.129858 
10.5 0.5 6 1 -0.221554 0.189395 
10.5 10.5 -0.5 1 0.234898 -0.126714 
10.5 10.5 6 1 0.26119 0.16798 
0.5 10.5 -0.5 1 0.540824 -0.368617 
0.5 10.5 6 1 0.620166 0.150697 
0.5 5.5 9.5 1 0.233394 0.522216 
10.5 5.5 9.5 1 0.0382538 0.35817 
0.5 6.5 -0.5 1 0.241221 -0.38404 
0.5 8.5 -0.5 1 0.395016 -0.376123 
0.5 8.5 4.5 1 0.44501 0.0249026 
0.5 6.5 4.5 1 0.280352 0.0282152 
0.5 2.5 2 1 -0.0868382 -0.191825 
0.5 4.5 2 1 0.0916746 -0.188758 
0.5 4.5 4.5 1 0.105652 0.0317299 
0.5 2.5 4.5 1 -0.0800346 0.0354656 
