-0.226594 -0.0134053 -0.250558 0.253518 
0.166438 0.0111477 0.161085 0.271369 
0.320465 -0.0876787 0.323237 0.337795 
-0.31929 -0.132792 -0.367365 0.31089 
-0.226594 -0.0134053 0.166438 0.0111477 
0.166438 0.0111477 0.320465 -0.0876787 
0.320465 -0.0876787 -0.31929 -0.132792 
-0.31929 -0.132792 -0.226594 -0.0134053 
-0.250558 0.253518 -0.312839 0.471104 
-0.312839 0.471104 -0.367365 0.31089 
0.161085 0.271369 0.219998 0.485894 
0.219998 0.485894 0.323237 0.337795 
-0.312839 0.471104 0.219998 0.485894 
-0.250558 0.253518 0.161085 0.271369 
-0.367365 0.31089 0.323237 0.337795 
-0.270786 -0.0703222 -0.292262 -0.0979816 
-0.292262 -0.0979816 -0.322767 0.198598 
-0.322767 0.198598 -0.296995 0.195662 
-0.296995 0.195662 -0.270786 -0.0703222 
-0.248784 0.0790001 -0.264531 0.0702227 
-0.264531 0.0702227 -0.276229 0.193296 
-0.276229 0.193296 -0.25914 0.19135 
-0.25914 0.19135 -0.248784 0.0790001 
