-0.112565 -0.268217 -0.141632 0.428062 
-0.247911 -0.0470509 -0.27171 0.307273 
0.203035 -0.00166524 0.21006 0.296994 
0.609958 -0.13415 0.664795 0.375195 
-0.112565 -0.268217 -0.247911 -0.0470509 
-0.247911 -0.0470509 0.203035 -0.00166524 
0.203035 -0.00166524 0.609958 -0.13415 
0.609958 -0.13415 -0.112565 -0.268217 
-0.141632 0.428062 0.346775 0.777651 
0.346775 0.777651 0.664795 0.375195 
-0.27171 0.307273 -0.0126296 0.494287 
-0.0126296 0.494287 0.21006 0.296994 
0.346775 0.777651 -0.0126296 0.494287 
-0.141632 0.428062 -0.27171 0.307273 
0.664795 0.375195 0.21006 0.296994 
0.371546 -0.178388 0.497325 -0.15505 
0.497325 -0.15505 0.531604 0.248638 
0.531604 0.248638 0.396874 0.248877 
0.396874 0.248877 0.371546 -0.178388 
0.0693976 -0.00409596 0.236713 0.0120299 
0.236713 0.0120299 0.243867 0.249148 
0.243867 0.249148 0.0685925 0.249459 
0.0685925 0.249459 0.0693976 -0.00409596 
