0.278374 -0.270908 0.244308 0.0501376 
0.591527 -0.507941 0.519166 0.128454 
-0.407351 -0.630557 -0.465306 0.0349479 
-0.220592 -0.326303 -0.251036 0.00198915 
0.278374 -0.270908 0.591527 -0.507941 
0.591527 -0.507941 -0.407351 -0.630557 
-0.407351 -0.630557 -0.220592 -0.326303 
-0.220592 -0.326303 0.278374 -0.270908 
0.244308 0.0501376 -0.0179432 0.19881 
-0.0179432 0.19881 -0.251036 0.00198915 
0.519166 0.128454 0.0028006 0.423861 
0.0028006 0.423861 -0.465306 0.0349479 
-0.0179432 0.19881 0.0028006 0.423861 
0.244308 0.0501376 0.519166 0.128454 
-0.251036 0.00198915 -0.465306 0.0349479 
-0.0184818 -0.303865 -0.119109 -0.315036 
-0.119109 -0.315036 -0.143153 -0.0631353 
-0.143153 -0.0631353 -0.0430944 -0.0530927 
-0.0430944 -0.0530927 -0.0184818 -0.303865 
0.167347 -0.157119 0.0686737 -0.167546 
0.0686737 -0.167546 0.0561302 -0.0431339 
0.0561302 -0.0431339 0.154531 -0.0332578 
0.154531 -0.0332578 0.167347 -0.157119 
