-0.226659 -0.352281 -0.247588 0.314361 
-0.247569 -0.083728 -0.259151 0.257609 
0.216762 -0.0582889 0.23491 0.243141 
0.579823 -0.254194 0.653524 0.275289 
-0.226659 -0.352281 -0.247569 -0.083728 
-0.247569 -0.083728 0.216762 -0.0582889 
0.216762 -0.0582889 0.579823 -0.254194 
0.579823 -0.254194 -0.226659 -0.352281 
-0.247588 0.314361 0.283916 0.675983 
0.283916 0.675983 0.653524 0.275289 
-0.259151 0.257609 0.00691765 0.44014 
0.00691765 0.44014 0.23491 0.243141 
0.283916 0.675983 0.00691765 0.44014 
-0.247588 0.314361 -0.259151 0.257609 
0.653524 0.275289 0.23491 0.243141 
0.299276 -0.288315 0.44539 -0.270544 
0.44539 -0.270544 0.491405 0.143076 
0.491405 0.143076 0.334089 0.143293 
0.334089 0.143293 0.299276 -0.288315 
-0.0324451 -0.103951 0.150011 -0.0924344 
0.150011 -0.0924344 0.161107 0.143533 
0.161107 0.143533 -0.0300005 0.143797 
-0.0300005 0.143797 -0.0324451 -0.103951 
