0 0 0 1 -0.0788418 -0.249348 
0 0 6.5 1 -0.109923 0.451716 
10 0 0 1 -0.248147 -0.0426069 
10 0 6.5 1 -0.275247 0.314662 
10 10 0 1 0.197528 0.00797619 
10 10 6.5 1 0.201017 0.304985 
0 10 0 1 0.614126 -0.107976 
0 10 6.5 1 0.661777 0.393166 
0 5 10 1 0.359559 0.792827 
10 5 10 1 -0.0193687 0.501677 
0 6 0 1 0.388871 -0.15393 
0 8 0 1 0.508119 -0.129603 
0 8 5 1 0.537751 0.269393 
0 6 5 1 0.410338 0.270033 
0 2 2.5 1 0.0975306 0.0179111 
0 4 2.5 1 0.258834 0.0347388 
0 4 5 1 0.264397 0.270766 
0 2 5 1 0.0955707 0.271614 
0.5 0.5 -0.5 1 -0.0473422 -0.265704 
0.5 0.5 6 1 -0.0718058 0.378082 
10.5 0.5 -0.5 1 -0.224776 -0.0591995 
10.5 0.5 6 1 -0.249213 0.282645 
10.5 10.5 -0.5 1 0.203106 -0.00751955 
10.5 10.5 6 1 0.206791 0.278764 
0.5 10.5 -0.5 1 0.601899 -0.127252 
0.5 10.5 6 1 0.64573 0.344031 
0.5 5.5 9.5 1 0.36063 0.704022 
10.5 5.5 9.5 1 -0.00456806 0.464645 
0.5 6.5 -0.5 1 0.388077 -0.17285 
0.5 8.5 -0.5 1 0.500933 -0.148784 
0.5 8.5 4.5 1 0.528305 0.225613 
0.5 6.5 4.5 1 0.408155 0.223429 
0.5 2.5 2 1 0.116291 -0.0160944 
0.5 4.5 2 1 0.266175 0.0018843 
0.5 4.5 4.5 1 0.271686 0.220949 
0.5 2.5 4.5 1 0.11533 0.218108 
