0 0 0 1 -0.673514 -0.568181 
0 0 6.5 1 -0.607984 -0.103332 
10 0 0 1 -0.173924 -0.437908 
10 0 6.5 1 -0.157949 -0.141515 
10 10 0 1 0.268091 -0.530312 
10 10 6.5 1 0.257973 -0.135842 
0 10 0 1 -0.133405 -0.833753 
0 10 6.5 1 -0.100273 -0.0712911 
0 5 10 1 -0.382803 0.174597 
10 5 10 1 0.0254072 0.026685 
0 6 0 1 -0.416353 -0.694627 
0 8 0 1 -0.291165 -0.756182 
0 8 5 1 -0.253228 -0.222026 
0 6 5 1 -0.371652 -0.216141 
0 2 2.5 1 -0.576287 -0.398016 
0 4 2.5 1 -0.492899 -0.419424 
0 4 5 1 -0.469589 -0.211274 
0 2 5 1 -0.551933 -0.207182 
0.5 0.5 -0.5 1 -0.623299 -0.604807 
0.5 0.5 6 1 -0.562031 -0.137978 
10.5 0.5 -0.5 1 -0.142871 -0.461309 
10.5 0.5 6 1 -0.128582 -0.164089 
10.5 10.5 -0.5 1 0.30855 -0.561287 
10.5 10.5 6 1 0.295616 -0.165389 
0.5 10.5 -0.5 1 -0.0527925 -0.893057 
0.5 10.5 6 1 -0.0301165 -0.125613 
0.5 5.5 9.5 1 -0.330171 0.133775 
10.5 5.5 9.5 1 0.0573551 0.00163996 
0.5 6.5 -0.5 1 -0.351444 -0.742163 
0.5 8.5 -0.5 1 -0.219247 -0.808956 
0.5 8.5 4.5 1 -0.187982 -0.27169 
0.5 6.5 4.5 1 -0.312225 -0.261133 
0.5 2.5 2 1 -0.52399 -0.436765 
0.5 4.5 2 1 -0.436141 -0.461588 
0.5 4.5 4.5 1 -0.415032 -0.252397 
0.5 2.5 4.5 1 -0.501509 -0.245049 
