0.122322 -0.41987 0.131032 -0.132284 
0.602687 -0.570074 0.582958 -0.134477 
0.144432 -0.797893 0.162785 -0.0705841 
-0.299918 -0.486542 -0.262124 -0.0954834 
0.122322 -0.41987 0.602687 -0.570074 
0.602687 -0.570074 0.144432 -0.797893 
0.144432 -0.797893 -0.299918 -0.486542 
-0.299918 -0.486542 0.122322 -0.41987 
0.131032 -0.132284 -0.0269774 0.0478089 
-0.0269774 0.0478089 -0.262124 -0.0954834 
0.582958 -0.134477 0.41737 0.147153 
0.41737 0.147153 0.162785 -0.0705841 
-0.0269774 0.0478089 0.41737 0.147153 
0.131032 -0.132284 0.582958 -0.134477 
-0.262124 -0.0954834 0.162785 -0.0705841 
-0.0984977 -0.454737 -0.1923 -0.469549 
-0.1923 -0.469549 -0.169586 -0.18514 
-0.169586 -0.18514 -0.0811447 -0.188439 
-0.0811447 -0.188439 -0.0984977 -0.454737 
0.0619807 -0.309796 -0.00934695 -0.313992 
-0.00934695 -0.313992 -0.0029478 -0.191356 
-0.0029478 -0.191356 0.0666872 -0.193954 
0.0666872 -0.193954 0.0619807 -0.309796 
