-0.330585 -0.397305 -0.341198 0.248279 
-0.249787 -0.113792 -0.249997 0.217537 
0.223937 -0.111769 0.250452 0.193187 
0.53774 -0.354818 0.621562 0.197447 
-0.330585 -0.397305 -0.249787 -0.113792 
-0.249787 -0.113792 0.223937 -0.111769 
0.223937 -0.111769 0.53774 -0.354818 
0.53774 -0.354818 -0.330585 -0.397305 
-0.341198 0.248279 0.207955 0.602142 
0.207955 0.602142 0.621562 0.197447 
-0.249997 0.217537 0.0190377 0.391824 
0.0190377 0.391824 0.250452 0.193187 
0.207955 0.602142 0.0190377 0.391824 
-0.341198 0.248279 -0.249997 0.217537 
0.621562 0.197447 0.250452 0.193187 
0.220603 -0.370335 0.383637 -0.362358 
0.383637 -0.362358 0.435737 0.0642503 
0.435737 0.0642503 0.260435 0.0690086 
0.260435 0.0690086 0.220603 -0.370335 
-0.13073 -0.164309 0.0602473 -0.161907 
0.0602473 -0.161907 0.0737486 0.0740759 
0.0737486 0.0740759 -0.125467 0.0794833 
-0.125467 0.0794833 -0.13073 -0.164309 
