-0.00334693 -0.106946 0.0211625 0.144833 
0.40927 -0.183241 0.446089 0.125807 
0.307037 -0.312138 0.367963 0.219505 
-0.287972 -0.160537 -0.256307 0.221577 
-0.00334693 -0.106946 0.40927 -0.183241 
0.40927 -0.183241 0.307037 -0.312138 
0.307037 -0.312138 -0.287972 -0.160537 
-0.287972 -0.160537 -0.00334693 -0.106946 
0.0211625 0.144833 -0.0735277 0.342695 
-0.0735277 0.342695 -0.256307 0.221577 
0.446089 0.125807 0.442997 0.377231 
0.442997 0.377231 0.367963 0.219505 
-0.0735277 0.342695 0.442997 0.377231 
0.0211625 0.144833 0.446089 0.125807 
-0.256307 0.221577 0.367963 0.219505 
-0.145105 -0.133637 -0.209906 -0.145838 
-0.209906 -0.145838 -0.186869 0.119421 
-0.186869 0.119421 -0.123236 0.108957 
-0.123236 0.108957 -0.145105 -0.133637 
-0.0339172 -0.011509 -0.0801275 -0.0122403 
-0.0801275 -0.0122403 -0.0696838 0.10015 
-0.0696838 0.10015 -0.0239926 0.0926364 
-0.0239926 0.0926364 -0.0339172 -0.011509 
