0 0 0 1 -0.0564846 -0.240819 
0 0 6.5 1 -0.0888354 0.461461 
10 0 0 1 -0.248162 -0.0425854 
10 0 6.5 1 -0.277305 0.316183 
10 10 0 1 0.193586 0.011466 
10 10 6.5 1 0.194717 0.307033 
0 10 0 1 0.61563 -0.094782 
0 10 6.5 1 0.658198 0.399992 
0 5 10 1 0.366519 0.796124 
10 5 10 1 -0.0238864 0.502912 
0 6 0 1 0.399245 -0.141798 
0 8 0 1 0.514045 -0.116854 
0 8 5 1 0.540341 0.278259 
0 6 5 1 0.417904 0.279078 
0 2 2.5 1 0.115602 0.0280142 
0 4 2.5 1 0.272515 0.0453214 
0 4 5 1 0.276916 0.280021 
0 2 5 1 0.112816 0.281118 
0.5 0.5 -0.5 1 -0.0275701 -0.257749 
0.5 0.5 6 1 -0.053623 0.386947 
10.5 0.5 -0.5 1 -0.225226 -0.0592711 
10.5 0.5 6 1 -0.251671 0.283906 
10.5 10.5 -0.5 1 0.198745 -0.00409482 
10.5 10.5 6 1 0.20012 0.280822 
0.5 10.5 -0.5 1 0.602535 -0.114498 
0.5 10.5 6 1 0.641556 0.351089 
0.5 5.5 9.5 1 0.365905 0.707802 
10.5 5.5 9.5 1 -0.00953099 0.465803 
0.5 6.5 -0.5 1 0.396873 -0.161254 
0.5 8.5 -0.5 1 0.505647 -0.136525 
0.5 8.5 4.5 1 0.529818 0.234402 
0.5 6.5 4.5 1 0.414203 0.232272 
0.5 2.5 2 1 0.131991 -0.00661147 
0.5 4.5 2 1 0.277886 0.0119562 
0.5 4.5 4.5 1 0.282222 0.22984 
0.5 2.5 4.5 1 0.130135 0.227038 
