0.0209553 -0.243907 -0.0155904 0.449105 
-0.246423 -0.0647315 -0.281459 0.296091 
0.178953 0.00260374 0.17213 0.290998 
0.61418 -0.0793099 0.638038 0.387967 
0.0209553 -0.243907 -0.246423 -0.0647315 
-0.246423 -0.0647315 0.178953 0.00260374 
0.178953 0.00260374 0.61418 -0.0793099 
0.61418 -0.0793099 0.0209553 -0.243907 
-0.0155904 0.449105 0.382708 0.760217 
0.382708 0.760217 0.638038 0.387967 
-0.281459 0.296091 -0.0385962 0.48085 
-0.0385962 0.48085 0.17213 0.290998 
0.382708 0.760217 -0.0385962 0.48085 
-0.0155904 0.449105 -0.281459 0.296091 
0.638038 0.387967 0.17213 0.290998 
0.428979 -0.130696 0.527893 -0.103251 
0.527893 -0.103251 0.541587 0.273699 
0.541587 0.273699 0.436783 0.273845 
0.436783 0.273845 0.428979 -0.130696 
0.174759 0.0277681 0.314312 0.0477447 
0.314312 0.0477447 0.314168 0.274017 
0.314168 0.274017 0.168778 0.274221 
0.168778 0.274221 0.174759 0.0277681 
