0 0 0 1 -0.717468 -0.599332 
0 0 6.5 1 -0.636326 -0.0932283 
10 0 0 1 -0.2165 -0.435691 
10 0 6.5 1 -0.190103 -0.132626 
10 10 0 1 0.247771 -0.538374 
10 10 6.5 1 0.253649 -0.15266 
0 10 0 1 -0.0393585 -0.900915 
0 10 6.5 1 0.00459817 -0.112736 
0 5 10 1 -0.344895 0.186501 
10 5 10 1 0.0161634 0.027031 
0 6 0 1 -0.384236 -0.747534 
0 8 0 1 -0.228953 -0.816594 
0 8 5 1 -0.181968 -0.257768 
0 6 5 1 -0.329601 -0.240655 
0 2 2.5 1 -0.591348 -0.420425 
0 4 2.5 1 -0.483026 -0.449795 
0 4 5 1 -0.454419 -0.226186 
0 2 5 1 -0.561332 -0.213792 
0.5 0.5 -0.5 1 -0.660847 -0.63706 
0.5 0.5 6 1 -0.584712 -0.132697 
10.5 0.5 -0.5 1 -0.185609 -0.459187 
10.5 0.5 6 1 -0.160796 -0.156723 
10.5 10.5 -0.5 1 0.283453 -0.567373 
10.5 10.5 6 1 0.287214 -0.182667 
0.5 10.5 -0.5 1 0.0378035 -0.954605 
0.5 10.5 6 1 0.0725337 -0.171012 
0.5 5.5 9.5 1 -0.289102 0.138646 
10.5 5.5 9.5 1 0.0466119 7.62748e-06 
0.5 6.5 -0.5 1 -0.316577 -0.793535 
0.5 8.5 -0.5 1 -0.156775 -0.866166 
0.5 8.5 4.5 1 -0.116183 -0.310371 
0.5 6.5 4.5 1 -0.267561 -0.2891 
0.5 2.5 2 1 -0.53371 -0.461513 
0.5 4.5 2 1 -0.422019 -0.493811 
0.5 4.5 4.5 1 -0.395794 -0.271081 
0.5 2.5 4.5 1 -0.505814 -0.255622 
