-0.709344 -0.500189 -0.628217 0.0315366 
-0.241848 -0.342218 -0.209518 -0.0398697 
0.234124 -0.432207 0.254903 -0.070232 
0.093848 -0.751277 0.14584 -0.0026437 
-0.709344 -0.500189 -0.241848 -0.342218 
-0.241848 -0.342218 0.234124 -0.432207 
0.234124 -0.432207 0.093848 -0.751277 
0.093848 -0.751277 -0.709344 -0.500189 
-0.628217 0.0315366 -0.266342 0.320896 
-0.266342 0.320896 0.14584 -0.0026437 
-0.209518 -0.0398697 0.0170944 0.114605 
0.0170944 0.114605 0.254903 -0.070232 
-0.266342 0.320896 0.0170944 0.114605 
-0.628217 0.0315366 -0.209518 -0.0398697 
0.14584 -0.0026437 0.254903 -0.070232 
-0.2943 -0.629937 -0.114695 -0.686084 
-0.114695 -0.686084 -0.0656596 -0.14505 
-0.0656596 -0.14505 -0.239472 -0.127376 
-0.239472 -0.127376 -0.2943 -0.629937 
-0.556418 -0.313191 -0.420487 -0.340818 
-0.420487 -0.340818 -0.391793 -0.111886 
-0.391793 -0.111886 -0.526378 -0.098201 
-0.526378 -0.098201 -0.556418 -0.313191 
