0.0294498 -0.232096 0.0545807 0.0247495 
0.456838 -0.33574 0.485527 -0.000381547 
0.266352 -0.506112 0.318507 0.0703844 
-0.297958 -0.294715 -0.257566 0.0831948 
0.0294498 -0.232096 0.456838 -0.33574 
0.456838 -0.33574 0.266352 -0.506112 
0.266352 -0.506112 -0.297958 -0.294715 
-0.297958 -0.294715 0.0294498 -0.232096 
0.0545807 0.0247495 -0.0553634 0.21093 
-0.0553634 0.21093 -0.257566 0.0831948 
0.485527 -0.000381547 0.4435 0.249901 
0.4435 0.249901 0.318507 0.0703844 
-0.0553634 0.21093 0.4435 0.249901 
0.0545807 0.0247495 0.485527 -0.000381547 
-0.257566 0.0831948 0.318507 0.0703844 
-0.135697 -0.263682 -0.209805 -0.277855 
-0.209805 -0.277855 -0.181994 -0.0116016 
-0.181994 -0.0116016 -0.110598 -0.0185896 
-0.110598 -0.0185896 -0.135697 -0.263682 
-0.0075178 -0.135124 -0.0610603 -0.137712 
-0.0610603 -0.137712 -0.0496693 -0.024553 
-0.0496693 -0.024553 0.00293555 -0.0297017 
0.00293555 -0.0297017 -0.0075178 -0.135124 
