0 0 0 1 -0.574706 -0.464656 
0 0 6.5 1 -0.544265 -0.0662241 
10 0 0 1 -0.101324 -0.373968 
10 0 6.5 1 -0.103576 -0.0951576 
10 10 0 1 0.29182 -0.435618 
10 10 6.5 1 0.261253 -0.0457415 
0 10 0 1 -0.227304 -0.638092 
0 10 6.5 1 -0.217842 0.0344841 
0 5 10 1 -0.408057 0.206496 
10 5 10 1 0.043547 0.0853381 
0 6 0 1 -0.412938 -0.545417 
0 8 0 1 -0.331823 -0.585912 
0 8 5 1 -0.316719 -0.120102 
0 6 5 1 -0.393496 -0.130909 
0 2 2.5 1 -0.51869 -0.311521 
0 4 2.5 1 -0.466403 -0.320012 
0 4 5 1 -0.455832 -0.139684 
0 2 5 1 -0.507452 -0.14695 
0.5 0.5 -0.5 1 -0.532915 -0.496327 
0.5 0.5 6 1 -0.505313 -0.0937832 
10.5 0.5 -0.5 1 -0.0706391 -0.395659 
10.5 0.5 6 1 -0.0744526 -0.114829 
10.5 10.5 -0.5 1 0.337133 -0.466585 
10.5 10.5 6 1 0.303248 -0.0727534 
0.5 10.5 -0.5 1 -0.152104 -0.694304 
0.5 10.5 6 1 -0.151378 -0.0100078 
0.5 5.5 9.5 1 -0.361092 0.175303 
10.5 5.5 9.5 1 0.0768763 0.0638664 
0.5 6.5 -0.5 1 -0.355933 -0.588337 
0.5 8.5 -0.5 1 -0.266964 -0.63459 
0.5 8.5 4.5 1 -0.257061 -0.161569 
0.5 6.5 4.5 1 -0.340547 -0.168112 
0.5 2.5 2 1 -0.474185 -0.344213 
0.5 4.5 2 1 -0.41724 -0.355951 
0.5 4.5 4.5 1 -0.408241 -0.173417 
0.5 2.5 4.5 1 -0.464238 -0.177806 
