0.292459 -0.336352 0.255293 0.00621947 
0.463888 -0.566861 0.373912 0.140589 
-0.567061 -0.5857 -0.564282 0.0436138 
-0.220493 -0.360248 -0.23371 -0.0370568 
0.292459 -0.336352 0.463888 -0.566861 
0.463888 -0.566861 -0.567061 -0.5857 
-0.567061 -0.5857 -0.220493 -0.360248 
-0.220493 -0.360248 0.292459 -0.336352 
0.255293 0.00621947 -0.00901748 0.151253 
-0.00901748 0.151253 -0.23371 -0.0370568 
0.373912 0.140589 -0.141061 0.403067 
-0.141061 0.403067 -0.564282 0.0436138 
-0.00901748 0.151253 -0.141061 0.403067 
0.255293 0.00621947 0.373912 0.140589 
-0.23371 -0.0370568 -0.564282 0.0436138 
-0.0231598 -0.351055 -0.123069 -0.35571 
-0.123069 -0.35571 -0.136707 -0.101742 
-0.136707 -0.101742 -0.0403361 -0.0941154 
-0.0403361 -0.0941154 -0.0231598 -0.351055 
0.171886 -0.207519 0.0687026 -0.214032 
0.0687026 -0.214032 0.0584387 -0.0862991 
0.0584387 -0.0862991 0.159709 -0.0782853 
0.159709 -0.0782853 0.171886 -0.207519 
