0.40186 -0.610919 0.355157 -0.0719323 
-0.307219 -0.53649 -0.28996 -0.106104 
-0.0583776 -0.40606 -0.0596931 -0.137849 
0.377688 -0.428832 0.351588 -0.122155 
0.40186 -0.610919 -0.307219 -0.53649 
-0.307219 -0.53649 -0.0583776 -0.40606 
-0.0583776 -0.40606 0.377688 -0.428832 
0.377688 -0.428832 0.40186 -0.610919 
0.355157 -0.0719323 0.336775 0.0847627 
0.336775 0.0847627 0.351588 -0.122155 
-0.28996 -0.106104 -0.147366 0.0364216 
-0.147366 0.0364216 -0.0596931 -0.137849 
0.336775 0.0847627 -0.147366 0.0364216 
0.355157 -0.0719323 -0.28996 -0.106104 
0.351588 -0.122155 -0.0596931 -0.137849 
0.384288 -0.478551 0.380672 -0.451313 
0.380672 -0.451313 0.358334 -0.189448 
0.358334 -0.189448 0.359521 -0.189007 
0.359521 -0.189007 0.384288 -0.478551 
0.378068 -0.365108 0.374446 -0.345459 
0.374446 -0.345459 0.360972 -0.188468 
0.360972 -0.188468 0.362786 -0.187794 
0.362786 -0.187794 0.378068 -0.365108 
