0 0 0 1 -0.712227 -0.512868 
0 0 6.5 1 -0.630441 0.0170452 
10 0 0 1 -0.240643 -0.352802 
10 0 6.5 1 -0.208569 -0.0503243 
10 10 0 1 0.234645 -0.444341 
10 10 6.5 1 0.254355 -0.0802696 
0 10 0 1 0.0818795 -0.770154 
0 10 6.5 1 0.133179 -0.0169808 
0 5 10 1 -0.274349 0.305227 
10 5 10 1 0.0164948 0.104389 
0 6 0 1 -0.303721 -0.645222 
0 8 0 1 -0.125726 -0.702891 
0 8 5 1 -0.0767053 -0.15947 
0 6 5 1 -0.248619 -0.141552 
0 2 2.5 1 -0.561321 -0.326569 
0 4 2.5 1 -0.427647 -0.35462 
0 4 5 1 -0.398777 -0.125902 
0 2 5 1 -0.531062 -0.112115 
0.5 0.5 -0.5 1 -0.650403 -0.55031 
0.5 0.5 6 1 -0.573476 -0.0276523 
10.5 0.5 -0.5 1 -0.210352 -0.375888 
10.5 0.5 6 1 -0.179587 -0.0757786 
10.5 10.5 -0.5 1 0.264852 -0.470811 
10.5 10.5 6 1 0.283158 -0.110181 
0.5 10.5 -0.5 1 0.147956 -0.816025 
0.5 10.5 6 1 0.192993 -0.0775822 
0.5 5.5 9.5 1 -0.217615 0.249533 
10.5 5.5 9.5 1 0.044928 0.0755468 
0.5 6.5 -0.5 1 -0.23817 -0.687512 
0.5 8.5 -0.5 1 -0.0595733 -0.746954 
0.5 8.5 4.5 1 -0.015332 -0.213527 
0.5 6.5 4.5 1 -0.18763 -0.192419 
0.5 2.5 2 1 -0.50016 -0.368972 
0.5 4.5 2 1 -0.365344 -0.399141 
0.5 4.5 4.5 1 -0.338561 -0.173928 
0.5 2.5 4.5 1 -0.471866 -0.157597 
