-0.362641 -0.330416 -0.390684 -0.0301331 
0.0482493 -0.244424 0.0230025 0.00708693 
0.322996 -0.344141 0.282247 0.0447186 
-0.295984 -0.526218 -0.344893 -0.00696645 
-0.362641 -0.330416 0.0482493 -0.244424 
0.0482493 -0.244424 0.322996 -0.344141 
0.322996 -0.344141 -0.295984 -0.526218 
-0.295984 -0.526218 -0.362641 -0.330416 
-0.390684 -0.0301331 -0.392879 0.181275 
-0.392879 0.181275 -0.344893 -0.00696645 
0.0230025 0.00708693 0.108262 0.185072 
0.108262 0.185072 0.282247 0.0447186 
-0.392879 0.181275 0.108262 0.185072 
-0.390684 -0.0301331 0.0230025 0.00708693 
-0.344893 -0.00696645 0.282247 0.0447186 
-0.331685 -0.421349 -0.316108 -0.467105 
-0.316108 -0.467105 -0.348915 -0.117911 
-0.348915 -0.117911 -0.360723 -0.111643 
-0.360723 -0.111643 -0.331685 -0.421349 
-0.366056 -0.228583 -0.357152 -0.24544 
-0.357152 -0.24544 -0.370145 -0.106642 
-0.370145 -0.106642 -0.377838 -0.102559 
-0.377838 -0.102559 -0.366056 -0.228583 
