0.403773 -0.579869 0.352541 -0.0395247 
-0.297068 -0.510263 -0.285024 -0.0867802 
-0.0414959 -0.388187 -0.0461058 -0.121845 
0.395134 -0.407636 0.365482 -0.0994204 
0.403773 -0.579869 -0.297068 -0.510263 
-0.297068 -0.510263 -0.0414959 -0.388187 
-0.0414959 -0.388187 0.395134 -0.407636 
0.395134 -0.407636 0.403773 -0.579869 
0.352541 -0.0395247 0.34257 0.112116 
0.34257 0.112116 0.365482 -0.0994204 
-0.285024 -0.0867802 -0.139513 0.0525051 
-0.139513 0.0525051 -0.0461058 -0.121845 
0.34257 0.112116 -0.139513 0.0525051 
0.352541 -0.0395247 -0.285024 -0.0867802 
0.365482 -0.0994204 -0.0461058 -0.121845 
0.397494 -0.454692 0.396201 -0.428916 
0.396201 -0.428916 0.370941 -0.165864 
0.370941 -0.165864 0.369637 -0.163952 
0.369637 -0.163952 0.397494 -0.454692 
0.382993 -0.336622 0.383104 -0.319239 
0.383104 -0.319239 0.368042 -0.161613 
0.368042 -0.161613 0.366048 -0.158689 
0.366048 -0.158689 0.382993 -0.336622 
