0 0 0 1 0.382486 -0.49881 
0 0 6.5 1 0.313317 0.0800401 
10 0 0 1 -0.243888 -0.411006 
10 0 6.5 1 -0.265627 -0.020576 
10 10 0 1 0.0627852 -0.2909 
10 10 6.5 1 0.0397251 -0.0305047 
0 10 0 1 0.507907 -0.306827 
0 10 6.5 1 0.463 0.0257331 
0 5 10 1 0.380219 0.258239 
10 5 10 1 -0.0954102 0.133429 
0 6 0 1 0.473321 -0.359768 
0 8 0 1 0.492236 -0.330814 
0 8 5 1 0.454703 -0.0487362 
0 6 5 1 0.432641 -0.0484935 
0 2 2.5 1 0.395798 -0.240031 
0 4 2.5 1 0.427445 -0.218618 
0 4 5 1 0.405667 -0.0481968 
0 2 5 1 0.371934 -0.0478257 
0.5 0.5 -0.5 1 0.353831 -0.521458 
0.5 0.5 6 1 0.289834 0.0289067 
10.5 0.5 -0.5 1 -0.240167 -0.429646 
10.5 0.5 6 1 -0.261278 -0.0523799 
10.5 10.5 -0.5 1 0.0576356 -0.306474 
10.5 10.5 6 1 0.0352734 -0.0519931 
0.5 10.5 -0.5 1 0.487153 -0.326188 
0.5 10.5 6 1 0.444329 -0.00321428 
0.5 5.5 9.5 1 0.3605 0.214077 
10.5 5.5 9.5 1 -0.0967731 0.103669 
0.5 6.5 -0.5 1 0.449756 -0.380963 
0.5 8.5 -0.5 1 0.470148 -0.351095 
0.5 8.5 4.5 1 0.434511 -0.0779635 
0.5 6.5 4.5 1 0.411318 -0.0805494 
0.5 2.5 2 1 0.370579 -0.271575 
0.5 4.5 2 1 0.403646 -0.247628 
0.5 4.5 4.5 1 0.383172 -0.0836874 
0.5 2.5 4.5 1 0.348297 -0.0875756 
