0 0 0 1 0.0404618 -0.278672 
0 0 6.5 1 0.0646769 -0.0180698 
10 0 0 1 0.474798 -0.393971 
10 0 6.5 1 0.498853 -0.0459971 
10 10 0 1 0.249861 -0.585196 
10 10 6.5 1 0.297938 0.0132759 
0 10 0 1 -0.302415 -0.346979 
0 10 6.5 1 -0.260299 0.0326062 
0 5 10 1 -0.0516371 0.164797 
10 5 10 1 0.441252 0.204459 
0 6 0 1 -0.133258 -0.31328 
0 8 0 1 -0.210702 -0.328708 
0 8 5 1 -0.18218 -0.0599948 
0 6 5 1 -0.107956 -0.0653967 
0 2 2.5 1 0.000665407 -0.180727 
0 4 2.5 1 -0.0555821 -0.184338 
0 4 5 1 -0.0443128 -0.0700285 
0 2 5 1 0.0108604 -0.0740439 
0.5 0.5 -0.5 1 0.0432045 -0.306482 
0.5 0.5 6 1 0.0681018 -0.03771 
10.5 0.5 -0.5 1 0.496185 -0.436123 
10.5 0.5 6 1 0.520788 -0.0734326 
10.5 10.5 -0.5 1 0.271595 -0.673992 
10.5 10.5 6 1 0.3223 -0.0306333 
0.5 10.5 -0.5 1 -0.313714 -0.391232 
0.5 10.5 6 1 -0.269511 0.00593729 
0.5 5.5 9.5 1 -0.0516871 0.148058 
10.5 5.5 9.5 1 0.465921 0.182559 
0.5 6.5 -0.5 1 -0.136378 -0.349124 
0.5 8.5 -0.5 1 -0.217261 -0.36833 
0.5 8.5 4.5 1 -0.187493 -0.0882051 
0.5 6.5 4.5 1 -0.110095 -0.0915617 
0.5 2.5 2 1 0.00230144 -0.207142 
0.5 4.5 2 1 -0.0557675 -0.212838 
0.5 4.5 4.5 1 -0.0441103 -0.0944233 
0.5 2.5 4.5 1 0.0128125 -0.0968919 
