0 0 0 1 0.2768 -0.247958 
0 0 6.5 1 0.243515 0.0737168 
10 0 0 1 0.57045 -0.478477 
10 0 6.5 1 0.501962 0.161225 
10 10 0 1 -0.424548 -0.589156 
10 10 6.5 1 -0.485829 0.0649509 
0 10 0 1 -0.220824 -0.300538 
0 10 6.5 1 -0.252299 0.0247387 
0 5 10 1 -0.0204238 0.222376 
10 5 10 1 -0.0213195 0.457292 
0 6 0 1 -0.0205215 -0.279374 
0 8 0 1 -0.120462 -0.289934 
0 8 5 1 -0.144982 -0.0400301 
0 6 5 1 -0.0453222 -0.0300278 
0 2 2.5 1 0.165408 -0.134061 
0 4 2.5 1 0.0664402 -0.144256 
0 4 5 1 0.0539213 -0.0200672 
0 2 5 1 0.152752 -0.0101482 
0.5 0.5 -0.5 1 0.261736 -0.282077 
0.5 0.5 6 1 0.227642 0.0482086 
10.5 0.5 -0.5 1 0.555514 -0.560687 
10.5 0.5 6 1 0.483493 0.113997 
10.5 10.5 -0.5 1 -0.494767 -0.679318 
10.5 10.5 6 1 -0.558757 0.0114073 
0.5 10.5 -0.5 1 -0.24934 -0.336431 
0.5 10.5 6 1 -0.281525 -0.00234638 
0.5 5.5 9.5 1 -0.0433068 0.200714 
10.5 5.5 9.5 1 -0.0680816 0.425722 
0.5 6.5 -0.5 1 -0.0435885 -0.314549 
0.5 8.5 -0.5 1 -0.146242 -0.325467 
0.5 8.5 4.5 1 -0.171325 -0.0688048 
0.5 6.5 4.5 1 -0.0689677 -0.0584757 
0.5 2.5 2 1 0.147394 -0.165185 
0.5 4.5 2 1 0.0457655 -0.175717 
0.5 4.5 4.5 1 0.0329508 -0.0481908 
0.5 2.5 4.5 1 0.134434 -0.0379499 
