-0.284454 -0.384521 -0.300114 0.268503 
-0.24854 -0.102807 -0.253782 0.23244 
0.221139 -0.0898032 0.244163 0.213139 
0.557546 -0.314662 0.637601 0.225848 
-0.284454 -0.384521 -0.24854 -0.102807 
-0.24854 -0.102807 0.221139 -0.0898032 
0.221139 -0.0898032 0.557546 -0.314662 
0.557546 -0.314662 -0.284454 -0.384521 
-0.300114 0.268503 0.243198 0.627142 
0.243198 0.627142 0.637601 0.225848 
-0.253782 0.23244 0.0142258 0.410621 
0.0142258 0.410621 0.244163 0.213139 
0.243198 0.627142 0.0142258 0.410621 
-0.300114 0.268503 -0.253782 0.23244 
0.637601 0.225848 0.244163 0.213139 
0.256633 -0.339628 0.41225 -0.326717 
0.41225 -0.326717 0.462075 0.09281 
0.462075 0.09281 0.29452 0.0949768 
0.29452 0.0949768 0.256633 -0.339628 
-0.0866946 -0.145063 0.100987 -0.13807 
0.100987 -0.13807 0.113479 0.097318 
0.113479 0.097318 -0.0827414 0.0998555 
-0.0827414 0.0998555 -0.0866946 -0.145063 
