-0.469214 -0.441226 -0.473622 -0.091686 
-0.0247719 -0.342489 -0.0431326 -0.0768278 
0.315356 -0.418478 0.271689 -0.0256561 
-0.278587 -0.633852 -0.300279 -0.024863 
-0.469214 -0.441226 -0.0247719 -0.342489 
-0.0247719 -0.342489 0.315356 -0.418478 
0.315356 -0.418478 -0.278587 -0.633852 
-0.278587 -0.633852 -0.469214 -0.441226 
-0.473622 -0.091686 -0.414076 0.152501 
-0.414076 0.152501 -0.300279 -0.024863 
-0.0431326 -0.0768278 0.0707972 0.104317 
0.0707972 0.104317 0.271689 -0.0256561 
-0.414076 0.152501 0.0707972 0.104317 
-0.473622 -0.091686 -0.0431326 -0.0768278 
-0.300279 -0.024863 0.271689 -0.0256561 
-0.381439 -0.529922 -0.33678 -0.575049 
-0.33678 -0.575049 -0.34867 -0.160927 
-0.34867 -0.160927 -0.389984 -0.163819 
-0.389984 -0.163819 -0.381439 -0.529922 
-0.447829 -0.313812 -0.419983 -0.326749 
-0.419983 -0.326749 -0.423042 -0.166134 
-0.423042 -0.166134 -0.450093 -0.168027 
-0.450093 -0.168027 -0.447829 -0.313812 
