0.258722 -0.251905 0.30258 0.127686 
-0.356989 -0.302795 -0.334893 0.193418 
-0.384587 -0.119131 -0.372721 0.174202 
0.0219289 -0.113414 0.0434633 0.134852 
0.258722 -0.251905 -0.356989 -0.302795 
-0.356989 -0.302795 -0.384587 -0.119131 
-0.384587 -0.119131 0.0219289 -0.113414 
0.0219289 -0.113414 0.258722 -0.251905 
0.30258 0.127686 0.161637 0.302409 
0.161637 0.302409 0.0434633 0.134852 
-0.334893 0.193418 -0.34997 0.393021 
-0.34997 0.393021 -0.372721 0.174202 
0.161637 0.302409 -0.34997 0.393021 
0.30258 0.127686 -0.334893 0.193418 
0.0434633 0.134852 -0.372721 0.174202 
0.0937873 -0.155441 0.055183 -0.132863 
0.055183 -0.132863 0.073668 0.0708755 
0.073668 0.0708755 0.114769 0.0645314 
0.114769 0.0645314 0.0937873 -0.155441 
0.207055 -0.0846938 0.151039 -0.0640791 
0.151039 -0.0640791 0.163259 0.0570469 
0.163259 0.0570469 0.221326 0.048084 
0.221326 0.048084 0.207055 -0.0846938 
