0 0 0 1 -0.686 -0.418276 
0 0 6.5 1 -0.610796 0.12576 
10 0 0 1 -0.2465 -0.274849 
10 0 6.5 1 -0.213485 0.0274932 
10 10 0 1 0.233191 -0.355499 
10 10 6.5 1 0.259681 -0.00504752 
0 10 0 1 0.166955 -0.63226 
0 10 6.5 1 0.223783 0.0902795 
0 5 10 1 -0.214162 0.42338 
10 5 10 1 0.0221158 0.181223 
0 6 0 1 -0.233066 -0.531905 
0 8 0 1 -0.0452545 -0.579023 
0 8 5 1 0.00393649 -0.0518568 
0 6 5 1 -0.180272 -0.0356113 
0 2 2.5 1 -0.521571 -0.226696 
0 4 2.5 1 -0.372326 -0.251687 
0 4 5 1 -0.345092 -0.0210757 
0 2 5 1 -0.493434 -0.00799336 
0.5 0.5 -0.5 1 -0.62163 -0.455873 
0.5 0.5 6 1 -0.550561 0.0765621 
10.5 0.5 -0.5 1 -0.216645 -0.297811 
10.5 0.5 6 1 -0.184692 0.000917643 
10.5 10.5 -0.5 1 0.260001 -0.380711 
10.5 10.5 6 1 0.285444 -0.0351117 
0.5 10.5 -0.5 1 0.223821 -0.674715 
0.5 10.5 6 1 0.276201 0.0274534 
0.5 5.5 9.5 1 -0.158013 0.361138 
10.5 5.5 9.5 1 0.0491917 0.150926 
0.5 6.5 -0.5 1 -0.170997 -0.572518 
0.5 8.5 -0.5 1 0.0147403 -0.620595 
0.5 8.5 4.5 1 0.0603991 -0.107554 
0.5 6.5 4.5 1 -0.121712 -0.0887545 
0.5 2.5 2 1 -0.459192 -0.27049 
0.5 4.5 2 1 -0.310718 -0.297087 
0.5 4.5 4.5 1 -0.285165 -0.0718816 
0.5 2.5 4.5 1 -0.432687 -0.0566532 
