0.25459 -0.494786 0.200171 0.124998 
-0.224622 -0.306945 -0.264266 0.0547826 
0.135924 -0.181674 0.111639 0.0820784 
0.584462 -0.24224 0.55747 0.136485 
0.25459 -0.494786 -0.224622 -0.306945 
-0.224622 -0.306945 0.135924 -0.181674 
0.135924 -0.181674 0.584462 -0.24224 
0.584462 -0.24224 0.25459 -0.494786 
0.200171 0.124998 0.402656 0.394064 
0.402656 0.394064 0.55747 0.136485 
-0.264266 0.0547826 -0.0630292 0.238521 
-0.0630292 0.238521 0.111639 0.0820784 
0.402656 0.394064 -0.0630292 0.238521 
0.200171 0.124998 -0.264266 0.0547826 
0.55747 0.136485 0.111639 0.0820784 
0.489014 -0.315313 0.540767 -0.275692 
0.540767 -0.275692 0.517671 0.0388067 
0.517671 0.0388067 0.462916 0.0280135 
0.462916 0.0280135 0.489014 -0.315313 
0.333135 -0.213309 0.411926 -0.17567 
0.411926 -0.17567 0.39684 0.0149885 
0.39684 0.0149885 0.315525 -0.00104042 
0.315525 -0.00104042 0.333135 -0.213309 
