-0.59348 -0.47852 -0.556282 -0.0692158 
-0.114929 -0.384844 -0.113814 -0.102964 
0.287886 -0.450308 0.260664 -0.0597254 
-0.212848 -0.662354 -0.198419 0.0251611 
-0.59348 -0.47852 -0.114929 -0.384844 
-0.114929 -0.384844 0.287886 -0.450308 
0.287886 -0.450308 -0.212848 -0.662354 
-0.212848 -0.662354 -0.59348 -0.47852 
-0.556282 -0.0692158 -0.404545 0.205685 
-0.404545 0.205685 -0.198419 0.0251611 
-0.113814 -0.102964 0.0399263 0.0757706 
0.0399263 0.0757706 0.260664 -0.0597254 
-0.404545 0.205685 0.0399263 0.0757706 
-0.556282 -0.0692158 -0.113814 -0.102964 
-0.198419 0.0251611 0.260664 -0.0597254 
-0.415694 -0.564385 -0.326904 -0.607268 
-0.326904 -0.607268 -0.307118 -0.129919 
-0.307118 -0.129919 -0.391174 -0.13915 
-0.391174 -0.13915 -0.415694 -0.564385 
-0.530239 -0.321736 -0.472714 -0.331507 
-0.472714 -0.331507 -0.459623 -0.146667 
-0.459623 -0.146667 -0.516444 -0.152907 
-0.516444 -0.152907 -0.530239 -0.321736 
