0.308902 -0.539906 0.247585 0.0711087 
-0.223461 -0.367635 -0.260522 0.00180813 
0.120323 -0.232383 0.0940745 0.0292072 
0.570506 -0.282226 0.534041 0.0810638 
0.308902 -0.539906 -0.223461 -0.367635 
-0.223461 -0.367635 0.120323 -0.232383 
0.120323 -0.232383 0.570506 -0.282226 
0.570506 -0.282226 0.308902 -0.539906 
0.247585 0.0711087 0.402605 0.322695 
0.402605 0.322695 0.534041 0.0810638 
-0.260522 0.00180813 -0.0694686 0.182774 
-0.0694686 0.182774 0.0940745 0.0292072 
0.402605 0.322695 -0.0694686 0.182774 
0.247585 0.0711087 -0.260522 0.00180813 
0.534041 0.0810638 0.0940745 0.0292072 
0.496246 -0.355372 0.536652 -0.315572 
0.536652 -0.315572 0.506128 -0.0114564 
0.506128 -0.0114564 0.462769 -0.0218235 
0.462769 -0.0218235 0.496246 -0.355372 
0.365584 -0.256823 0.428649 -0.219054 
0.428649 -0.219054 0.410118 -0.0344121 
0.410118 -0.0344121 0.34483 -0.0500223 
0.34483 -0.0500223 0.365584 -0.256823 
