0.396021 -0.485926 0.330195 0.0721299 
-0.259863 -0.422862 -0.270543 -0.0238935 
0.0282433 -0.314057 0.0104306 -0.0533715 
0.46893 -0.32397 0.426946 -0.00367555 
0.396021 -0.485926 -0.259863 -0.422862 
-0.259863 -0.422862 0.0282433 -0.314057 
0.0282433 -0.314057 0.46893 -0.32397 
0.46893 -0.32397 0.396021 -0.485926 
0.330195 0.0721299 0.36586 0.224687 
0.36586 0.224687 0.426946 -0.00367555 
-0.270543 -0.0238935 -0.109847 0.116762 
-0.109847 0.116762 0.0104306 -0.0533715 
0.36586 0.224687 -0.109847 0.116762 
0.330195 0.0721299 -0.270543 -0.0238935 
0.426946 -0.00367555 0.0104306 -0.0533715 
0.448919 -0.368422 0.459872 -0.344091 
0.459872 -0.344091 0.424612 -0.0716383 
0.424612 -0.0716383 0.410595 -0.0676452 
0.410595 -0.0676452 0.448919 -0.368422 
0.394539 -0.241328 0.413923 -0.226529 
0.413923 -0.226529 0.393457 -0.0627632 
0.393457 -0.0627632 0.372027 -0.0566584 
0.372027 -0.0566584 0.394539 -0.241328 
