0.341964 -0.632027 0.339724 -0.141963 
-0.37601 -0.564962 -0.327083 -0.109188 
-0.187731 -0.40652 -0.166024 -0.135059 
0.233891 -0.438862 0.237427 -0.155575 
0.341964 -0.632027 -0.37601 -0.564962 
-0.37601 -0.564962 -0.187731 -0.40652 
-0.187731 -0.40652 0.233891 -0.438862 
0.233891 -0.438862 0.341964 -0.632027 
0.339724 -0.141963 0.276705 0.0265269 
0.276705 0.0265269 0.237427 -0.155575 
-0.327083 -0.109188 -0.211876 0.0431991 
-0.211876 0.0431991 -0.166024 -0.135059 
0.276705 0.0265269 -0.211876 0.0431991 
0.339724 -0.141963 -0.327083 -0.109188 
0.237427 -0.155575 -0.166024 -0.135059 
0.263905 -0.492507 0.24751 -0.463204 
0.24751 -0.463204 0.249984 -0.222486 
0.249984 -0.222486 0.265933 -0.227059 
0.265933 -0.227059 0.263905 -0.492507 
0.309366 -0.402114 0.284693 -0.377028 
0.284693 -0.377028 0.285334 -0.232622 
0.285334 -0.232622 0.309443 -0.239536 
0.309443 -0.239536 0.309366 -0.402114 
