-0.318639 -0.194566 -0.351197 0.0873551 
0.080923 -0.130079 0.0579007 0.11897 
0.31535 -0.218409 0.284114 0.174172 
-0.311165 -0.348294 -0.366994 0.132692 
-0.318639 -0.194566 0.080923 -0.130079 
0.080923 -0.130079 0.31535 -0.218409 
0.31535 -0.218409 -0.311165 -0.348294 
-0.311165 -0.348294 -0.318639 -0.194566 
-0.351197 0.0873551 -0.379847 0.301462 
-0.379847 0.301462 -0.366994 0.132692 
0.0579007 0.11897 0.1307 0.308839 
0.1307 0.308839 0.284114 0.174172 
-0.379847 0.301462 0.1307 0.308839 
-0.351197 0.0873551 0.0579007 0.11897 
-0.366994 0.132692 0.284114 0.174172 
-0.315138 -0.266586 -0.313396 -0.302412 
-0.313396 -0.302412 -0.350762 0.0199991 
-0.350762 0.0199991 -0.34837 0.0204989 
-0.34837 0.0204989 -0.315138 -0.266586 
-0.331198 -0.0972992 -0.331387 -0.109416 
-0.331387 -0.109416 -0.346458 0.0208985 
-0.346458 0.0208985 -0.344894 0.0212253 
-0.344894 0.0212253 -0.331198 -0.0972992 
