-0.311443 -0.169508 -0.344201 0.11031 
0.0869417 -0.108896 0.0647672 0.140561 
0.314276 -0.194643 0.28525 0.2001 
-0.31403 -0.315569 -0.370482 0.161003 
-0.311443 -0.169508 0.0869417 -0.108896 
0.0869417 -0.108896 0.314276 -0.194643 
0.314276 -0.194643 -0.31403 -0.315569 
-0.31403 -0.315569 -0.311443 -0.169508 
-0.344201 0.11031 -0.377044 0.326117 
-0.377044 0.326117 -0.370482 0.161003 
0.0647672 0.140561 0.135726 0.333603 
0.135726 0.333603 0.28525 0.2001 
-0.377044 0.326117 0.135726 0.333603 
-0.344201 0.11031 0.0647672 0.140561 
-0.370482 0.161003 0.28525 0.2001 
-0.312657 -0.238033 -0.313259 -0.272056 
-0.313259 -0.272056 -0.350941 0.0471741 
-0.350941 0.0471741 -0.346135 0.0463729 
-0.346135 0.0463729 -0.312657 -0.238033 
-0.325351 -0.0724706 -0.327098 -0.083624 
-0.327098 -0.083624 -0.342292 0.045732 
-0.342292 0.045732 -0.339148 0.0452078 
-0.339148 0.0452078 -0.325351 -0.0724706 
