0.0493287 -0.31194 0.0724779 -0.0478986 
0.4896 -0.43615 0.509497 -0.0773968 
0.237116 -0.642907 0.281816 -0.0256561 
-0.305347 -0.384067 -0.262356 -0.00238962 
0.0493287 -0.31194 0.4896 -0.43615 
0.4896 -0.43615 0.237116 -0.642907 
0.237116 -0.642907 -0.305347 -0.384067 
-0.305347 -0.384067 0.0493287 -0.31194 
0.0724779 -0.0478986 -0.0489669 0.133112 
-0.0489669 0.133112 -0.262356 -0.00238962 
0.509497 -0.0773968 0.43938 0.174227 
0.43938 0.174227 0.281816 -0.0256561 
-0.0489669 0.133112 0.43938 0.174227 
0.0724779 -0.0478986 0.509497 -0.0773968 
-0.262356 -0.00238962 0.281816 -0.0256561 
-0.130992 -0.34861 -0.210966 -0.364873 
-0.210966 -0.364873 -0.182219 -0.0937234 
-0.182219 -0.0937234 -0.10584 -0.0980754 
-0.10584 -0.0980754 -0.130992 -0.34861 
0.00719394 -0.212953 -0.0511419 -0.217254 
-0.0511419 -0.217254 -0.0401109 -0.101821 
-0.0401109 -0.101821 0.0170494 -0.105077 
0.0170494 -0.105077 0.00719394 -0.212953 
