0 0 0 1 -0.712725 -0.601774 
0 0 6.5 1 -0.633398 -0.101788 
10 0 0 1 -0.209895 -0.442082 
10 0 6.5 1 -0.185091 -0.139555 
10 10 0 1 0.251301 -0.544718 
10 10 6.5 1 0.254335 -0.156158 
0 10 0 1 -0.0586344 -0.903219 
0 10 6.5 1 -0.0162652 -0.11456 
0 5 10 1 -0.353994 0.177256 
10 5 10 1 0.017315 0.0214405 
0 6 0 1 -0.393547 -0.748871 
0 8 0 1 -0.243334 -0.818098 
0 8 5 1 -0.197392 -0.26045 
0 6 5 1 -0.339972 -0.244607 
0 2 2.5 1 -0.591632 -0.424298 
0 4 2.5 1 -0.48795 -0.452897 
0 4 5 1 -0.459933 -0.231278 
0 2 5 1 -0.562263 -0.219907 
0.5 0.5 -0.5 1 -0.657215 -0.639479 
0.5 0.5 6 1 -0.582809 -0.140405 
10.5 0.5 -0.5 1 -0.178937 -0.465628 
10.5 0.5 6 1 -0.155749 -0.16341 
10.5 10.5 -0.5 1 0.287932 -0.574175 
10.5 10.5 6 1 0.288712 -0.186162 
0.5 10.5 -0.5 1 0.0197848 -0.958349 
0.5 10.5 6 1 0.0525262 -0.172357 
0.5 5.5 9.5 1 -0.298635 0.130675 
10.5 5.5 9.5 1 0.0480824 -0.00526079 
0.5 6.5 -0.5 1 -0.326051 -0.795459 
0.5 8.5 -0.5 1 -0.17073 -0.868616 
0.5 8.5 4.5 1 -0.131347 -0.312737 
0.5 6.5 4.5 1 -0.27816 -0.29259 
0.5 2.5 2 1 -0.534864 -0.465112 
0.5 4.5 2 1 -0.427529 -0.496767 
0.5 4.5 4.5 1 -0.401894 -0.27561 
0.5 2.5 4.5 1 -0.507594 -0.261104 
