-0.60787 -0.285246 -0.556479 0.305176 
-0.249907 -0.147092 -0.220555 0.163176 
0.237156 -0.21022 0.272279 0.123049 
0.328193 -0.434747 0.401538 0.244941 
-0.60787 -0.285246 -0.249907 -0.147092 
-0.249907 -0.147092 0.237156 -0.21022 
0.237156 -0.21022 0.328193 -0.434747 
0.328193 -0.434747 -0.60787 -0.285246 
-0.556479 0.305176 -0.0783014 0.624804 
-0.0783014 0.624804 0.401538 0.244941 
-0.220555 0.163176 0.0343404 0.31876 
0.0343404 0.31876 0.272279 0.123049 
-0.0783014 0.624804 0.0343404 0.31876 
-0.556479 0.305176 -0.220555 0.163176 
0.401538 0.244941 0.272279 0.123049 
-0.0785612 -0.369783 0.118789 -0.401303 
0.118789 -0.401303 0.171003 0.104497 
0.171003 0.104497 -0.0299962 0.121642 
-0.0299962 0.121642 -0.0785612 -0.369783 
-0.420045 -0.0805731 -0.242368 -0.102351 
-0.242368 -0.102351 -0.219631 0.137818 
-0.219631 0.137818 -0.398838 0.153104 
-0.398838 0.153104 -0.420045 -0.0805731 
