0 0 0 1 -0.681306 -0.404646 
0 0 6.5 1 -0.607378 0.141841 
10 0 0 1 -0.246945 -0.263554 
10 0 6.5 1 -0.21395 0.0389709 
10 10 0 1 0.233335 -0.342729 
10 10 6.5 1 0.260663 0.00604224 
0 10 0 1 0.179186 -0.612853 
0 10 6.5 1 0.236959 0.105791 
0 5 10 1 -0.204911 0.440999 
10 5 10 1 0.0231113 0.192683 
0 6 0 1 -0.222289 -0.515711 
0 8 0 1 -0.0333403 -0.561429 
0 8 5 1 0.0159242 -0.0363126 
0 6 5 1 -0.169856 -0.0202332 
0 2 2.5 1 -0.515046 -0.212226 
0 4 2.5 1 -0.363623 -0.23682 
0 4 5 1 -0.336679 -0.00579446 
0 2 5 1 -0.487306 0.00724244 
0.5 0.5 -0.5 1 -0.616609 -0.442287 
0.5 0.5 6 1 -0.546671 0.091912 
10.5 0.5 -0.5 1 -0.217146 -0.286508 
10.5 0.5 6 1 -0.185174 0.0122159 
10.5 10.5 -0.5 1 0.259679 -0.367783 
10.5 10.5 6 1 0.286001 -0.0240588 
0.5 10.5 -0.5 1 0.234681 -0.654898 
0.5 10.5 6 1 0.288225 0.0426033 
0.5 5.5 9.5 1 -0.148912 0.377705 
10.5 5.5 9.5 1 0.049997 0.162156 
0.5 6.5 -0.5 1 -0.160813 -0.556123 
0.5 8.5 -0.5 1 0.0256862 -0.602701 
0.5 8.5 4.5 1 0.0715873 -0.0922864 
0.5 6.5 4.5 1 -0.111733 -0.0737491 
0.5 2.5 2 1 -0.452544 -0.256257 
0.5 4.5 2 1 -0.302191 -0.282382 
0.5 4.5 4.5 1 -0.27686 -0.0570513 
0.5 2.5 4.5 1 -0.426376 -0.0419323 
