0 0 0 1 -0.0125767 -0.0845179 
0 0 6.5 1 0.01097 0.167074 
10 0 0 1 0.397275 -0.156033 
10 0 6.5 1 0.434807 0.148321 
10 10 0 1 0.313783 -0.282315 
10 10 6.5 1 0.375763 0.241046 
0 10 0 1 -0.287284 -0.140074 
0 10 6.5 1 -0.258675 0.244559 
0 5 10 1 -0.0808459 0.366958 
10 5 10 1 0.439489 0.398383 
0 6 0 1 -0.148994 -0.112107 
0 8 0 1 -0.211619 -0.124771 
0 8 5 1 -0.190418 0.14128 
0 6 5 1 -0.12857 0.130841 
0 2 2.5 1 -0.0420263 0.010381 
0 4 2.5 1 -0.0865761 0.00943591 
0 4 5 1 -0.0766909 0.122085 
0 2 5 1 -0.0325509 0.114635 
0.5 0.5 -0.5 1 -0.00631803 -0.108907 
0.5 0.5 6 1 0.0179453 0.148669 
10.5 0.5 -0.5 1 0.417426 -0.18792 
10.5 0.5 6 1 0.456583 0.125232 
10.5 10.5 -0.5 1 0.344517 -0.344742 
10.5 10.5 6 1 0.41116 0.205188 
0.5 10.5 -0.5 1 -0.288266 -0.1798 
0.5 10.5 6 1 -0.258547 0.219002 
0.5 5.5 9.5 1 -0.0751424 0.350574 
10.5 5.5 9.5 1 0.467979 0.378535 
0.5 6.5 -0.5 1 -0.145404 -0.143879 
0.5 8.5 -0.5 1 -0.209864 -0.160087 
0.5 8.5 4.5 1 -0.187875 0.11474 
0.5 6.5 4.5 1 -0.124255 0.106365 
0.5 2.5 2 1 -0.0360458 -0.0134649 
0.5 4.5 2 1 -0.0814149 -0.0164008 
0.5 4.5 4.5 1 -0.0711941 0.0993806 
0.5 2.5 4.5 1 -0.0262655 0.0934664 
