0.265615 -0.163057 0.248467 0.191375 
-0.0321237 -0.43869 -0.0893831 0.208624 
-0.567142 -0.289987 -0.632216 0.131409 
-0.147984 -0.127894 -0.175223 0.146141 
0.265615 -0.163057 -0.0321237 -0.43869 
-0.0321237 -0.43869 -0.567142 -0.289987 
-0.567142 -0.289987 -0.147984 -0.127894 
-0.147984 -0.127894 0.265615 -0.163057 
0.248467 0.191375 -0.00454596 0.342278 
-0.00454596 0.342278 -0.175223 0.146141 
-0.0893831 0.208624 -0.45963 0.464854 
-0.45963 0.464854 -0.632216 0.131409 
-0.00454596 0.342278 -0.45963 0.464854 
0.248467 0.191375 -0.0893831 0.208624 
-0.175223 0.146141 -0.632216 0.131409 
-0.00680513 -0.139896 -0.0806841 -0.133615 
-0.0806841 -0.133615 -0.100643 0.0853992 
-0.100643 0.0853992 -0.0256611 0.0899503 
-0.0256611 0.0899503 -0.00680513 -0.139896 
0.157331 -0.0289505 0.0660924 -0.0277078 
0.0660924 -0.0277078 0.0572596 0.0949832 
0.0572596 0.0949832 0.14945 0.100579 
0.14945 0.100579 0.157331 -0.0289505 
