0 0 0 1 0.403621 -0.531927 
0 0 6.5 1 0.34598 0.0117168 
10 0 0 1 -0.281921 -0.469586 
10 0 6.5 1 -0.27837 -0.0566758 
10 10 0 1 -0.0149656 -0.357868 
10 10 6.5 1 -0.0247619 -0.0943338 
0 10 0 1 0.42261 -0.372061 
0 10 6.5 1 0.387689 -0.0608127 
0 5 10 1 0.351152 0.157897 
10 5 10 1 -0.12777 0.0795174 
0 6 0 1 0.417414 -0.415801 
0 8 0 1 0.42026 -0.391847 
0 8 5 1 0.390695 -0.126487 
0 6 5 1 0.385033 -0.12269 
0 2 2.5 1 0.388808 -0.291596 
0 4 2.5 1 0.395495 -0.277051 
0 4 5 1 0.378112 -0.11805 
0 2 5 1 0.36946 -0.112248 
0.5 0.5 -0.5 1 0.366255 -0.558365 
0.5 0.5 6 1 0.314252 -0.0349116 
10.5 0.5 -0.5 1 -0.286699 -0.491788 
10.5 0.5 6 1 -0.28294 -0.0906187 
10.5 10.5 -0.5 1 -0.0239256 -0.374587 
10.5 10.5 6 1 -0.0331176 -0.11587 
0.5 10.5 -0.5 1 0.400578 -0.391474 
0.5 10.5 6 1 0.36767 -0.0869207 
0.5 5.5 9.5 1 0.328046 0.119792 
10.5 5.5 9.5 1 -0.135019 0.0499656 
0.5 6.5 -0.5 1 0.391051 -0.4378 
0.5 8.5 -0.5 1 0.396255 -0.412493 
0.5 8.5 4.5 1 0.368557 -0.15346 
0.5 6.5 4.5 1 0.360916 -0.152395 
0.5 2.5 2 1 0.357808 -0.323133 
0.5 4.5 2 1 0.367692 -0.3056 
0.5 4.5 4.5 1 0.351631 -0.151102 
0.5 2.5 4.5 1 0.34011 -0.149497 
