0 0 0 1 -0.35814 -0.319236 
0 0 6.5 1 -0.386847 -0.0211 
10 0 0 1 0.0513679 -0.235061 
10 0 6.5 1 0.0261477 0.0159172 
10 10 0 1 0.32241 -0.334322 
10 10 6.5 1 0.282332 0.0543779 
0 10 0 1 -0.297134 -0.511845 
0 10 6.5 1 -0.346925 0.00296888 
0 5 10 1 -0.391684 0.189877 
10 5 10 1 0.110128 0.194481 
0 6 0 1 -0.329784 -0.408761 
0 8 0 1 -0.315532 -0.453759 
0 8 5 1 -0.348962 -0.107645 
0 6 5 1 -0.359416 -0.101661 
0 2 2.5 1 -0.362513 -0.21813 
0 4 2.5 1 -0.354473 -0.234689 
0 4 5 1 -0.367758 -0.0968857 
0 2 5 1 -0.37457 -0.0929863 
0.5 0.5 -0.5 1 -0.329504 -0.343101 
0.5 0.5 6 1 -0.358643 -0.0413098 
10.5 0.5 -0.5 1 0.079586 -0.254268 
10.5 0.5 6 1 0.0540391 -0.000704037 
10.5 10.5 -0.5 1 0.370652 -0.365812 
10.5 10.5 6 1 0.329753 0.0291233 
0.5 10.5 -0.5 1 -0.245957 -0.557474 
0.5 10.5 6 1 -0.297057 -0.0316642 
0.5 5.5 9.5 1 -0.356022 0.167483 
10.5 5.5 9.5 1 0.14506 0.176473 
0.5 6.5 -0.5 1 -0.290854 -0.442272 
0.5 8.5 -0.5 1 -0.271308 -0.492426 
0.5 8.5 4.5 1 -0.305503 -0.139868 
0.5 6.5 4.5 1 -0.321086 -0.13011 
0.5 2.5 2 1 -0.331308 -0.242855 
0.5 4.5 2 1 -0.319949 -0.26219 
0.5 4.5 4.5 1 -0.333475 -0.122351 
0.5 2.5 4.5 1 -0.343563 -0.116034 
