0.0536902 -0.261836 0.0153423 0.421768 
-0.244563 -0.0851972 -0.281449 0.275221 
0.172712 -0.011241 0.162751 0.273324 
0.611302 -0.0871296 0.627158 0.366725 
0.0536902 -0.261836 -0.244563 -0.0851972 
-0.244563 -0.0851972 0.172712 -0.011241 
0.172712 -0.011241 0.611302 -0.0871296 
0.611302 -0.0871296 0.0536902 -0.261836 
0.0153423 0.421768 0.386879 0.724041 
0.386879 0.724041 0.627158 0.366725 
-0.281449 0.275221 -0.0438729 0.459127 
-0.0438729 0.459127 0.162751 0.273324 
0.386879 0.724041 -0.0438729 0.459127 
0.0153423 0.421768 -0.281449 0.275221 
0.627158 0.366725 0.162751 0.273324 
0.439246 -0.141037 0.531365 -0.112175 
0.531365 -0.112175 0.539527 0.255443 
0.539527 0.255443 0.442172 0.25454 
0.442172 0.25454 0.439246 -0.141037 
0.198391 0.0103557 0.329856 0.0322027 
0.329856 0.0322027 0.327637 0.253477 
0.327637 0.253477 0.190935 0.252208 
0.190935 0.252208 0.198391 0.0103557 
