0.27593 -0.236348 0.243089 0.0857395 
0.559638 -0.463436 0.493106 0.178112 
-0.433015 -0.568367 -0.495946 0.0803476 
-0.221014 -0.287531 -0.252952 0.0363535 
0.27593 -0.236348 0.559638 -0.463436 
0.559638 -0.463436 -0.433015 -0.568367 
-0.433015 -0.568367 -0.221014 -0.287531 
-0.221014 -0.287531 0.27593 -0.236348 
0.243089 0.0857395 -0.0216682 0.234448 
-0.0216682 0.234448 -0.252952 0.0363535 
0.493106 0.178112 -0.033482 0.474556 
-0.033482 0.474556 -0.495946 0.0803476 
-0.0216682 0.234448 -0.033482 0.474556 
0.243089 0.0857395 0.493106 0.178112 
-0.252952 0.0363535 -0.495946 0.0803476 
-0.021612 -0.266993 -0.121209 -0.277251 
-0.121209 -0.277251 -0.145929 -0.0282629 
-0.145929 -0.0282629 -0.0464719 -0.0182823 
-0.0464719 -0.0182823 -0.021612 -0.266993 
0.164378 -0.12236 0.0652664 -0.132436 
0.0652664 -0.132436 0.0527772 -0.00832249 
0.0527772 -0.00832249 0.151819 0.00161652 
0.151819 0.00161652 0.164378 -0.12236 
