0 0 0 1 0.257918 -0.0378419 
0 0 6.5 1 0.277143 0.342643 
10 0 0 1 -0.252089 -0.175692 
10 0 6.5 1 -0.285548 0.430602 
10 10 0 1 -0.505781 -0.0283009 
10 10 6.5 1 -0.543905 0.333957 
0 10 0 1 -0.0791162 0.0316023 
0 10 6.5 1 -0.0839448 0.299116 
0 5 10 1 0.0657858 0.503237 
10 5 10 1 -0.473478 0.650579 
0 6 0 1 0.0290516 0.0093149 
0 8 0 1 -0.0283753 0.0211474 
0 8 5 1 -0.0300699 0.237056 
0 6 5 1 0.0299147 0.239559 
0 2 2.5 1 0.174247 0.109524 
0 4 2.5 1 0.0966303 0.116115 
0 4 5 1 0.0987841 0.242434 
0 2 5 1 0.17867 0.245768 
0.5 0.5 -0.5 1 0.216834 -0.0642884 
0.5 0.5 6 1 0.232729 0.310916 
10.5 0.5 -0.5 1 -0.309899 -0.215256 
10.5 0.5 6 1 -0.350156 0.377641 
10.5 10.5 -0.5 1 -0.539212 -0.0536034 
10.5 10.5 6 1 -0.579475 0.303867 
0.5 10.5 -0.5 1 -0.106415 0.0124197 
0.5 10.5 6 1 -0.112677 0.277322 
0.5 5.5 9.5 1 0.0296079 0.475139 
10.5 5.5 9.5 1 -0.521535 0.607156 
0.5 6.5 -0.5 1 -0.00250904 -0.0122376 
0.5 8.5 -0.5 1 -0.057654 0.000848552 
0.5 8.5 4.5 1 -0.0606058 0.214534 
0.5 6.5 4.5 1 -0.00311177 0.215478 
0.5 2.5 2 1 0.135894 0.0833248 
0.5 4.5 2 1 0.0615696 0.0917494 
0.5 4.5 4.5 1 0.0628373 0.216561 
0.5 2.5 4.5 1 0.139255 0.217817 
