0 0 0 1 -0.676436 -0.391304 
0 0 6.5 1 -0.603857 0.157779 
10 0 0 1 -0.247323 -0.252401 
10 0 6.5 1 -0.214386 0.0503693 
10 10 0 1 0.233541 -0.330141 
10 10 6.5 1 0.261674 0.0170293 
0 10 0 1 0.191381 -0.593924 
0 10 6.5 1 0.250143 0.120992 
0 5 10 1 -0.195542 0.458507 
10 5 10 1 0.0241265 0.204091 
0 6 0 1 -0.211406 -0.499881 
0 8 0 1 -0.0213846 -0.544247 
0 8 5 1 0.0279744 -0.0210745 
0 6 5 1 -0.159331 -0.00512648 
0 2 2.5 1 -0.508366 -0.198023 
0 4 2.5 1 -0.354777 -0.222244 
0 4 5 1 -0.328132 0.00924604 
0 2 5 1 -0.481042 0.0222655 
0.5 0.5 -0.5 1 -0.611419 -0.42899 
0.5 0.5 6 1 -0.542673 0.1071 
10.5 0.5 -0.5 1 -0.217579 -0.275347 
10.5 0.5 6 1 -0.185625 0.0234315 
10.5 10.5 -0.5 1 0.259424 -0.355039 
10.5 10.5 6 1 0.286592 -0.0131102 
0.5 10.5 -0.5 1 0.245497 -0.635569 
0.5 10.5 6 1 0.300236 0.0574418 
0.5 5.5 9.5 1 -0.139708 0.394137 
10.5 5.5 9.5 1 0.0508237 0.17333 
0.5 6.5 -0.5 1 -0.150545 -0.540094 
0.5 8.5 -0.5 1 0.0366564 -0.585223 
0.5 8.5 4.5 1 0.0828164 -0.0773275 
0.5 6.5 4.5 1 -0.101664 -0.0590195 
0.5 2.5 2 1 -0.445753 -0.242294 
0.5 4.5 2 1 -0.29354 -0.26797 
0.5 4.5 4.5 1 -0.268438 -0.0424688 
0.5 2.5 4.5 1 -0.419936 -0.027434 
