-0.0514779 -0.0406387 -0.0342478 0.211005 
0.349194 -0.0977051 0.384838 0.191336 
0.325172 -0.237128 0.385367 0.254762 
-0.290066 -0.120405 -0.275632 0.272171 
-0.0514779 -0.0406387 0.349194 -0.0977051 
0.349194 -0.0977051 0.325172 -0.237128 
0.325172 -0.237128 -0.290066 -0.120405 
-0.290066 -0.120405 -0.0514779 -0.0406387 
-0.0342478 0.211005 -0.118048 0.410647 
-0.118048 0.410647 -0.275632 0.272171 
0.384838 0.191336 0.411036 0.425994 
0.411036 0.425994 0.385367 0.254762 
-0.118048 0.410647 0.411036 0.425994 
-0.0342478 0.211005 0.384838 0.191336 
-0.275632 0.272171 0.385367 0.254762 
-0.168904 -0.0798971 -0.223504 -0.0981513 
-0.223504 -0.0981513 -0.211234 0.170441 
-0.211234 0.170441 -0.155969 0.164366 
-0.155969 0.164366 -0.168904 -0.0798971 
-0.0781199 0.0502481 -0.116799 0.0456673 
-0.116799 0.0456673 -0.110093 0.159322 
-0.110093 0.159322 -0.0714007 0.155069 
-0.0714007 0.155069 -0.0781199 0.0502481 
