0.287639 -0.267134 0.253015 0.0809354 
0.192801 -0.578661 0.122938 0.120794 
-0.584945 -0.488799 -0.636544 0.0151754 
-0.177919 -0.26547 -0.207382 0.0262853 
0.287639 -0.267134 0.192801 -0.578661 
0.192801 -0.578661 -0.584945 -0.488799 
-0.584945 -0.488799 -0.177919 -0.26547 
-0.177919 -0.26547 0.287639 -0.267134 
0.253015 0.0809354 -0.0146155 0.222403 
-0.0146155 0.222403 -0.207382 0.0262853 
0.122938 0.120794 -0.350602 0.375777 
-0.350602 0.375777 -0.636544 0.0151754 
-0.0146155 0.222403 -0.350602 0.375777 
0.253015 0.0809354 0.122938 0.120794 
-0.207382 0.0262853 -0.636544 0.0151754 
-0.0110049 -0.266067 -0.0972499 -0.265758 
-0.0972499 -0.265758 -0.120606 -0.0338788 
-0.120606 -0.0338788 -0.0351015 -0.0261666 
-0.0351015 -0.0261666 -0.0110049 -0.266067 
0.167841 -0.137941 0.0689777 -0.1422 
0.0689777 -0.1422 0.0565301 -0.0179018 
0.0565301 -0.0179018 0.154972 -0.00902272 
0.154972 -0.00902272 0.167841 -0.137941 
