-0.180716 -0.318463 -0.205215 0.361006 
-0.247416 -0.0669938 -0.264024 0.279749 
0.212163 -0.0328615 0.226044 0.267704 
0.594634 -0.203033 0.6618 0.318981 
-0.180716 -0.318463 -0.247416 -0.0669938 
-0.247416 -0.0669938 0.212163 -0.0328615 
0.212163 -0.0328615 0.594634 -0.203033 
0.594634 -0.203033 -0.180716 -0.318463 
-0.205215 0.361006 0.312546 0.721059 
0.312546 0.721059 0.6618 0.318981 
-0.264024 0.279749 -0.000157858 0.464888 
-0.000157858 0.464888 0.226044 0.267704 
0.312546 0.721059 -0.000157858 0.464888 
-0.205215 0.361006 -0.264024 0.279749 
0.6618 0.318981 0.226044 0.267704 
0.330636 -0.242336 0.468872 -0.221756 
0.468872 -0.221756 0.510902 0.188308 
0.510902 0.188308 0.362264 0.188042 
0.362264 0.188042 0.330636 -0.242336 
0.00961515 -0.0631221 0.186861 -0.0491275 
0.186861 -0.0491275 0.196611 0.187745 
0.196611 0.187745 0.0108423 0.187412 
0.0108423 0.187412 0.00961515 -0.0631221 
