-0.462985 -0.439964 -0.469137 -0.0930842 
-0.0203713 -0.340688 -0.0394405 -0.0757514 
0.316617 -0.418827 0.272588 -0.0258543 
-0.279987 -0.635461 -0.303516 -0.0304247 
-0.462985 -0.439964 -0.0203713 -0.340688 
-0.0203713 -0.340688 0.316617 -0.418827 
0.316617 -0.418827 -0.279987 -0.635461 
-0.279987 -0.635461 -0.462985 -0.439964 
-0.469137 -0.0930842 -0.413469 0.148786 
-0.413469 0.148786 -0.303516 -0.0304247 
-0.0394405 -0.0757514 0.0727752 0.104989 
0.0727752 0.104989 0.272588 -0.0258543 
-0.413469 0.148786 0.0727752 0.104989 
-0.469137 -0.0930842 -0.0394405 -0.0757514 
-0.303516 -0.0304247 0.272588 -0.0258543 
-0.378734 -0.529969 -0.335861 -0.57577 
-0.335861 -0.57577 -0.349233 -0.164746 
-0.349233 -0.164746 -0.38876 -0.166676 
-0.38876 -0.166676 -0.378734 -0.529969 
-0.443268 -0.314231 -0.416597 -0.327729 
-0.416597 -0.327729 -0.420369 -0.168219 
-0.420369 -0.168219 -0.446224 -0.169481 
-0.446224 -0.169481 -0.443268 -0.314231 
