0.11798 -0.419458 0.12774 -0.132823 
0.596747 -0.570465 0.579529 -0.138526 
0.150443 -0.801572 0.170239 -0.0775465 
-0.301297 -0.487588 -0.26273 -0.0962626 
0.11798 -0.419458 0.596747 -0.570465 
0.596747 -0.570465 0.150443 -0.801572 
0.150443 -0.801572 -0.301297 -0.487588 
-0.301297 -0.487588 0.11798 -0.419458 
0.12774 -0.132823 -0.0282619 0.0471648 
-0.0282619 0.0471648 -0.26273 -0.0962626 
0.579529 -0.138526 0.419574 0.141063 
0.419574 0.141063 0.170239 -0.0775465 
-0.0282619 0.0471648 0.419574 0.141063 
0.12774 -0.132823 0.579529 -0.138526 
-0.26273 -0.0962626 0.170239 -0.0775465 
-0.100891 -0.455023 -0.19413 -0.470173 
-0.19413 -0.470173 -0.170766 -0.185939 
-0.170766 -0.185939 -0.0828378 -0.189122 
-0.0828378 -0.189122 -0.100891 -0.455023 
0.0587014 -0.309984 -0.0119894 -0.314347 
-0.0119894 -0.314347 -0.00522216 -0.191931 
-0.00522216 -0.191931 0.0637944 -0.194429 
0.0637944 -0.194429 0.0587014 -0.309984 
