0.278481 -0.378642 0.243073 -0.0583792 
0.691533 -0.625448 0.600219 -0.00715576 
-0.299612 -0.821269 -0.337633 -0.0804713 
-0.226217 -0.449027 -0.247369 -0.0987288 
0.278481 -0.378642 0.691533 -0.625448 
0.691533 -0.625448 -0.299612 -0.821269 
-0.299612 -0.821269 -0.226217 -0.449027 
-0.226217 -0.449027 0.278481 -0.378642 
0.243073 -0.0583792 -0.00681339 0.0934992 
-0.00681339 0.0934992 -0.247369 -0.0987288 
0.600219 -0.00715576 0.135334 0.287386 
0.135334 0.287386 -0.337633 -0.0804713 
-0.00681339 0.0934992 0.135334 0.287386 
0.243073 -0.0583792 0.600219 -0.00715576 
-0.247369 -0.0987288 -0.337633 -0.0804713 
-0.0138938 -0.419416 -0.118193 -0.433962 
-0.118193 -0.433962 -0.137136 -0.167387 
-0.137136 -0.167387 -0.0351994 -0.157695 
-0.0351994 -0.157695 -0.0138938 -0.419416 
0.171341 -0.263928 0.0749683 -0.275199 
0.0749683 -0.275199 0.0633685 -0.148323 
0.0633685 -0.148323 0.158732 -0.139255 
0.158732 -0.139255 0.171341 -0.263928 
