0.199339 -0.426276 0.150651 0.206396 
-0.229767 -0.238183 -0.270153 0.120178 
0.146872 -0.127271 0.12559 0.140534 
0.593199 -0.192779 0.576721 0.203359 
0.199339 -0.426276 -0.229767 -0.238183 
-0.229767 -0.238183 0.146872 -0.127271 
0.146872 -0.127271 0.593199 -0.192779 
0.593199 -0.192779 0.199339 -0.426276 
0.150651 0.206396 0.399304 0.48427 
0.399304 0.48427 0.576721 0.203359 
-0.270153 0.120178 -0.0588257 0.303702 
-0.0588257 0.303702 0.12559 0.140534 
0.399304 0.48427 -0.0588257 0.303702 
0.150651 0.206396 -0.270153 0.120178 
0.576721 0.203359 0.12559 0.140534 
0.477188 -0.261554 0.539879 -0.224389 
0.539879 -0.224389 0.524759 0.102181 
0.524759 0.102181 0.458777 0.0934537 
0.458777 0.0934537 0.477188 -0.261554 
0.297627 -0.148677 0.391224 -0.11467 
0.391224 -0.11467 0.379652 0.0829883 
0.379652 0.0829883 0.283023 0.0702076 
0.283023 0.0702076 0.297627 -0.148677 
