0.29168 -0.36911 0.256304 -0.0260539 
0.509286 -0.610943 0.416808 0.0972114 
-0.554109 -0.637135 -0.540359 0.0189612 
-0.227962 -0.392342 -0.236648 -0.061931 
0.29168 -0.36911 0.509286 -0.610943 
0.509286 -0.610943 -0.554109 -0.637135 
-0.554109 -0.637135 -0.227962 -0.392342 
-0.227962 -0.392342 0.29168 -0.36911 
0.256304 -0.0260539 -0.00592756 0.123417 
-0.00592756 0.123417 -0.236648 -0.061931 
0.416808 0.0972114 -0.097083 0.371307 
-0.097083 0.371307 -0.540359 0.0189612 
-0.00592756 0.123417 -0.097083 0.371307 
0.256304 -0.0260539 0.416808 0.0972114 
-0.236648 -0.061931 -0.540359 0.0189612 
-0.0254594 -0.383289 -0.127573 -0.387854 
-0.127573 -0.387854 -0.138214 -0.128873 
-0.138214 -0.128873 -0.0401156 -0.122346 
-0.0401156 -0.122346 -0.0254594 -0.383289 
0.172341 -0.238798 0.0688335 -0.244577 
0.0688335 -0.244577 0.0596163 -0.115709 
0.0596163 -0.115709 0.161023 -0.108961 
0.161023 -0.108961 0.172341 -0.238798 
