-0.376913 -0.36127 -0.402628 -0.0540655 
0.0385048 -0.270266 0.0134019 -0.01688 
0.324302 -0.370261 0.281804 0.0194341 
-0.292929 -0.565025 -0.33886 -0.0316151 
-0.376913 -0.36127 0.0385048 -0.270266 
0.0385048 -0.270266 0.324302 -0.370261 
0.324302 -0.370261 -0.292929 -0.565025 
-0.292929 -0.565025 -0.376913 -0.36127 
-0.402628 -0.0540655 -0.39659 0.159596 
-0.39659 0.159596 -0.33886 -0.0316151 
0.0134019 -0.01688 0.102646 0.160002 
0.102646 0.160002 0.281804 0.0194341 
-0.39659 0.159596 0.102646 0.160002 
-0.402628 -0.0540655 0.0134019 -0.01688 
-0.33886 -0.0316151 0.281804 0.0194341 
-0.338005 -0.455666 -0.318365 -0.503315 
-0.318365 -0.503315 -0.34902 -0.144282 
-0.34902 -0.144282 -0.364982 -0.137616 
-0.364982 -0.137616 -0.338005 -0.455666 
-0.377278 -0.256819 -0.365733 -0.274292 
-0.365733 -0.274292 -0.377713 -0.132299 
-0.377713 -0.132299 -0.388103 -0.12796 
-0.388103 -0.12796 -0.377278 -0.256819 
