-0.72009 -0.557176 -0.636775 -0.0346122 
-0.234272 -0.391123 -0.203646 -0.08805 
0.237905 -0.488343 0.253007 -0.115782 
0.0352517 -0.837172 0.0839446 -0.0668627 
-0.72009 -0.557176 -0.234272 -0.391123 
-0.234272 -0.391123 0.237905 -0.488343 
0.237905 -0.488343 0.0352517 -0.837172 
0.0352517 -0.837172 -0.72009 -0.557176 
-0.636775 -0.0346122 -0.303916 0.249527 
-0.303916 0.249527 0.0839446 -0.0668627 
-0.203646 -0.08805 0.0150017 0.0679672 
0.0150017 0.0679672 0.253007 -0.115782 
-0.303916 0.249527 0.0150017 0.0679672 
-0.636775 -0.0346122 -0.203646 -0.08805 
0.0839446 -0.0668627 0.253007 -0.115782 
-0.338321 -0.698694 -0.167515 -0.762009 
-0.167515 -0.762009 -0.118707 -0.209885 
-0.118707 -0.209885 -0.28252 -0.191312 
-0.28252 -0.191312 -0.338321 -0.698694 
-0.577626 -0.373569 -0.453078 -0.40298 
-0.453078 -0.40298 -0.423782 -0.175296 
-0.423782 -0.175296 -0.546849 -0.161343 
-0.546849 -0.161343 -0.577626 -0.373569 
