0 0 0 1 0.11798 -0.419458 
0 0 6.5 1 0.12774 -0.132823 
10 0 0 1 0.596747 -0.570465 
10 0 6.5 1 0.579529 -0.138526 
10 10 0 1 0.150443 -0.801572 
10 10 6.5 1 0.170239 -0.0775465 
0 10 0 1 -0.301297 -0.487588 
0 10 6.5 1 -0.26273 -0.0962626 
0 5 10 1 -0.0282619 0.0471648 
10 5 10 1 0.419574 0.141063 
0 6 0 1 -0.100891 -0.455023 
0 8 0 1 -0.19413 -0.470173 
0 8 5 1 -0.170766 -0.185939 
0 6 5 1 -0.0828378 -0.189122 
0 2 2.5 1 0.0587014 -0.309984 
0 4 2.5 1 -0.0119894 -0.314347 
0 4 5 1 -0.00522216 -0.191931 
0 2 5 1 0.0637944 -0.194429 
0.5 0.5 -0.5 1 0.117825 -0.451112 
0.5 0.5 6 1 0.12792 -0.153392 
10.5 0.5 -0.5 1 0.622335 -0.627131 
10.5 0.5 6 1 0.602479 -0.169581 
10.5 10.5 -0.5 1 0.153106 -0.923164 
10.5 10.5 6 1 0.174255 -0.124324 
0.5 10.5 -0.5 1 -0.322046 -0.53498 
0.5 10.5 6 1 -0.280396 -0.122702 
0.5 5.5 9.5 1 -0.0339373 0.0308536 
10.5 5.5 9.5 1 0.43741 0.120718 
0.5 6.5 -0.5 1 -0.110344 -0.494616 
0.5 8.5 -0.5 1 -0.208504 -0.513331 
0.5 8.5 4.5 1 -0.183467 -0.214796 
0.5 6.5 4.5 1 -0.0911526 -0.216237 
0.5 2.5 2 1 0.0563734 -0.338873 
0.5 4.5 2 1 -0.0172075 -0.345201 
0.5 4.5 4.5 1 -0.0100774 -0.217503 
0.5 2.5 4.5 1 0.0616933 -0.218623 
