-0.26204 -0.0437733 -0.291632 0.227759 
0.132559 -0.00576301 0.119201 0.250363 
0.315219 -0.0880489 0.304244 0.327239 
-0.323812 -0.160179 -0.378621 0.297199 
-0.26204 -0.0437733 0.132559 -0.00576301 
0.132559 -0.00576301 0.315219 -0.0880489 
0.315219 -0.0880489 -0.323812 -0.160179 
-0.323812 -0.160179 -0.26204 -0.0437733 
-0.291632 0.227759 -0.34604 0.451083 
-0.34604 0.451083 -0.378621 0.297199 
0.119201 0.250363 0.181535 0.462282 
0.181535 0.462282 0.304244 0.327239 
-0.34604 0.451083 0.181535 0.462282 
-0.291632 0.227759 0.119201 0.250363 
-0.378621 0.297199 0.304244 0.327239 
-0.291284 -0.0988817 -0.30563 -0.125916 
-0.30563 -0.125916 -0.341234 0.17943 
-0.341234 0.17943 -0.322418 0.174051 
-0.322418 0.174051 -0.291284 -0.0988817 
-0.282317 0.0518352 -0.293257 0.0442107 
-0.293257 0.0442107 -0.307321 0.169735 
-0.307321 0.169735 -0.29494 0.166195 
-0.29494 0.166195 -0.282317 0.0518352 
