0 0 0 1 0.279646 -0.293101 
0 0 6.5 1 0.244944 0.0275516 
10 0 0 1 0.611705 -0.535827 
10 0 6.5 1 0.535568 0.0976698 
10 10 0 1 -0.389872 -0.670887 
10 10 6.5 1 -0.444481 0.00675205 
0 10 0 1 -0.220619 -0.351314 
0 10 6.5 1 -0.249888 -0.019723 
0 5 10 1 -0.0155412 0.176389 
10 5 10 1 0.0265315 0.392552 
0 6 0 1 -0.0167004 -0.327585 
0 8 0 1 -0.118008 -0.339373 
0 8 5 1 -0.141476 -0.0852708 
0 6 5 1 -0.0410288 -0.0751972 
0 2 2.5 1 0.169049 -0.179323 
0 4 2.5 1 0.0706832 -0.189974 
0 4 5 1 0.0581629 -0.0652495 
0 2 5 1 0.156123 -0.0554253 
0.5 0.5 -0.5 1 0.266127 -0.327981 
0.5 0.5 6 1 0.230639 0.00201025 
10.5 0.5 -0.5 1 0.603154 -0.620772 
10.5 0.5 6 1 0.523 0.0502322 
10.5 10.5 -0.5 1 -0.460305 -0.770027 
10.5 10.5 6 1 -0.516195 -0.0493128 
0.5 10.5 -0.5 1 -0.249094 -0.389036 
0.5 10.5 6 1 -0.278819 -0.047451 
0.5 5.5 9.5 1 -0.0372548 0.154782 
10.5 5.5 9.5 1 -0.0151266 0.360981 
0.5 6.5 -0.5 1 -0.0389671 -0.364135 
0.5 8.5 -0.5 1 -0.14334 -0.376504 
0.5 8.5 4.5 1 -0.167216 -0.114773 
0.5 6.5 4.5 1 -0.0637569 -0.104223 
0.5 2.5 2 1 0.152402 -0.211052 
0.5 4.5 2 1 0.0511464 -0.222209 
0.5 4.5 4.5 1 0.0383729 -0.0938091 
0.5 2.5 4.5 1 0.139199 -0.0835279 
