0.22463 -0.392771 0.203707 -0.0859379 
0.709081 -0.532736 0.629089 -0.0044 
-0.0806504 -0.722159 -0.0902865 0.0420545 
-0.259008 -0.452536 -0.252101 -0.0788459 
0.22463 -0.392771 0.709081 -0.532736 
0.709081 -0.532736 -0.0806504 -0.722159 
-0.0806504 -0.722159 -0.259008 -0.452536 
-0.259008 -0.452536 0.22463 -0.392771 
0.203707 -0.0859379 -0.00778724 0.08244 
-0.00778724 0.08244 -0.252101 -0.0788459 
0.629089 -0.0044 0.302728 0.298516 
0.302728 0.298516 -0.0902865 0.0420545 
-0.00778724 0.08244 0.302728 0.298516 
0.203707 -0.0859379 0.629089 -0.0044 
-0.252101 -0.0788459 -0.0902865 0.0420545 
-0.0421271 -0.425735 -0.146006 -0.438572 
-0.146006 -0.438572 -0.146454 -0.159007 
-0.146454 -0.159007 -0.0475329 -0.157529 
-0.0475329 -0.157529 -0.0421271 -0.425735 
0.13559 -0.276093 0.0487655 -0.281985 
0.0487655 -0.281985 0.0440666 -0.15616 
0.0440666 -0.15616 0.129128 -0.154888 
0.129128 -0.154888 0.13559 -0.276093 
