0.292609 -0.305428 0.254066 0.0377157 
0.405805 -0.53644 0.319637 0.172947 
-0.579616 -0.54303 -0.590508 0.057027 
-0.211539 -0.328752 -0.229836 -0.0133625 
0.292609 -0.305428 0.405805 -0.53644 
0.405805 -0.53644 -0.579616 -0.54303 
-0.579616 -0.54303 -0.211539 -0.328752 
-0.211539 -0.328752 0.292609 -0.305428 
0.254066 0.0377157 -0.012445 0.178628 
-0.012445 0.178628 -0.229836 -0.0133625 
0.319637 0.172947 -0.194088 0.424817 
-0.194088 0.424817 -0.590508 0.057027 
-0.012445 0.178628 -0.194088 0.424817 
0.254066 0.0377157 0.319637 0.172947 
-0.229836 -0.0133625 -0.590508 0.057027 
-0.0206681 -0.319921 -0.117776 -0.324414 
-0.117776 -0.324414 -0.134702 -0.0758456 
-0.134702 -0.0758456 -0.0405206 -0.0671626 
-0.0405206 -0.0671626 -0.0206681 -0.319921 
0.170972 -0.177786 0.0683152 -0.184921 
0.0683152 -0.184921 0.0569861 -0.0581729 
0.0569861 -0.0581729 0.157998 -0.0488601 
0.157998 -0.0488601 0.170972 -0.177786 
