0 0 0 1 -0.432301 -0.4276 
0 0 6.5 1 -0.446417 -0.0941776 
10 0 0 1 0.000972187 -0.327498 
10 0 6.5 1 -0.021094 -0.0663668 
10 10 0 1 0.321813 -0.416108 
10 10 6.5 1 0.276844 -0.0231838 
0 10 0 1 -0.285217 -0.634488 
0 10 6.5 1 -0.317458 -0.0512851 
0 5 10 1 -0.40903 0.136239 
10 5 10 1 0.0829088 0.112195 
0 6 0 1 -0.364553 -0.522894 
0 8 0 1 -0.330098 -0.571358 
0 8 5 1 -0.35037 -0.176856 
0 6 5 1 -0.381412 -0.174305 
0 2 2.5 1 -0.420278 -0.310062 
0 4 2.5 1 -0.399118 -0.326044 
0 4 5 1 -0.406184 -0.172269 
0 2 5 1 -0.426411 -0.170606 
0.5 0.5 -0.5 1 -0.399062 -0.45388 
0.5 0.5 6 1 -0.41439 -0.116222 
10.5 0.5 -0.5 1 0.0305843 -0.347266 
10.5 0.5 6 1 0.00758983 -0.0835382 
10.5 10.5 -0.5 1 0.370759 -0.447214 
10.5 10.5 6 1 0.32339 -0.0483854 
0.5 10.5 -0.5 1 -0.223626 -0.684869 
0.5 10.5 6 1 -0.259856 -0.0886209 
0.5 5.5 9.5 1 -0.368857 0.111817 
10.5 5.5 9.5 1 0.11774 0.0936237 
0.5 6.5 -0.5 1 -0.318603 -0.559817 
0.5 8.5 -0.5 1 -0.277456 -0.613993 
0.5 8.5 4.5 1 -0.300029 -0.211764 
0.5 6.5 4.5 1 -0.337229 -0.205203 
0.5 2.5 2 1 -0.384236 -0.337116 
0.5 4.5 2 1 -0.35907 -0.356107 
0.5 4.5 4.5 1 -0.366824 -0.199983 
0.5 2.5 4.5 1 -0.390928 -0.195731 
