0.0693202 -0.368482 0.0893216 -0.0965593 
0.522844 -0.508769 0.532575 -0.125892 
0.210913 -0.740645 0.248045 -0.0826419 
-0.308727 -0.445058 -0.265231 -0.0582994 
0.0693202 -0.368482 0.522844 -0.508769 
0.522844 -0.508769 0.210913 -0.740645 
0.210913 -0.740645 -0.308727 -0.445058 
-0.308727 -0.445058 0.0693202 -0.368482 
0.0893216 -0.0965593 -0.0431037 0.0825457 
-0.0431037 0.0825457 -0.265231 -0.0582994 
0.532575 -0.125892 0.435251 0.13146 
0.435251 0.13146 0.248045 -0.0826419 
-0.0431037 0.0825457 0.435251 0.13146 
0.0893216 -0.0965593 0.532575 -0.125892 
-0.265231 -0.0582994 0.248045 -0.0826419 
-0.124336 -0.407708 -0.209258 -0.42491 
-0.209258 -0.42491 -0.180953 -0.148192 
-0.180953 -0.148192 -0.10033 -0.151143 
-0.10033 -0.151143 -0.124336 -0.407708 
0.0219998 -0.266581 -0.0405719 -0.271755 
-0.0405719 -0.271755 -0.0304186 -0.153702 
-0.0304186 -0.153702 0.0307836 -0.155942 
0.0307836 -0.155942 0.0219998 -0.266581 
