0.290803 -0.274701 0.253252 0.0722594 
0.264611 -0.55837 0.189157 0.15226 
-0.58934 -0.506589 -0.629887 0.0299912 
-0.189245 -0.285111 -0.216421 0.0144191 
0.290803 -0.274701 0.264611 -0.55837 
0.264611 -0.55837 -0.58934 -0.506589 
-0.58934 -0.506589 -0.189245 -0.285111 
-0.189245 -0.285111 0.290803 -0.274701 
0.253252 0.0722594 -0.0156598 0.211235 
-0.0156598 0.211235 -0.216421 0.0144191 
0.189157 0.15226 -0.30537 0.400862 
-0.30537 0.400862 -0.629887 0.0299912 
-0.0156598 0.211235 -0.30537 0.400862 
0.253252 0.0722594 0.189157 0.15226 
-0.216421 0.0144191 -0.629887 0.0299912 
-0.0141235 -0.281313 -0.10418 -0.283266 
-0.10418 -0.283266 -0.126463 -0.045768 
-0.126463 -0.045768 -0.0378557 -0.0369278 
-0.0378557 -0.0369278 -0.0141235 -0.281313 
0.169234 -0.146711 0.0686587 -0.152822 
0.0686587 -0.152822 0.0560583 -0.0275582 
0.0560583 -0.0275582 0.15577 -0.0176102 
0.15577 -0.0176102 0.169234 -0.146711 
