0 0 0 1 -0.671404 -0.378354 
0 0 6.5 1 -0.600245 0.173478 
10 0 0 1 -0.247646 -0.241447 
10 0 6.5 1 -0.214804 0.0616332 
10 10 0 1 0.233799 -0.317794 
10 10 6.5 1 0.262704 0.0278549 
0 10 0 1 0.20352 -0.57559 
0 10 6.5 1 0.263316 0.13577 
0 5 10 1 -0.186068 0.475802 
10 5 10 1 0.0251513 0.21539 
0 6 0 1 -0.200437 -0.484525 
0 8 0 1 -0.00940737 -0.527589 
0 8 5 1 0.0400689 -0.00625236 
0 6 5 1 -0.148714 0.00960207 
0 2 2.5 1 -0.501545 -0.18419 
0 4 2.5 1 -0.345806 -0.208065 
0 4 5 1 -0.319466 0.0239423 
0 2 5 1 -0.474654 0.0369754 
0.5 0.5 -0.5 1 -0.606075 -0.41608 
0.5 0.5 6 1 -0.538584 0.122032 
10.5 0.5 -0.5 1 -0.217955 -0.264386 
10.5 0.5 6 1 -0.186054 0.03451 
10.5 10.5 -0.5 1 0.259227 -0.342538 
10.5 10.5 6 1 0.287205 -0.00232349 
0.5 10.5 -0.5 1 0.256252 -0.616837 
0.5 10.5 6 1 0.312217 0.0718611 
0.5 5.5 9.5 1 -0.130415 0.410334 
10.5 5.5 9.5 1 0.0516618 0.184393 
0.5 6.5 -0.5 1 -0.14021 -0.524537 
0.5 8.5 -0.5 1 0.0476322 -0.568268 
0.5 8.5 4.5 1 0.0940687 -0.0627823 
0.5 6.5 4.5 1 -0.0915243 -0.0446686 
0.5 2.5 2 1 -0.438833 -0.228699 
0.5 4.5 2 1 -0.284781 -0.253952 
0.5 4.5 4.5 1 -0.259913 -0.0282341 
0.5 2.5 4.5 1 -0.413383 -0.0132556 
