0.100835 -0.412359 0.114536 -0.130029 
0.572176 -0.563975 0.564715 -0.147547 
0.172654 -0.803911 0.198338 -0.0969121 
-0.305836 -0.485566 -0.264709 -0.0942363 
0.100835 -0.412359 0.572176 -0.563975 
0.572176 -0.563975 0.172654 -0.803911 
0.172654 -0.803911 -0.305836 -0.485566 
-0.305836 -0.485566 0.100835 -0.412359 
0.114536 -0.130029 -0.033476 0.0494043 
-0.033476 0.0494043 -0.264709 -0.0942363 
0.564715 -0.147547 0.42673 0.123782 
0.42673 0.123782 0.198338 -0.0969121 
-0.033476 0.0494043 0.42673 0.123782 
0.114536 -0.130029 0.564715 -0.147547 
-0.264709 -0.0942363 0.198338 -0.0969121 
-0.109989 -0.45031 -0.200769 -0.466652 
-0.200769 -0.466652 -0.175151 -0.183874 
-0.175151 -0.183874 -0.0894234 -0.186651 
-0.0894234 -0.186651 -0.109989 -0.45031 
0.0457271 -0.305426 -0.0223513 -0.310375 
-0.0223513 -0.310375 -0.0142295 -0.189086 
-0.0142295 -0.189086 0.0522596 -0.191239 
0.0522596 -0.191239 0.0457271 -0.305426 
