-0.170974 -0.0192182 -0.18301 0.238819 
0.219261 -0.0189266 0.22774 0.244623 
0.324996 -0.157666 0.348765 0.273938 
-0.306053 -0.153711 -0.337743 0.26328 
-0.170974 -0.0192182 0.219261 -0.0189266 
0.219261 -0.0189266 0.324996 -0.157666 
0.324996 -0.157666 -0.306053 -0.153711 
-0.306053 -0.153711 -0.170974 -0.0192182 
-0.18301 0.238819 -0.252089 0.437474 
-0.252089 0.437474 -0.337743 0.26328 
0.22774 0.244623 0.280759 0.450541 
0.280759 0.450541 0.348765 0.273938 
-0.252089 0.437474 0.280759 0.450541 
-0.18301 0.238819 0.22774 0.244623 
-0.337743 0.26328 0.348765 0.273938 
-0.236157 -0.0841184 -0.267314 -0.11514 
-0.267314 -0.11514 -0.286231 0.165479 
-0.286231 0.165479 -0.251511 0.169221 
-0.251511 0.169221 -0.236157 -0.0841184 
-0.194388 0.0665062 -0.216768 0.0541664 
-0.216768 0.0541664 -0.223273 0.172263 
-0.223273 0.172263 -0.199856 0.174787 
-0.199856 0.174787 -0.194388 0.0665062 
