0 0 0 1 0.404164 -0.559613 
0 0 6.5 1 0.350202 -0.0182127 
10 0 0 1 -0.290732 -0.493199 
10 0 6.5 1 -0.282124 -0.0741404 
10 10 0 1 -0.0306419 -0.375911 
10 10 6.5 1 -0.0373781 -0.110764 
0 10 0 1 0.40634 -0.393155 
0 10 6.5 1 0.374478 -0.083836 
0 5 10 1 0.346127 0.130676 
10 5 10 1 -0.134619 0.0634978 
0 6 0 1 0.405745 -0.438657 
0 8 0 1 0.406071 -0.413734 
0 8 5 1 0.379 -0.149846 
0 6 5 1 0.375981 -0.147069 
0 2 2.5 1 0.385637 -0.317839 
0 4 2.5 1 0.38833 -0.301777 
0 4 5 1 0.37229 -0.143674 
0 2 5 1 0.367675 -0.139429 
0.5 0.5 -0.5 1 0.365353 -0.585287 
0.5 0.5 6 1 0.317033 -0.0632392 
10.5 0.5 -0.5 1 -0.297136 -0.515325 
10.5 0.5 6 1 -0.288346 -0.107938 
10.5 10.5 -0.5 1 -0.0403461 -0.392531 
10.5 10.5 6 1 -0.0464939 -0.132087 
0.5 10.5 -0.5 1 0.383957 -0.412133 
0.5 10.5 6 1 0.354058 -0.109196 
0.5 5.5 9.5 1 0.322284 0.0938475 
10.5 5.5 9.5 1 -0.142967 0.0342346 
0.5 6.5 -0.5 1 0.3788 -0.460133 
0.5 8.5 -0.5 1 0.381618 -0.433906 
0.5 8.5 4.5 1 0.356374 -0.176058 
0.5 6.5 4.5 1 0.351242 -0.17591 
0.5 2.5 2 1 0.353587 -0.348456 
0.5 4.5 2 1 0.359741 -0.329533 
0.5 4.5 4.5 1 0.345006 -0.175729 
0.5 2.5 4.5 1 0.337264 -0.175505 
