0.348896 -0.652005 0.342458 -0.15393 
-0.372389 -0.581486 -0.325276 -0.125064 
-0.17705 -0.419795 -0.157 -0.147558 
0.24669 -0.452317 0.247687 -0.165767 
0.348896 -0.652005 -0.372389 -0.581486 
-0.372389 -0.581486 -0.17705 -0.419795 
-0.17705 -0.419795 0.24669 -0.452317 
0.24669 -0.452317 0.348896 -0.652005 
0.342458 -0.15393 0.282543 0.0172464 
0.282543 0.0172464 0.247687 -0.165767 
-0.325276 -0.125064 -0.206632 0.0292925 
-0.206632 0.0292925 -0.157 -0.147558 
0.282543 0.0172464 -0.206632 0.0292925 
0.342458 -0.15393 -0.325276 -0.125064 
0.247687 -0.165767 -0.157 -0.147558 
0.274981 -0.507592 0.259519 -0.477381 
0.259519 -0.477381 0.259851 -0.233612 
0.259851 -0.233612 0.274667 -0.238569 
0.274667 -0.238569 0.274981 -0.507592 
0.316486 -0.417011 0.293329 -0.390918 
0.293329 -0.390918 0.292709 -0.244606 
0.292709 -0.244606 0.315157 -0.252118 
0.315157 -0.252118 0.316486 -0.417011 
