0.184709 -0.395631 0.176122 -0.0975974 
0.674712 -0.522454 0.617674 -0.0382499 
0.0284323 -0.698364 0.0287579 0.0484127 
-0.275484 -0.447188 -0.253877 -0.0670524 
0.184709 -0.395631 0.674712 -0.522454 
0.674712 -0.522454 0.0284323 -0.698364 
0.0284323 -0.698364 -0.275484 -0.447188 
-0.275484 -0.447188 0.184709 -0.395631 
0.176122 -0.0975974 -0.0124142 0.079115 
-0.0124142 0.079115 -0.253877 -0.0670524 
0.617674 -0.0382499 0.362599 0.263933 
0.362599 0.263933 0.0287579 0.0484127 
-0.0124142 0.079115 0.362599 0.263933 
0.176122 -0.0975974 0.617674 -0.0382499 
-0.253877 -0.0670524 0.0287579 0.0484127 
-0.0633061 -0.423417 -0.163707 -0.434665 
-0.163707 -0.434665 -0.153521 -0.153174 
-0.153521 -0.153174 -0.0586137 -0.156096 
-0.0586137 -0.156096 -0.0633061 -0.423417 
0.107843 -0.27978 0.0274574 -0.282906 
0.0274574 -0.282906 0.027539 -0.158749 
0.027539 -0.158749 0.106095 -0.161168 
0.106095 -0.161168 0.107843 -0.27978 
