-0.35814 -0.319236 -0.386847 -0.0211 
0.0513679 -0.235061 0.0261477 0.0159172 
0.32241 -0.334322 0.282332 0.0543779 
-0.297134 -0.511845 -0.346925 0.00296888 
-0.35814 -0.319236 0.0513679 -0.235061 
0.0513679 -0.235061 0.32241 -0.334322 
0.32241 -0.334322 -0.297134 -0.511845 
-0.297134 -0.511845 -0.35814 -0.319236 
-0.386847 -0.0211 -0.391684 0.189877 
-0.391684 0.189877 -0.346925 0.00296888 
0.0261477 0.0159172 0.110128 0.194481 
0.110128 0.194481 0.282332 0.0543779 
-0.391684 0.189877 0.110128 0.194481 
-0.386847 -0.0211 0.0261477 0.0159172 
-0.346925 0.00296888 0.282332 0.0543779 
-0.329784 -0.408761 -0.315532 -0.453759 
-0.315532 -0.453759 -0.348962 -0.107645 
-0.348962 -0.107645 -0.359416 -0.101661 
-0.359416 -0.101661 -0.329784 -0.408761 
-0.362513 -0.21813 -0.354473 -0.234689 
-0.354473 -0.234689 -0.367758 -0.0968857 
-0.367758 -0.0968857 -0.37457 -0.0929863 
-0.37457 -0.0929863 -0.362513 -0.21813 
