0.296379 -0.376611 0.325824 0.0465245 
-0.380641 -0.333697 -0.327115 0.118196 
-0.269883 -0.222262 -0.240123 0.0449234 
0.135225 -0.252858 0.156251 0.00401061 
0.296379 -0.376611 -0.380641 -0.333697 
-0.380641 -0.333697 -0.269883 -0.222262 
-0.269883 -0.222262 0.135225 -0.252858 
0.135225 -0.252858 0.296379 -0.376611 
0.325824 0.0465245 0.233487 0.186268 
0.233487 0.186268 0.156251 0.00401061 
-0.327115 0.118196 -0.252753 0.24645 
-0.252753 0.24645 -0.240123 0.0449234 
0.233487 0.186268 -0.252753 0.24645 
0.325824 0.0465245 -0.327115 0.118196 
0.156251 0.00401061 -0.240123 0.0449234 
0.181551 -0.288432 0.156402 -0.26912 
0.156402 -0.26912 0.173687 -0.0536764 
0.173687 -0.0536764 0.200003 -0.0527998 
0.200003 -0.0527998 0.181551 -0.288432 
0.259985 -0.193917 0.221877 -0.180516 
0.221877 -0.180516 0.231663 -0.0517451 
0.231663 -0.0517451 0.270479 -0.050452 
0.270479 -0.050452 0.259985 -0.193917 
