0 0 0 1 0.255833 -0.223167 
0 0 6.5 1 0.297263 0.151226 
10 0 0 1 -0.341891 -0.301521 
10 0 6.5 1 -0.330633 0.205963 
10 10 0 1 -0.407126 -0.107438 
10 10 6.5 1 -0.403491 0.194641 
0 10 0 1 0.00155335 -0.0884449 
0 10 6.5 1 0.0193769 0.160903 
0 5 10 1 0.144131 0.329415 
10 5 10 1 -0.373295 0.420786 
0 6 0 1 0.079666 -0.12983 
0 8 0 1 0.0378059 -0.107652 
0 8 5 1 0.0534853 0.096051 
0 6 5 1 0.0979409 0.0894209 
0 2 2.5 1 0.199035 -0.0594145 
0 4 2.5 1 0.139142 -0.0390778 
0 4 5 1 0.150109 0.0816406 
0 2 5 1 0.212188 0.0723822 
0.5 0.5 -0.5 1 0.212195 -0.24291 
0.5 0.5 6 1 0.250536 0.124033 
10.5 0.5 -0.5 1 -0.387364 -0.326241 
10.5 0.5 6 1 -0.379754 0.167634 
10.5 10.5 -0.5 1 -0.433629 -0.124825 
10.5 10.5 6 1 -0.431196 0.172407 
0.5 10.5 -0.5 1 -0.0248843 -0.103101 
0.5 10.5 6 1 -0.00820872 0.142934 
0.5 5.5 9.5 1 0.108313 0.304878 
10.5 5.5 9.5 1 -0.409871 0.387874 
0.5 6.5 -0.5 1 0.0482183 -0.146211 
0.5 8.5 -0.5 1 0.00907336 -0.123127 
0.5 8.5 4.5 1 0.0237222 0.0776991 
0.5 6.5 4.5 1 0.0652621 0.069708 
0.5 2.5 2 1 0.159447 -0.0801582 
0.5 4.5 2 1 0.103703 -0.0583557 
0.5 4.5 4.5 1 0.113908 0.0603498 
0.5 2.5 4.5 1 0.171656 0.0492409 
