0.0884573 -0.400642 0.104789 -0.122016 
0.55339 -0.549849 0.552808 -0.145806 
0.187734 -0.790898 0.217829 -0.100444 
-0.30797 -0.476367 -0.26552 -0.0861399 
0.0884573 -0.400642 0.55339 -0.549849 
0.55339 -0.549849 0.187734 -0.790898 
0.187734 -0.790898 -0.30797 -0.476367 
-0.30797 -0.476367 0.0884573 -0.400642 
0.104789 -0.122016 -0.0372952 0.0570534 
-0.0372952 0.0570534 -0.26552 -0.0861399 
0.552808 -0.145806 0.430624 0.11965 
0.430624 0.11965 0.217829 -0.100444 
-0.0372952 0.0570534 0.430624 0.11965 
0.104789 -0.122016 0.552808 -0.145806 
-0.26552 -0.0861399 0.217829 -0.100444 
-0.116076 -0.439712 -0.204796 -0.456659 
-0.204796 -0.456659 -0.177878 -0.175745 
-0.177878 -0.175745 -0.0939619 -0.178383 
-0.0939619 -0.178383 -0.116076 -0.439712 
0.0363682 -0.295669 -0.0296832 -0.300883 
-0.0296832 -0.300883 -0.0206866 -0.180688 
-0.0206866 -0.180688 0.0438509 -0.182717 
0.0438509 -0.182717 0.0363682 -0.295669 
