-0.430623 -0.377554 -0.426383 0.260441 
-0.252463 -0.120977 -0.241765 0.204409 
0.229597 -0.144515 0.262384 0.168038 
0.489102 -0.405242 0.577301 0.185005 
-0.430623 -0.377554 -0.252463 -0.120977 
-0.252463 -0.120977 0.229597 -0.144515 
0.229597 -0.144515 0.489102 -0.405242 
0.489102 -0.405242 -0.430623 -0.377554 
-0.426383 0.260441 0.124483 0.60237 
0.124483 0.60237 0.577301 0.185005 
-0.241765 0.204409 0.0277575 0.370443 
0.0277575 0.370443 0.262384 0.168038 
0.124483 0.60237 0.0277575 0.370443 
-0.426383 0.260441 -0.241765 0.204409 
0.577301 0.185005 0.262384 0.168038 
0.135924 -0.394609 0.314836 -0.399995 
0.314836 -0.399995 0.370016 0.0512659 
0.370016 0.0512659 0.179192 0.0634764 
0.179192 0.0634764 0.135924 -0.394609 
-0.228248 -0.155535 -0.0330243 -0.164601 
-0.0330243 -0.164601 -0.0171601 0.0760405 
-0.0171601 0.0760405 -0.219283 0.0889739 
-0.219283 0.0889739 -0.228248 -0.155535 
