0 0 0 1 -0.372026 -0.35147 
0 0 6.5 1 -0.398573 -0.0466471 
10 0 0 1 0.0418231 -0.262053 
10 0 6.5 1 0.0166344 -0.00933334 
10 10 0 1 0.323952 -0.362145 
10 10 6.5 1 0.281991 0.0272233 
0 10 0 1 -0.293882 -0.552873 
0 10 6.5 1 -0.340863 -0.0243047 
0 5 10 1 -0.395333 0.166103 
10 5 10 1 0.104526 0.167813 
0 6 0 1 -0.335794 -0.444851 
0 8 0 1 -0.317525 -0.491938 
0 8 5 1 -0.348945 -0.136275 
0 6 5 1 -0.363507 -0.129661 
0 2 2.5 1 -0.373437 -0.247965 
0 4 2.5 1 -0.362782 -0.265282 
0 4 5 1 -0.375123 -0.124386 
0 2 5 1 -0.384604 -0.12008 
0.5 0.5 -0.5 1 -0.342438 -0.375834 
0.5 0.5 6 1 -0.369567 -0.0672274 
10.5 0.5 -0.5 1 0.0703719 -0.281361 
10.5 0.5 6 1 0.0447218 -0.0260463 
10.5 10.5 -0.5 1 0.372491 -0.3936 
10.5 10.5 6 1 0.329331 0.00196297 
0.5 10.5 -0.5 1 -0.240482 -0.599671 
0.5 10.5 6 1 -0.289268 -0.0596275 
0.5 5.5 9.5 1 -0.358688 0.143271 
10.5 5.5 9.5 1 0.139481 0.149699 
0.5 6.5 -0.5 1 -0.295386 -0.479132 
0.5 8.5 -0.5 1 -0.271516 -0.531538 
0.5 8.5 4.5 1 -0.303987 -0.169138 
0.5 6.5 4.5 1 -0.323918 -0.158664 
0.5 2.5 2 1 -0.341219 -0.273181 
0.5 4.5 2 1 -0.327092 -0.293341 
0.5 4.5 4.5 1 -0.33976 -0.150339 
0.5 2.5 4.5 1 -0.352653 -0.143563 
