-0.169291 -0.309622 -0.194611 0.373035 
-0.247456 -0.0630095 -0.2653 0.285086 
0.210831 -0.0268721 0.223602 0.27346 
0.597805 -0.190541 0.663124 0.329584 
-0.169291 -0.309622 -0.247456 -0.0630095 
-0.247456 -0.0630095 0.210831 -0.0268721 
0.210831 -0.0268721 0.597805 -0.190541 
0.597805 -0.190541 -0.169291 -0.309622 
-0.194611 0.373035 0.319024 0.732027 
0.319024 0.732027 0.663124 0.329584 
-0.2653 0.285086 -0.00209714 0.470716 
-0.00209714 0.470716 0.223602 0.27346 
0.319024 0.732027 -0.00209714 0.470716 
-0.194611 0.373035 -0.2653 0.285086 
0.663124 0.329584 0.223602 0.27346 
0.338002 -0.230872 0.474218 -0.209726 
0.474218 -0.209726 0.515107 0.199445 
0.515107 0.199445 0.368713 0.199185 
0.368713 0.199185 0.338002 -0.230872 
0.0198793 -0.0526304 0.195657 -0.0381669 
0.195657 -0.0381669 0.205026 0.198895 
0.205026 0.198895 0.0207893 0.198567 
0.0207893 0.198567 0.0198793 -0.0526304 
