0.291129 -0.275822 0.253248 0.0708588 
0.276482 -0.553996 0.200087 0.157557 
-0.58961 -0.50845 -0.62801 0.0334882 
-0.19116 -0.287969 -0.217806 0.0128494 
0.291129 -0.275822 0.276482 -0.553996 
0.276482 -0.553996 -0.58961 -0.50845 
-0.58961 -0.50845 -0.19116 -0.287969 
-0.19116 -0.287969 0.291129 -0.275822 
0.253248 0.0708588 -0.0156923 0.209592 
-0.0156923 0.209592 -0.217806 0.0128494 
0.200087 0.157557 -0.297155 0.405386 
-0.297155 0.405386 -0.62801 0.0334882 
-0.0156923 0.209592 -0.297155 0.405386 
0.253248 0.0708588 0.200087 0.157557 
-0.217806 0.0128494 -0.62801 0.0334882 
-0.0146942 -0.283525 -0.105366 -0.285809 
-0.105366 -0.285809 -0.127361 -0.0473932 
-0.127361 -0.0473932 -0.0382591 -0.038428 
-0.0382591 -0.038428 -0.0146942 -0.283525 
0.169384 -0.147994 0.0685725 -0.154342 
0.0685725 -0.154342 0.0559998 -0.0289439 
0.0559998 -0.0289439 0.155877 -0.0188946 
0.155877 -0.0188946 0.169384 -0.147994 
