0.264462 -0.154053 0.248482 0.201344 
-0.0431464 -0.423409 -0.0999785 0.222662 
-0.566413 -0.274962 -0.631413 0.143729 
-0.146445 -0.117914 -0.173222 0.155772 
0.264462 -0.154053 -0.0431464 -0.423409 
-0.0431464 -0.423409 -0.566413 -0.274962 
-0.566413 -0.274962 -0.146445 -0.117914 
-0.146445 -0.117914 0.264462 -0.154053 
0.248482 0.201344 -0.00348548 0.352537 
-0.00348548 0.352537 -0.173222 0.155772 
-0.0999785 0.222662 -0.464022 0.477469 
-0.464022 0.477469 -0.631413 0.143729 
-0.00348548 0.352537 -0.464022 0.477469 
0.248482 0.201344 -0.0999785 0.222662 
-0.173222 0.155772 -0.631413 0.143729 
-0.00652975 -0.130219 -0.079792 -0.123776 
-0.079792 -0.123776 -0.0993301 0.0950255 
-0.0993301 0.0950255 -0.024887 0.0995611 
-0.024887 0.0995611 -0.00652975 -0.130219 
0.156913 -0.0196072 0.0661009 -0.0182409 
0.0661009 -0.0182409 0.0575664 0.104585 
0.0575664 0.104585 0.149396 0.11018 
0.149396 0.11018 0.156913 -0.0196072 
