0.268068 -0.180487 0.248647 0.172257 
-0.00965868 -0.467949 -0.0678068 0.182503 
-0.568565 -0.319521 -0.633573 0.107782 
-0.150964 -0.147516 -0.179034 0.127405 
0.268068 -0.180487 -0.00965868 -0.467949 
-0.00965868 -0.467949 -0.568565 -0.319521 
-0.568565 -0.319521 -0.150964 -0.147516 
-0.150964 -0.147516 0.268068 -0.180487 
0.248647 0.172257 -0.00639801 0.322503 
-0.00639801 0.322503 -0.179034 0.127405 
-0.0678068 0.182503 -0.450325 0.441175 
-0.450325 0.441175 -0.633573 0.107782 
-0.00639801 0.322503 -0.450325 0.441175 
0.248647 0.172257 -0.0678068 0.182503 
-0.179034 0.127405 -0.633573 0.107782 
-0.00722439 -0.158826 -0.0823518 -0.152915 
-0.0823518 -0.152915 -0.103086 0.0666804 
-0.103086 0.0666804 -0.0270167 0.0713121 
-0.0270167 0.0713121 -0.00722439 -0.158826 
0.158335 -0.0470232 0.0662425 -0.0460827 
0.0662425 -0.0460827 0.0568429 0.0764181 
0.0568429 0.0764181 0.149754 0.0820753 
0.149754 0.0820753 0.158335 -0.0470232 
