-0.666226 -0.365892 -0.596555 0.188843 
-0.247924 -0.230746 -0.215214 0.0727089 
0.234098 -0.305743 0.263742 0.0384633 
0.215585 -0.557955 0.276458 0.150018 
-0.666226 -0.365892 -0.247924 -0.230746 
-0.247924 -0.230746 0.234098 -0.305743 
0.234098 -0.305743 0.215585 -0.557955 
0.215585 -0.557955 -0.666226 -0.365892 
-0.596555 0.188843 -0.176501 0.492782 
-0.176501 0.492782 0.276458 0.150018 
-0.215214 0.0727089 0.0261756 0.226527 
0.0261756 0.226527 0.263742 0.0384633 
-0.176501 0.492782 0.0261756 0.226527 
-0.596555 0.188843 -0.215214 0.0727089 
0.276458 0.150018 0.263742 0.0384633 
-0.1894 -0.469747 0.00257219 -0.511559 
0.00257219 -0.511559 0.0521896 0.00804907 
0.0521896 0.00804907 -0.138021 0.0238496 
-0.138021 0.0238496 -0.1894 -0.469747 
-0.494599 -0.170824 -0.336725 -0.194384 
-0.336725 -0.194384 -0.310697 0.0381936 
-0.310697 0.0381936 -0.468158 0.0512736 
-0.468158 0.0512736 -0.494599 -0.170824 
