0 0 0 1 0.332108 -0.595906 
0 0 6.5 1 0.335916 -0.11827 
10 0 0 1 -0.379958 -0.533973 
10 0 6.5 1 -0.328837 -0.0798066 
10 10 0 1 -0.202885 -0.38235 
10 10 6.5 1 -0.178969 -0.112226 
0 10 0 1 0.215488 -0.414338 
0 10 6.5 1 0.222615 -0.136062 
0 5 10 1 0.268353 0.0452132 
10 5 10 1 -0.219195 0.0686649 
0 6 0 1 0.248047 -0.465031 
0 8 0 1 0.230278 -0.437366 
0 8 5 1 0.235783 -0.201351 
0 6 5 1 0.253399 -0.205104 
0 2 2.5 1 0.299224 -0.374308 
0 4 2.5 1 0.272347 -0.351122 
0 4 5 1 0.274792 -0.209662 
0 2 5 1 0.30132 -0.215314 
0.5 0.5 -0.5 1 0.28604 -0.615877 
0.5 0.5 6 1 0.292842 -0.15095 
10.5 0.5 -0.5 1 -0.402563 -0.554975 
10.5 0.5 6 1 -0.351423 -0.112288 
10.5 10.5 -0.5 1 -0.219636 -0.39768 
10.5 10.5 6 1 -0.195468 -0.131642 
0.5 10.5 -0.5 1 0.190531 -0.42947 
0.5 10.5 6 1 0.19855 -0.155535 
0.5 5.5 9.5 1 0.238187 0.0176863 
10.5 5.5 9.5 1 -0.238254 0.0414498 
0.5 6.5 -0.5 1 0.217453 -0.482014 
0.5 8.5 -0.5 1 0.202785 -0.453388 
0.5 8.5 4.5 1 0.209129 -0.221434 
0.5 6.5 4.5 1 0.223844 -0.227009 
0.5 2.5 2 1 0.260654 -0.397403 
0.5 4.5 2 1 0.238548 -0.372309 
0.5 4.5 4.5 1 0.241638 -0.233751 
0.5 2.5 4.5 1 0.263592 -0.242069 
