-0.0869754 -0.0357103 -0.0776394 0.215632 
0.307253 -0.0789806 0.336804 0.198445 
0.325021 -0.236592 0.377328 0.227344 
-0.294192 -0.145108 -0.293749 0.25023 
-0.0869754 -0.0357103 0.307253 -0.0789806 
0.307253 -0.0789806 0.325021 -0.236592 
0.325021 -0.236592 -0.294192 -0.145108 
-0.294192 -0.145108 -0.0869754 -0.0357103 
-0.0776394 0.215632 -0.156472 0.408509 
-0.156472 0.408509 -0.293749 0.25023 
0.336804 0.198445 0.374038 0.414321 
0.374038 0.414321 0.377328 0.227344 
-0.156472 0.408509 0.374038 0.414321 
-0.0776394 0.215632 0.336804 0.198445 
-0.293749 0.25023 0.377328 0.227344 
-0.188423 -0.0892685 -0.235948 -0.114359 
-0.235948 -0.114359 -0.232885 0.154596 
-0.232885 0.154596 -0.183617 0.154951 
-0.183617 0.154951 -0.188423 -0.0892685 
-0.112267 0.0505284 -0.145999 0.0412729 
-0.145999 0.0412729 -0.142976 0.155244 
-0.142976 0.155244 -0.10888 0.15549 
-0.10888 0.15549 -0.112267 0.0505284 
