-0.531402 -0.447661 -0.51623 -0.0711492 
-0.069706 -0.356588 -0.0793469 -0.0838048 
0.301289 -0.417084 0.263967 -0.0269167 
-0.255024 -0.616035 -0.257952 0.0282545 
-0.531402 -0.447661 -0.069706 -0.356588 
-0.069706 -0.356588 0.301289 -0.417084 
0.301289 -0.417084 -0.255024 -0.616035 
-0.255024 -0.616035 -0.531402 -0.447661 
-0.51623 -0.0711492 -0.413967 0.19309 
-0.413967 0.19309 -0.257952 0.0282545 
-0.0793469 -0.0838048 0.0531641 0.0989693 
0.0531641 0.0989693 0.263967 -0.0269167 
-0.413967 0.19309 0.0531641 0.0989693 
-0.51623 -0.0711492 -0.0793469 -0.0838048 
-0.257952 0.0282545 0.263967 -0.0269167 
-0.403497 -0.525583 -0.338845 -0.56497 
-0.338845 -0.56497 -0.334945 -0.121916 
-0.334945 -0.121916 -0.395932 -0.132476 
-0.395932 -0.132476 -0.403497 -0.525583 
-0.491016 -0.304121 -0.449856 -0.31245 
-0.449856 -0.31245 -0.445117 -0.140993 
-0.445117 -0.140993 -0.485624 -0.148007 
-0.485624 -0.148007 -0.491016 -0.304121 
