0.0556321 -0.332567 0.0778845 -0.0660048 
0.500158 -0.462534 0.516943 -0.0960526 
0.228496 -0.678873 0.270793 -0.0483007 
-0.306914 -0.406747 -0.263559 -0.0234248 
0.0556321 -0.332567 0.500158 -0.462534 
0.500158 -0.462534 0.228496 -0.678873 
0.228496 -0.678873 -0.306914 -0.406747 
-0.306914 -0.406747 0.0556321 -0.332567 
0.0778845 -0.0660048 -0.0471255 0.114105 
-0.0471255 0.114105 -0.263559 -0.0234248 
0.516943 -0.0960526 0.43808 0.156959 
0.43808 0.156959 0.270793 -0.0483007 
-0.0471255 0.114105 0.43808 0.156959 
0.0778845 -0.0660048 0.516943 -0.0960526 
-0.263559 -0.0234248 0.270793 -0.0483007 
-0.129134 -0.370372 -0.210785 -0.387079 
-0.210785 -0.387079 -0.182047 -0.114118 
-0.182047 -0.114118 -0.104233 -0.117886 
-0.104233 -0.117886 -0.129134 -0.370372 
0.0118409 -0.232727 -0.047904 -0.237408 
-0.047904 -0.237408 -0.0371048 -0.121136 
-0.0371048 -0.121136 0.0213982 -0.123968 
0.0213982 -0.123968 0.0118409 -0.232727 
