0.256681 -0.0598868 0.254881 0.309675 
-0.151817 -0.256994 -0.203121 0.38364 
-0.55327 -0.11947 -0.612683 0.276515 
-0.125109 -0.0153953 -0.144727 0.257141 
0.256681 -0.0598868 -0.151817 -0.256994 
-0.151817 -0.256994 -0.55327 -0.11947 
-0.55327 -0.11947 -0.125109 -0.0153953 
-0.125109 -0.0153953 0.256681 -0.0598868 
0.254881 0.309675 0.0161289 0.46309 
0.0161289 0.46309 -0.144727 0.257141 
-0.203121 0.38364 -0.495815 0.618009 
-0.495815 0.618009 -0.612683 0.276515 
0.0161289 0.46309 -0.495815 0.618009 
0.254881 0.309675 -0.203121 0.38364 
-0.144727 0.257141 -0.612683 0.276515 
0.00146913 -0.0301459 -0.0652359 -0.0223725 
-0.0652359 -0.0223725 -0.0786921 0.19633 
-0.0786921 0.19633 -0.0100645 0.201226 
-0.0100645 0.201226 0.00146913 -0.0301459 
0.157859 0.0791896 0.0718324 0.0813331 
0.0718324 0.0813331 0.0672276 0.20674 
0.0672276 0.20674 0.154936 0.212997 
0.154936 0.212997 0.157859 0.0791896 
