-0.599776 -0.484037 -0.560313 -0.0708916 
-0.119479 -0.388863 -0.117224 -0.105899 
0.28656 -0.455966 0.260508 -0.0650533 
-0.207712 -0.6724 -0.191676 0.0204952 
-0.599776 -0.484037 -0.119479 -0.388863 
-0.119479 -0.388863 0.28656 -0.455966 
0.28656 -0.455966 -0.207712 -0.6724 
-0.207712 -0.6724 -0.599776 -0.484037 
-0.560313 -0.0708916 -0.403272 0.204568 
-0.403272 0.204568 -0.191676 0.0204952 
-0.117224 -0.105899 0.0387598 0.0721641 
0.0387598 0.0721641 0.260508 -0.0650533 
-0.403272 0.204568 0.0387598 0.0721641 
-0.560313 -0.0708916 -0.117224 -0.105899 
-0.191676 0.0204952 0.260508 -0.0650533 
-0.416451 -0.572114 -0.325026 -0.616038 
-0.325026 -0.616038 -0.303703 -0.134587 
-0.303703 -0.134587 -0.390251 -0.143078 
-0.390251 -0.143078 -0.416451 -0.572114 
-0.534064 -0.326091 -0.474729 -0.336446 
-0.474729 -0.336446 -0.460802 -0.149999 
-0.460802 -0.149999 -0.519414 -0.15575 
-0.519414 -0.15575 -0.534064 -0.326091 
