-0.720459 -0.592565 -0.638031 -0.081034 
-0.22245 -0.426385 -0.194627 -0.12306 
0.244496 -0.528322 0.25314 -0.145937 
-0.0191254 -0.891233 0.0262856 -0.105829 
-0.720459 -0.592565 -0.22245 -0.426385 
-0.22245 -0.426385 0.244496 -0.528322 
0.244496 -0.528322 -0.0191254 -0.891233 
-0.0191254 -0.891233 -0.720459 -0.592565 
-0.638031 -0.081034 -0.334649 0.199619 
-0.334649 0.199619 0.0262856 -0.105829 
-0.194627 -0.12306 0.0153516 0.0353856 
0.0153516 0.0353856 0.25314 -0.145937 
-0.334649 0.199619 0.0153516 0.0353856 
-0.638031 -0.081034 -0.194627 -0.12306 
0.0262856 -0.105829 0.25314 -0.145937 
-0.373208 -0.740444 -0.213121 -0.808618 
-0.213121 -0.808618 -0.165349 -0.250129 
-0.165349 -0.250129 -0.317857 -0.232148 
-0.317857 -0.232148 -0.373208 -0.740444 
-0.589462 -0.412279 -0.47649 -0.442065 
-0.47649 -0.442065 -0.447473 -0.216866 
-0.447473 -0.216866 -0.558993 -0.203718 
-0.558993 -0.203718 -0.589462 -0.412279 
