0.280425 -0.358684 0.244757 -0.0383201 
0.67208 -0.609523 0.584385 0.0143182 
-0.327155 -0.788784 -0.370081 -0.0660588 
-0.223502 -0.426048 -0.247489 -0.0814491 
0.280425 -0.358684 0.67208 -0.609523 
0.67208 -0.609523 -0.327155 -0.788784 
-0.327155 -0.788784 -0.223502 -0.426048 
-0.223502 -0.426048 0.280425 -0.358684 
0.244757 -0.0383201 -0.00869652 0.112268 
-0.00869652 0.112268 -0.247489 -0.0814491 
0.584385 0.0143182 0.104783 0.308552 
0.104783 0.308552 -0.370081 -0.0660588 
-0.00869652 0.112268 0.104783 0.308552 
0.244757 -0.0383201 0.584385 0.0143182 
-0.247489 -0.0814491 -0.370081 -0.0660588 
-0.0134953 -0.397975 -0.117013 -0.411813 
-0.117013 -0.411813 -0.137614 -0.149005 
-0.137614 -0.149005 -0.0360068 -0.139049 
-0.0360068 -0.139049 -0.0134953 -0.397975 
0.171972 -0.244368 0.0748901 -0.255592 
0.0748901 -0.255592 0.0628629 -0.12936 
0.0628629 -0.12936 0.159104 -0.11993 
0.159104 -0.11993 0.171972 -0.244368 
