0 0 0 1 -0.706135 -0.487057 
0 0 6.5 1 -0.625769 0.0465156 
10 0 0 1 -0.242914 -0.331347 
10 0 6.5 1 -0.21037 -0.0291035 
10 10 0 1 0.233717 -0.419766 
10 10 6.5 1 0.25553 -0.059851 
0 10 0 1 0.105908 -0.731866 
0 10 6.5 1 0.158619 0.0122212 
0 5 10 1 -0.258114 0.337116 
10 5 10 1 0.0177743 0.125166 
0 6 0 1 -0.284616 -0.614133 
0 8 0 1 -0.103473 -0.668743 
0 8 5 1 -0.0544269 -0.130118 
0 6 5 1 -0.230088 -0.112699 
0 2 2.5 1 -0.551222 -0.299344 
0 4 2.5 1 -0.413044 -0.326532 
0 4 5 1 -0.384551 -0.0973821 
0 2 5 1 -0.521432 -0.0838087 
0.5 0.5 -0.5 1 -0.643533 -0.524502 
0.5 0.5 6 1 -0.56787 0.000648186 
10.5 0.5 -0.5 1 -0.212751 -0.354382 
10.5 0.5 6 1 -0.181452 -0.0548517 
10.5 10.5 -0.5 1 0.262934 -0.445844 
10.5 10.5 6 1 0.283455 -0.0897826 
0.5 10.5 -0.5 1 0.169448 -0.776629 
0.5 10.5 6 1 0.216454 -0.0489403 
0.5 5.5 9.5 1 -0.201463 0.279702 
10.5 5.5 9.5 1 0.0458177 0.0959391 
0.5 6.5 -0.5 1 -0.219926 -0.655874 
0.5 8.5 -0.5 1 -0.0389489 -0.712 
0.5 8.5 4.5 1 0.00567766 -0.184571 
0.5 6.5 4.5 1 -0.169675 -0.164141 
0.5 2.5 2 1 -0.489644 -0.342085 
0.5 4.5 2 1 -0.350837 -0.371244 
0.5 4.5 4.5 1 -0.324328 -0.146122 
0.5 2.5 4.5 1 -0.461742 -0.130113 
