0.292576 -0.300721 0.253877 0.0426711 
0.394116 -0.533801 0.30877 0.176195 
-0.581565 -0.537184 -0.595152 0.057421 
-0.20975 -0.323644 -0.228977 -0.00968063 
0.292576 -0.300721 0.394116 -0.533801 
0.394116 -0.533801 -0.581565 -0.537184 
-0.581565 -0.537184 -0.20975 -0.323644 
-0.20975 -0.323644 0.292576 -0.300721 
0.253877 0.0426711 -0.0130137 0.182986 
-0.0130137 0.182986 -0.228977 -0.00968063 
0.30877 0.176195 -0.204321 0.426585 
-0.204321 0.426585 -0.595152 0.057421 
-0.0130137 0.182986 -0.204321 0.426585 
0.253877 0.0426711 0.30877 0.176195 
-0.228977 -0.00968063 -0.595152 0.057421 
-0.0201708 -0.314993 -0.116712 -0.319399 
-0.116712 -0.319399 -0.134229 -0.0718152 
-0.134229 -0.0718152 -0.0404909 -0.0629804 
-0.0404909 -0.0629804 -0.0201708 -0.314993 
0.170793 -0.173216 0.0682594 -0.180415 
0.0682594 -0.180415 0.0567516 -0.0538154 
0.0567516 -0.0538154 0.157698 -0.0443012 
0.157698 -0.0443012 0.170793 -0.173216 
