0 0 0 1 -0.14459 -0.0286575 
0 0 6.5 1 -0.150043 0.225678 
10 0 0 1 0.245139 -0.0421572 
10 0 6.5 1 0.260527 0.223498 
10 10 0 1 0.324861 -0.196692 
10 10 6.5 1 0.35823 0.239015 
0 10 0 1 -0.300939 -0.164624 
0 10 6.5 1 -0.323164 0.241442 
0 5 10 1 -0.221896 0.4173 
10 5 10 1 0.309583 0.426306 
0 6 0 1 -0.220445 -0.0946238 
0 8 0 1 -0.256433 -0.12592 
0 8 5 1 -0.268794 0.148376 
0 6 5 1 -0.229722 0.153682 
0 2 2.5 1 -0.168455 0.0550806 
0 4 2.5 1 -0.194187 0.0420361 
0 4 5 1 -0.197792 0.158017 
0 2 5 1 -0.17121 0.161627 
0.5 0.5 -0.5 1 -0.13021 -0.0525829 
0.5 0.5 6 1 -0.135006 0.205112 
10.5 0.5 -0.5 1 0.267207 -0.0674208 
10.5 0.5 6 1 0.284106 0.201897 
10.5 10.5 -0.5 1 0.363744 -0.243094 
10.5 10.5 6 1 0.401884 0.202453 
0.5 10.5 -0.5 1 -0.282151 -0.206871 
0.5 10.5 6 1 -0.303404 0.20775 
0.5 5.5 9.5 1 -0.204122 0.395185 
10.5 5.5 9.5 1 0.341766 0.403013 
0.5 6.5 -0.5 1 -0.203537 -0.127043 
0.5 8.5 -0.5 1 -0.238582 -0.162629 
0.5 8.5 4.5 1 -0.250225 0.116705 
0.5 6.5 4.5 1 -0.212147 0.125396 
0.5 2.5 2 1 -0.153023 0.0302436 
0.5 4.5 2 1 -0.177884 0.0146632 
0.5 4.5 4.5 1 -0.181178 0.132464 
0.5 2.5 4.5 1 -0.155496 0.138326 
