-0.000401955 -0.115407 0.0243549 0.136498 
0.413188 -0.193456 0.449652 0.117267 
0.304428 -0.323967 0.36488 0.210555 
-0.288383 -0.168804 -0.255781 0.212535 
-0.000401955 -0.115407 0.413188 -0.193456 
0.413188 -0.193456 0.304428 -0.323967 
0.304428 -0.323967 -0.288383 -0.168804 
-0.288383 -0.168804 -0.000401955 -0.115407 
0.0243549 0.136498 -0.0713741 0.333536 
-0.0713741 0.333536 -0.255781 0.212535 
0.449652 0.117267 0.443786 0.368905 
0.443786 0.368905 0.36488 0.210555 
-0.0713741 0.333536 0.443786 0.368905 
0.0243549 0.136498 0.449652 0.117267 
-0.255781 0.212535 0.36488 0.210555 
-0.143976 -0.142028 -0.209511 -0.15418 
-0.209511 -0.15418 -0.185922 0.110866 
-0.185922 0.110866 -0.121684 0.100499 
-0.121684 0.100499 -0.143976 -0.142028 
-0.0313863 -0.0198294 -0.0781626 -0.0205649 
-0.0781626 -0.0205649 -0.0675625 0.0917636 
-0.0675625 0.0917636 -0.0213411 0.0843038 
-0.0213411 0.0843038 -0.0313863 -0.0198294 
