0 0 0 1 -0.304273 -0.145376 
0 0 6.5 1 -0.337047 0.132657 
10 0 0 1 0.0931573 -0.0885302 
10 0 6.5 1 0.0719661 0.16157 
10 10 0 1 0.313492 -0.171961 
10 10 6.5 1 0.286825 0.225369 
0 10 0 1 -0.316687 -0.284335 
0 10 6.5 1 -0.373555 0.188461 
0 5 10 1 -0.373875 0.350254 
10 5 10 1 0.141227 0.357913 
0 6 0 1 -0.310105 -0.210658 
0 8 0 1 -0.312996 -0.243013 
0 8 5 1 -0.350834 0.0734654 
0 6 5 1 -0.343674 0.0714342 
0 2 2.5 1 -0.319434 -0.0484862 
0 4 2.5 1 -0.322706 -0.0587384 
0 4 5 1 -0.337946 0.0698091 
0 2 5 1 -0.333258 0.0684792 
0.5 0.5 -0.5 1 -0.279712 -0.16751 
0.5 0.5 6 1 -0.312359 0.113765 
10.5 0.5 -0.5 1 0.119871 -0.107695 
10.5 0.5 6 1 0.0989781 0.145028 
10.5 10.5 -0.5 1 0.360155 -0.204032 
10.5 10.5 6 1 0.33453 0.199956 
0.5 10.5 -0.5 1 -0.275006 -0.325284 
0.5 10.5 6 1 -0.331527 0.156953 
0.5 5.5 9.5 1 -0.342674 0.329677 
10.5 5.5 9.5 1 0.176075 0.34018 
0.5 6.5 -0.5 1 -0.277512 -0.24127 
0.5 8.5 -0.5 1 -0.276414 -0.278064 
0.5 8.5 4.5 1 -0.314039 0.0438935 
0.5 6.5 4.5 1 -0.31091 0.0451686 
0.5 2.5 2 1 -0.292616 -0.0714454 
0.5 4.5 2 1 -0.293245 -0.0841687 
0.5 4.5 4.5 1 -0.308416 0.0461847 
0.5 2.5 4.5 1 -0.306382 0.0470134 
