-0.519038 -0.445867 -0.508038 -0.0749602 
-0.0606711 -0.353416 -0.0722605 -0.0821168 
0.304132 -0.415651 0.26519 -0.0249881 
-0.261258 -0.617135 -0.267898 0.0201965 
-0.519038 -0.445867 -0.0606711 -0.353416 
-0.0606711 -0.353416 0.304132 -0.415651 
0.304132 -0.415651 -0.261258 -0.617135 
-0.261258 -0.617135 -0.519038 -0.445867 
-0.508038 -0.0749602 -0.414875 0.185931 
-0.414875 0.185931 -0.267898 0.0201965 
-0.0722605 -0.0821168 0.0563167 0.100773 
0.0563167 0.100773 0.26519 -0.0249881 
-0.414875 0.185931 0.0563167 0.100773 
-0.508038 -0.0749602 -0.0722605 -0.0821168 
-0.267898 0.0201965 0.26519 -0.0249881 
-0.399913 -0.525013 -0.339586 -0.565094 
-0.339586 -0.565094 -0.338914 -0.127819 
-0.338914 -0.127819 -0.395698 -0.137372 
-0.395698 -0.137372 -0.399913 -0.525013 
-0.482778 -0.305361 -0.44452 -0.314289 
-0.44452 -0.314289 -0.441411 -0.145063 
-0.441411 -0.145063 -0.479003 -0.151387 
-0.479003 -0.151387 -0.482778 -0.305361 
