0.28014 -0.303769 0.245175 0.0167606 
0.621389 -0.548908 0.543418 0.0832422 
-0.381047 -0.690327 -0.433981 -0.0063959 
-0.220749 -0.363381 -0.249377 -0.0300474 
0.28014 -0.303769 0.621389 -0.548908 
0.621389 -0.548908 -0.381047 -0.690327 
-0.381047 -0.690327 -0.220749 -0.363381 
-0.220749 -0.363381 0.28014 -0.303769 
0.245175 0.0167606 -0.014393 0.165737 
-0.014393 0.165737 -0.249377 -0.0300474 
0.543418 0.0832422 0.03821 0.377917 
0.03821 0.377917 -0.433981 -0.0063959 
-0.014393 0.165737 0.03821 0.377917 
0.245175 0.0167606 0.543418 0.0832422 
-0.249377 -0.0300474 -0.433981 -0.0063959 
-0.0159308 -0.339005 -0.117574 -0.351102 
-0.117574 -0.351102 -0.140715 -0.0958322 
-0.140715 -0.0958322 -0.0400799 -0.0857491 
-0.0400799 -0.0857491 -0.0159308 -0.339005 
0.169783 -0.189965 0.0715785 -0.200723 
0.0715785 -0.200723 0.0590884 -0.075813 
0.0590884 -0.075813 0.156822 -0.0660206 
0.156822 -0.0660206 0.169783 -0.189965 
