-0.681306 -0.404646 -0.607378 0.141841 
-0.246945 -0.263554 -0.21395 0.0389709 
0.233335 -0.342729 0.260663 0.00604224 
0.179186 -0.612853 0.236959 0.105791 
-0.681306 -0.404646 -0.246945 -0.263554 
-0.246945 -0.263554 0.233335 -0.342729 
0.233335 -0.342729 0.179186 -0.612853 
0.179186 -0.612853 -0.681306 -0.404646 
-0.607378 0.141841 -0.204911 0.440999 
-0.204911 0.440999 0.236959 0.105791 
-0.21395 0.0389709 0.0231113 0.192683 
0.0231113 0.192683 0.260663 0.00604224 
-0.204911 0.440999 0.0231113 0.192683 
-0.607378 0.141841 -0.21395 0.0389709 
0.236959 0.105791 0.260663 0.00604224 
-0.222289 -0.515711 -0.0333403 -0.561429 
-0.0333403 -0.561429 0.0159242 -0.0363126 
0.0159242 -0.0363126 -0.169856 -0.0202332 
-0.169856 -0.0202332 -0.222289 -0.515711 
-0.515046 -0.212226 -0.363623 -0.23682 
-0.363623 -0.23682 -0.336679 -0.00579446 
-0.336679 -0.00579446 -0.487306 0.00724244 
-0.487306 0.00724244 -0.515046 -0.212226 
