0 0 0 1 0.308623 -0.467061 
0 0 6.5 1 0.32827 -0.024151 
10 0 0 1 -0.383016 -0.417312 
10 0 6.5 1 -0.328799 0.0323633 
10 10 0 1 -0.242597 -0.291871 
10 10 6.5 1 -0.214148 -0.0250362 
0 10 0 1 0.166943 -0.323057 
0 10 6.5 1 0.18302 -0.0586082 
0 5 10 1 0.247062 0.12289 
10 5 10 1 -0.238178 0.166774 
0 6 0 1 0.207168 -0.363941 
0 8 0 1 0.185281 -0.341696 
0 8 5 1 0.198351 -0.118807 
0 6 5 1 0.220876 -0.119472 
0 2 2.5 1 0.274271 -0.270289 
0 4 2.5 1 0.241021 -0.253566 
0 4 5 1 0.248083 -0.120275 
0 2 5 1 0.281599 -0.121265 
0.5 0.5 -0.5 1 0.262621 -0.487721 
0.5 0.5 6 1 0.283905 -0.0557694 
10.5 0.5 -0.5 1 -0.410029 -0.439848 
10.5 0.5 6 1 -0.356004 -0.00144857 
10.5 10.5 -0.5 1 -0.26113 -0.307475 
10.5 10.5 6 1 -0.232615 -0.0446457 
0.5 10.5 -0.5 1 0.141677 -0.337935 
0.5 10.5 6 1 0.158218 -0.0774246 
0.5 5.5 9.5 1 0.215606 0.0963556 
10.5 5.5 9.5 1 -0.260212 0.138946 
0.5 6.5 -0.5 1 0.176299 -0.380813 
0.5 8.5 -0.5 1 0.157489 -0.357518 
0.5 8.5 4.5 1 0.170997 -0.138265 
0.5 6.5 4.5 1 0.190554 -0.140712 
0.5 2.5 2 1 0.235163 -0.293063 
0.5 4.5 2 1 0.206679 -0.274358 
0.5 4.5 4.5 1 0.214088 -0.143657 
0.5 2.5 4.5 1 0.242948 -0.147268 
