0.283771 -0.303621 0.322553 0.103016 
-0.377272 -0.274484 -0.328443 0.189367 
-0.304868 -0.158811 -0.276442 0.113548 
0.0983012 -0.18573 0.123033 0.0658451 
0.283771 -0.303621 -0.377272 -0.274484 
-0.377272 -0.274484 -0.304868 -0.158811 
-0.304868 -0.158811 0.0983012 -0.18573 
0.0983012 -0.18573 0.283771 -0.303621 
0.322553 0.103016 0.215526 0.246253 
0.215526 0.246253 0.123033 0.0658451 
-0.328443 0.189367 -0.276503 0.324976 
-0.276503 0.324976 -0.276442 0.113548 
0.215526 0.246253 -0.276503 0.324976 
0.322553 0.103016 -0.328443 0.189367 
0.123033 0.0658451 -0.276442 0.113548 
0.152439 -0.220142 0.123133 -0.201514 
0.123133 -0.201514 0.143665 0.0081794 
0.143665 0.0081794 0.174715 0.00844156 
0.174715 0.00844156 0.152439 -0.220142 
0.243814 -0.12998 0.199741 -0.116616 
0.199741 -0.116616 0.211889 0.00875545 
0.211889 0.00875545 0.257199 0.00913802 
0.257199 0.00913802 0.243814 -0.12998 
