0 0 0 1 0.321904 -0.544336 
0 0 6.5 1 0.258788 0.0644183 
10 0 0 1 -0.22429 -0.379764 
10 0 6.5 1 -0.260232 -0.00767514 
10 10 0 1 0.115029 -0.243508 
10 10 6.5 1 0.0885514 0.0178031 
0 10 0 1 0.565326 -0.289385 
0 10 6.5 1 0.526757 0.0700645 
0 5 10 1 0.401511 0.309092 
10 5 10 1 -0.071818 0.171551 
0 6 0 1 0.496566 -0.361402 
0 8 0 1 0.534013 -0.322181 
0 8 5 1 0.5018 -0.0206489 
0 6 5 1 0.461378 -0.0302944 
0 2 2.5 1 0.372673 -0.261981 
0 4 2.5 1 0.431557 -0.225129 
0 4 5 1 0.412222 -0.042024 
0 2 5 1 0.351158 -0.0565952 
0.5 0.5 -0.5 1 0.303876 -0.555734 
0.5 0.5 6 1 0.24477 0.0157465 
10.5 0.5 -0.5 1 -0.214434 -0.393264 
10.5 0.5 6 1 -0.249039 -0.0354401 
10.5 10.5 -0.5 1 0.112701 -0.25685 
10.5 10.5 6 1 0.0869574 -0.00265529 
0.5 10.5 -0.5 1 0.545283 -0.305843 
0.5 10.5 6 1 0.508245 0.0402768 
0.5 5.5 9.5 1 0.384345 0.261094 
10.5 5.5 9.5 1 -0.0685517 0.142784 
0.5 6.5 -0.5 1 0.47583 -0.377737 
0.5 8.5 -0.5 1 0.513528 -0.338714 
0.5 8.5 4.5 1 0.482699 -0.0493349 
0.5 6.5 4.5 1 0.442288 -0.0612262 
0.5 2.5 2 1 0.35399 -0.287451 
0.5 4.5 2 1 0.411916 -0.24978 
0.5 4.5 4.5 1 0.393571 -0.0755615 
0.5 2.5 4.5 1 0.333695 -0.0931806 
