-0.099064 -0.0357713 -0.0927254 0.215636 
0.293507 -0.0734048 0.320378 0.200651 
0.324658 -0.23453 0.373414 0.221097 
-0.295424 -0.153983 -0.299832 0.242312 
-0.099064 -0.0357713 0.293507 -0.0734048 
0.293507 -0.0734048 0.324658 -0.23453 
0.324658 -0.23453 -0.295424 -0.153983 
-0.295424 -0.153983 -0.099064 -0.0357713 
-0.0927254 0.215636 -0.170003 0.406498 
-0.170003 0.406498 -0.299832 0.242312 
0.320378 0.200651 0.360508 0.411282 
0.360508 0.411282 0.373414 0.221097 
-0.170003 0.406498 0.360508 0.411282 
-0.0927254 0.215636 0.320378 0.200651 
-0.299832 0.242312 0.373414 0.221097 
-0.195038 -0.0935492 -0.240103 -0.120679 
-0.240103 -0.120679 -0.240298 0.148531 
-0.240298 0.148531 -0.193168 0.150805 
-0.193168 0.150805 -0.195038 -0.0935492 
-0.123996 0.0491892 -0.156025 0.0385598 
-0.156025 0.0385598 -0.154366 0.152677 
-0.154366 0.152677 -0.121862 0.154246 
-0.121862 0.154246 -0.123996 0.0491892 
