0 0 0 1 0.0319023 -0.248818 
0 0 6.5 1 -0.00523804 0.441336 
10 0 0 1 -0.245882 -0.0708476 
10 0 6.5 1 -0.281581 0.289905 
10 10 0 1 0.176854 -0.00137736 
10 10 6.5 1 0.168962 0.285773 
0 10 0 1 0.613325 -0.0810192 
0 10 6.5 1 0.634496 0.381842 
0 5 10 1 0.384229 0.74936 
10 5 10 1 -0.0404403 0.474362 
0 6 0 1 0.432533 -0.133196 
0 8 0 1 0.529174 -0.105305 
0 8 5 1 0.541019 0.268597 
0 6 5 1 0.438715 0.268444 
0 2 2.5 1 0.182739 0.023046 
0 4 2.5 1 0.319624 0.0435936 
0 4 5 1 0.318792 0.268264 
0 2 5 1 0.176272 0.268051 
0.5 0.5 -0.5 1 0.0500805 -0.265919 
0.5 0.5 6 1 0.0178426 0.368547 
10.5 0.5 -0.5 1 -0.225033 -0.0872233 
10.5 0.5 6 1 -0.258051 0.257746 
10.5 10.5 -0.5 1 0.180409 -0.016691 
10.5 10.5 6 1 0.172939 0.260383 
0.5 10.5 -0.5 1 0.597645 -0.101023 
0.5 10.5 6 1 0.61655 0.336189 
0.5 5.5 9.5 1 0.378096 0.667806 
10.5 5.5 9.5 1 -0.0280445 0.438187 
0.5 6.5 -0.5 1 0.424678 -0.153111 
0.5 8.5 -0.5 1 0.516827 -0.125361 
0.5 8.5 4.5 1 0.527283 0.226812 
0.5 6.5 4.5 1 0.42999 0.22355 
0.5 2.5 2 1 0.189963 -0.0114005 
0.5 4.5 2 1 0.317851 0.0105646 
0.5 4.5 4.5 1 0.31701 0.219763 
0.5 2.5 4.5 1 0.184217 0.215312 
