-0.719187 -0.596494 -0.637335 -0.0875926 
-0.219559 -0.4314 -0.192428 -0.128173 
0.246096 -0.533805 0.253368 -0.1497 
-0.029359 -0.896989 0.0153396 -0.109923 
-0.719187 -0.596494 -0.219559 -0.4314 
-0.219559 -0.4314 0.246096 -0.533805 
0.246096 -0.533805 -0.029359 -0.896989 
-0.029359 -0.896989 -0.719187 -0.596494 
-0.637335 -0.0875926 -0.339918 0.192567 
-0.339918 0.192567 0.0153396 -0.109923 
-0.192428 -0.128173 0.0157126 0.0308622 
0.0157126 0.0308622 0.253368 -0.1497 
-0.339918 0.192567 0.0157126 0.0308622 
-0.637335 -0.0875926 -0.192428 -0.128173 
0.0153396 -0.109923 0.253368 -0.1497 
-0.378937 -0.74471 -0.221217 -0.813414 
-0.221217 -0.813414 -0.173808 -0.254574 
-0.173808 -0.254574 -0.323902 -0.236977 
-0.323902 -0.236977 -0.378937 -0.74471 
-0.590608 -0.416891 -0.479962 -0.446514 
-0.479962 -0.446514 -0.451128 -0.222061 
-0.451128 -0.222061 -0.560342 -0.209257 
-0.560342 -0.209257 -0.590608 -0.416891 
