-0.0710053 -0.0361532 -0.0579237 0.215312 
0.325877 -0.0860951 0.358547 0.196307 
0.325498 -0.236458 0.381903 0.239679 
-0.292425 -0.132442 -0.285613 0.26189 
-0.0710053 -0.0361532 0.325877 -0.0860951 
0.325877 -0.0860951 0.325498 -0.236458 
0.325498 -0.236458 -0.292425 -0.132442 
-0.292425 -0.132442 -0.0710053 -0.0361532 
-0.0579237 0.215312 -0.138886 0.411395 
-0.138886 0.411395 -0.285613 0.26189 
0.358547 0.196307 0.391405 0.420375 
0.391405 0.420375 0.381903 0.239679 
-0.138886 0.411395 0.391405 0.420375 
-0.0579237 0.215312 0.358547 0.196307 
-0.285613 0.26189 0.381903 0.239679 
-0.179647 -0.0833981 -0.230383 -0.105462 
-0.230383 -0.105462 -0.223091 0.163403 
-0.223091 0.163403 -0.171072 0.160873 
-0.171072 0.160873 -0.179647 -0.0833981 
-0.0968343 0.0521123 -0.132798 0.0449267 
-0.132798 0.0449267 -0.128049 0.158781 
-0.128049 0.158781 -0.0918743 0.157022 
-0.0918743 0.157022 -0.0968343 0.0521123 
