0 0 0 1 0.25779 -0.0912938 
0 0 6.5 1 0.286569 0.285744 
10 0 0 1 -0.287185 -0.215216 
10 0 6.5 1 -0.306241 0.352448 
10 10 0 1 -0.47126 -0.0448869 
10 10 6.5 1 -0.49464 0.294263 
0 10 0 1 -0.0512362 0.00239047 
0 10 6.5 1 -0.0475322 0.262922 
0 5 10 1 0.0946637 0.454162 
10 5 10 1 -0.440225 0.575614 
0 6 0 1 0.0465086 -0.0272418 
0 8 0 1 -0.00555041 -0.0114596 
0 8 5 1 -0.000644834 0.199486 
0 6 5 1 0.0540924 0.198369 
0 2 2.5 1 0.183563 0.0612101 
0 4 2.5 1 0.111774 0.0729972 
0 4 5 1 0.117433 0.197078 
0 2 5 1 0.191578 0.195566 
0.5 0.5 -0.5 1 0.21561 -0.115411 
0.5 0.5 6 1 0.240905 0.255392 
10.5 0.5 -0.5 1 -0.340753 -0.248884 
10.5 0.5 6 1 -0.365593 0.304682 
10.5 10.5 -0.5 1 -0.502007 -0.0670275 
10.5 10.5 6 1 -0.527187 0.267088 
0.5 10.5 -0.5 1 -0.0782495 -0.0151161 
0.5 10.5 6 1 -0.0759466 0.24244 
0.5 5.5 9.5 1 0.0583165 0.427086 
10.5 5.5 9.5 1 -0.48409 0.535709 
0.5 6.5 -0.5 1 0.0149114 -0.0469122 
0.5 8.5 -0.5 1 -0.0346815 -0.029986 
0.5 8.5 4.5 1 -0.0310177 0.178413 
0.5 6.5 4.5 1 0.0210307 0.175786 
0.5 2.5 2 1 0.144557 0.0368952 
0.5 4.5 2 1 0.0764176 0.050418 
0.5 4.5 4.5 1 0.0811796 0.172749 
0.5 2.5 4.5 1 0.15148 0.1692 
