0 0 0 1 0.277261 -0.231161 
0 0 6.5 1 0.250593 0.11814 
10 0 0 1 0.0722315 -0.548043 
10 0 6.5 1 0.0102659 0.119993 
10 10 0 1 -0.574227 -0.411039 
10 10 6.5 1 -0.636691 0.0426105 
0 10 0 1 -0.161193 -0.208697 
0 10 6.5 1 -0.191128 0.0714059 
0 5 10 1 -0.0108645 0.265259 
10 5 10 1 -0.41345 0.382264 
0 6 0 1 -0.008133 -0.216539 
0 8 0 1 -0.0877775 -0.212458 
0 8 5 1 -0.110503 0.0108434 
0 6 5 1 -0.0305409 0.0163243 
0 2 2.5 1 0.162759 -0.0996232 
0 4 2.5 1 0.0676903 -0.100367 
0 4 5 1 0.0566268 0.0222992 
0 2 5 1 0.15202 0.0288379 
0.5 0.5 -0.5 1 0.246346 -0.264608 
0.5 0.5 6 1 0.218642 0.087432 
10.5 0.5 -0.5 1 0.0086311 -0.618681 
10.5 0.5 6 1 -0.0576873 0.0593774 
10.5 10.5 -0.5 1 -0.625816 -0.457183 
10.5 10.5 6 1 -0.690803 0.00107267 
0.5 10.5 -0.5 1 -0.189521 -0.235372 
0.5 10.5 6 1 -0.22026 0.0464888 
0.5 5.5 9.5 1 -0.041984 0.239006 
10.5 5.5 9.5 1 -0.476041 0.336993 
0.5 6.5 -0.5 1 -0.0375569 -0.245565 
0.5 8.5 -0.5 1 -0.116657 -0.240259 
0.5 8.5 4.5 1 -0.140029 -0.0155068 
0.5 6.5 4.5 1 -0.060646 -0.0111237 
0.5 2.5 2 1 0.131931 -0.130529 
0.5 4.5 2 1 0.0373829 -0.129887 
0.5 4.5 4.5 1 0.0259569 -0.00634187 
0.5 2.5 4.5 1 0.120812 -0.00110445 
