0.258152 -0.0604336 0.282407 0.318829 
-0.270653 -0.190967 -0.297137 0.396652 
-0.488678 -0.0326734 -0.519487 0.318112 
-0.0651191 0.0205563 -0.0656291 0.284786 
0.258152 -0.0604336 -0.270653 -0.190967 
-0.270653 -0.190967 -0.488678 -0.0326734 
-0.488678 -0.0326734 -0.0651191 0.0205563 
-0.0651191 0.0205563 0.258152 -0.0604336 
0.282407 0.318829 0.0805096 0.483133 
0.0805096 0.483133 -0.0656291 0.284786 
-0.297137 0.396652 -0.45758 0.617882 
-0.45758 0.617882 -0.519487 0.318112 
0.0805096 0.483133 -0.45758 0.617882 
0.282407 0.318829 -0.297137 0.396652 
-0.0656291 0.284786 -0.519487 0.318112 
0.0378612 -0.00524357 -0.0169015 0.00847624 
-0.0169015 0.00847624 -0.0152439 0.222065 
-0.0152439 0.222065 0.0421554 0.222877 
0.0421554 0.222877 0.0378612 -0.00524357 
0.179159 0.0894317 0.104369 0.0984692 
0.104369 0.0984692 0.108327 0.223813 
0.108327 0.223813 0.185449 0.224904 
0.185449 0.224904 0.179159 0.0894317 
