0.317835 -0.525555 0.330895 -0.0681791 
-0.382989 -0.471113 -0.329546 -0.0200048 
-0.225884 -0.333937 -0.199056 -0.0659726 
0.187272 -0.365391 0.199725 -0.0952119 
0.317835 -0.525555 -0.382989 -0.471113 
-0.382989 -0.471113 -0.225884 -0.333937 
-0.225884 -0.333937 0.187272 -0.365391 
0.187272 -0.365391 0.317835 -0.525555 
0.330895 -0.0681791 0.255819 0.0858396 
0.255819 0.0858396 0.199725 -0.0952119 
-0.329546 -0.0200048 -0.230121 0.120538 
-0.230121 0.120538 -0.199056 -0.0659726 
0.255819 0.0858396 -0.230121 0.120538 
0.330895 -0.0681791 -0.329546 -0.0200048 
0.199725 -0.0952119 -0.199056 -0.0659726 
0.224065 -0.410526 0.204019 -0.385935 
0.204019 -0.385935 0.214022 -0.157571 
0.214022 -0.157571 0.234373 -0.159601 
0.234373 -0.159601 0.224065 -0.410526 
0.284288 -0.31826 0.253847 -0.298738 
0.253847 -0.298738 0.259011 -0.162058 
0.259011 -0.162058 0.289451 -0.165095 
0.289451 -0.165095 0.284288 -0.31826 
