0.398352 -0.490364 0.333974 0.0634204 
-0.264299 -0.429732 -0.271958 -0.0282241 
0.0190731 -0.322048 0.00287077 -0.0610052 
0.458858 -0.332033 0.41814 -0.014228 
0.398352 -0.490364 -0.264299 -0.429732 
-0.264299 -0.429732 0.0190731 -0.322048 
0.0190731 -0.322048 0.458858 -0.332033 
0.458858 -0.332033 0.398352 -0.490364 
0.333974 0.0634204 0.362494 0.21244 
0.362494 0.21244 0.41814 -0.014228 
-0.271958 -0.0282241 -0.113592 0.110292 
-0.113592 0.110292 0.00287077 -0.0610052 
0.362494 0.21244 -0.113592 0.110292 
0.333974 0.0634204 -0.271958 -0.0282241 
0.41814 -0.014228 0.00287077 -0.0610052 
0.442264 -0.375456 0.451348 -0.351685 
0.451348 -0.351685 0.4171 -0.0812011 
0.4171 -0.0812011 0.404993 -0.0768324 
0.404993 -0.0768324 0.442264 -0.375456 
0.393629 -0.247949 0.410103 -0.233905 
0.410103 -0.233905 0.390192 -0.0714918 
0.390192 -0.0714918 0.371685 -0.0648141 
0.371685 -0.0648141 0.393629 -0.247949 
