-0.296017 -0.388934 -0.310492 0.261919 
-0.248824 -0.105986 -0.252802 0.228194 
0.22188 -0.0956566 0.245813 0.20771 
0.552726 -0.325559 0.633828 0.217601 
-0.296017 -0.388934 -0.248824 -0.105986 
-0.248824 -0.105986 0.22188 -0.0956566 
0.22188 -0.0956566 0.552726 -0.325559 
0.552726 -0.325559 -0.296017 -0.388934 
-0.310492 0.261919 0.234563 0.619498 
0.234563 0.619498 0.633828 0.217601 
-0.252802 0.228194 0.0155039 0.405419 
0.0155039 0.405419 0.245813 0.20771 
0.234563 0.619498 0.0155039 0.405419 
-0.310492 0.261919 -0.252802 0.228194 
0.633828 0.217601 0.245813 0.20771 
0.247756 -0.348331 0.405241 -0.336572 
0.405241 -0.336572 0.455693 0.084498 
0.455693 0.084498 0.286164 0.0872352 
0.286164 0.0872352 0.247756 -0.348331 
-0.0976798 -0.151168 0.0908972 -0.145253 
0.0908972 -0.145253 0.103646 0.090182 
0.103646 0.090182 -0.093412 0.0933637 
-0.093412 0.0933637 -0.0976798 -0.151168 
