0 0 0 1 -0.140323 -0.0299637 
0 0 6.5 1 -0.144677 0.22389 
10 0 0 1 0.249446 -0.0457826 
10 0 6.5 1 0.265955 0.220365 
10 10 0 1 0.324778 -0.202217 
10 10 6.5 1 0.359669 0.234562 
0 10 0 1 -0.300268 -0.165432 
0 10 6.5 1 -0.320887 0.239193 
0 5 10 1 -0.217 0.414775 
10 5 10 1 0.314286 0.423083 
0 6 0 1 -0.217985 -0.0957412 
0 8 0 1 -0.254789 -0.126913 
0 8 5 1 -0.266043 0.146568 
0 6 5 1 -0.22624 0.151917 
0 2 2.5 1 -0.16427 0.0536183 
0 4 2.5 1 -0.19057 0.0405909 
0 4 5 1 -0.193687 0.156291 
0 2 5 1 -0.166571 0.159935 
0.5 0.5 -0.5 1 -0.12622 -0.0539623 
0.5 0.5 6 1 -0.129914 0.203287 
10.5 0.5 -0.5 1 0.271383 -0.0712714 
10.5 0.5 6 1 0.28942 0.198606 
10.5 10.5 -0.5 1 0.363384 -0.249162 
10.5 10.5 6 1 0.40309 0.197649 
0.5 10.5 -0.5 1 -0.282094 -0.207756 
0.5 10.5 6 1 -0.301761 0.205491 
0.5 5.5 9.5 1 -0.199624 0.392656 
10.5 5.5 9.5 1 0.346332 0.399641 
0.5 6.5 -0.5 1 -0.201504 -0.128241 
0.5 8.5 -0.5 1 -0.237445 -0.163703 
0.5 8.5 4.5 1 -0.24799 0.114861 
0.5 6.5 4.5 1 -0.209096 0.12359 
0.5 2.5 2 1 -0.149154 0.0287202 
0.5 4.5 2 1 -0.174631 0.0131561 
0.5 4.5 4.5 1 -0.17744 0.130694 
0.5 2.5 4.5 1 -0.151173 0.136589 
