-0.0365115 -0.0500937 -0.0164968 0.201562 
0.367393 -0.112271 0.40452 0.182199 
0.323194 -0.243864 0.385124 0.260089 
-0.288384 -0.118362 -0.268302 0.271921 
-0.0365115 -0.0500937 0.367393 -0.112271 
0.367393 -0.112271 0.323194 -0.243864 
0.323194 -0.243864 -0.288384 -0.118362 
-0.288384 -0.118362 -0.0365115 -0.0500937 
-0.0164968 0.201562 -0.102841 0.402745 
-0.102841 0.402745 -0.268302 0.271921 
0.40452 0.182199 0.424111 0.424221 
0.424111 0.424221 0.385124 0.260089 
-0.102841 0.402745 0.424111 0.424221 
-0.0164968 0.201562 0.40452 0.182199 
-0.268302 0.271921 0.385124 0.260089 
-0.160833 -0.0837902 -0.218403 -0.099394 
-0.218403 -0.099394 -0.202514 0.168556 
-0.202514 0.168556 -0.144798 0.160173 
-0.144798 0.160173 -0.160833 -0.0837902 
-0.0639752 0.0426284 -0.104782 0.0398289 
-0.104782 0.0398289 -0.0967232 0.153191 
-0.0967232 0.153191 -0.0560595 0.147286 
-0.0560595 0.147286 -0.0639752 0.0426284 
