0.332108 -0.595906 0.335916 -0.11827 
-0.379958 -0.533973 -0.328837 -0.0798066 
-0.202885 -0.38235 -0.178969 -0.112226 
0.215488 -0.414338 0.222615 -0.136062 
0.332108 -0.595906 -0.379958 -0.533973 
-0.379958 -0.533973 -0.202885 -0.38235 
-0.202885 -0.38235 0.215488 -0.414338 
0.215488 -0.414338 0.332108 -0.595906 
0.335916 -0.11827 0.268353 0.0452132 
0.268353 0.0452132 0.222615 -0.136062 
-0.328837 -0.0798066 -0.219195 0.0686649 
-0.219195 0.0686649 -0.178969 -0.112226 
0.268353 0.0452132 -0.219195 0.0686649 
0.335916 -0.11827 -0.328837 -0.0798066 
0.222615 -0.136062 -0.178969 -0.112226 
0.248047 -0.465031 0.230278 -0.437366 
0.230278 -0.437366 0.235783 -0.201351 
0.235783 -0.201351 0.253399 -0.205104 
0.253399 -0.205104 0.248047 -0.465031 
0.299224 -0.374308 0.272347 -0.351122 
0.272347 -0.351122 0.274792 -0.209662 
0.274792 -0.209662 0.30132 -0.215314 
0.30132 -0.215314 0.299224 -0.374308 
