-0.148892 -0.0272408 -0.155447 0.227619 
0.240836 -0.0384179 0.255093 0.226792 
0.324938 -0.190819 0.356761 0.243947 
-0.30166 -0.163479 -0.325485 0.244144 
-0.148892 -0.0272408 0.240836 -0.0384179 
0.240836 -0.0384179 0.324938 -0.190819 
0.324938 -0.190819 -0.30166 -0.163479 
-0.30166 -0.163479 -0.148892 -0.0272408 
-0.155447 0.227619 -0.226832 0.420114 
-0.226832 0.420114 -0.325485 0.244144 
0.255093 0.226792 0.304856 0.429832 
0.304856 0.429832 0.356761 0.243947 
-0.226832 0.420114 0.304856 0.429832 
-0.155447 0.227619 0.255093 0.226792 
-0.325485 0.244144 0.356761 0.243947 
-0.222948 -0.093284 -0.258123 -0.124653 
-0.258123 -0.124653 -0.271589 0.150531 
-0.271589 0.150531 -0.233246 0.155728 
-0.233246 0.155728 -0.222948 -0.093284 
-0.172678 0.0567072 -0.197845 0.0436866 
-0.197845 0.0436866 -0.201936 0.159971 
-0.201936 0.159971 -0.175887 0.163502 
-0.175887 0.163502 -0.172678 0.0567072 
