0 0 0 1 -0.500095 -0.330542 
0 0 6.5 1 -0.480912 0.300873 
10 0 0 1 -0.252847 -0.117206 
10 0 6.5 1 -0.234482 0.204316 
10 10 0 1 0.233843 -0.158138 
10 10 6.5 1 0.269585 0.161921 
0 10 0 1 0.445887 -0.4101 
0 10 6.5 1 0.533012 0.215597 
0 5 10 1 0.0579629 0.635589 
10 5 10 1 0.0329352 0.365526 
0 6 0 1 0.0674957 -0.378277 
0 8 0 1 0.256692 -0.394189 
0 8 5 1 0.312336 0.080135 
0 6 5 1 0.112858 0.0969118 
0 2 2.5 1 -0.298827 -0.114303 
0 4 2.5 1 -0.104625 -0.130635 
0 4 5 1 -0.0866206 0.113689 
0 2 5 1 -0.2861 0.130466 
0.5 0.5 -0.5 1 -0.433623 -0.357682 
0.5 0.5 6 1 -0.410938 0.238346 
10.5 0.5 -0.5 1 -0.224285 -0.137109 
10.5 0.5 6 1 -0.205426 0.174998 
10.5 10.5 -0.5 1 0.249642 -0.176967 
10.5 10.5 6 1 0.284964 0.133754 
0.5 10.5 -0.5 1 0.465309 -0.433283 
0.5 10.5 6 1 0.549126 0.157601 
0.5 5.5 9.5 1 0.100884 0.552231 
10.5 5.5 9.5 1 0.0551504 0.331192 
0.5 6.5 -0.5 1 0.105738 -0.403043 
0.5 8.5 -0.5 1 0.285524 -0.418163 
0.5 8.5 4.5 1 0.339743 0.0301196 
0.5 6.5 4.5 1 0.150697 0.046019 
0.5 2.5 2 1 -0.240947 -0.153149 
0.5 4.5 2 1 -0.0566469 -0.168649 
0.5 4.5 4.5 1 -0.0383489 0.0619183 
0.5 2.5 4.5 1 -0.227395 0.0778178 
