0.256102 -0.229036 0.298034 0.145992 
-0.344687 -0.303106 -0.331587 0.202185 
-0.403382 -0.109965 -0.398292 0.190496 
0.00487053 -0.0931365 0.023383 0.155915 
0.256102 -0.229036 -0.344687 -0.303106 
-0.344687 -0.303106 -0.403382 -0.109965 
-0.403382 -0.109965 0.00487053 -0.0931365 
0.00487053 -0.0931365 0.256102 -0.229036 
0.298034 0.145992 0.14704 0.323944 
0.14704 0.323944 0.023383 0.155915 
-0.331587 0.202185 -0.369391 0.414948 
-0.369391 0.414948 -0.398292 0.190496 
0.14704 0.323944 -0.369391 0.414948 
0.298034 0.145992 -0.331587 0.202185 
0.023383 0.155915 -0.398292 0.190496 
0.0818932 -0.134801 0.0406003 -0.112464 
0.0406003 -0.112464 0.0568022 0.0911433 
0.0568022 0.0911433 0.100677 0.0844561 
0.100677 0.0844561 0.0818932 -0.134801 
0.200221 -0.0646433 0.141001 -0.0441232 
0.141001 -0.0441232 0.152209 0.0766017 
0.152209 0.0766017 0.213595 0.0672454 
0.213595 0.0672454 0.200221 -0.0646433 
