0 0 0 1 -0.0365115 -0.0500937 
0 0 6.5 1 -0.0164968 0.201562 
10 0 0 1 0.367393 -0.112271 
10 0 6.5 1 0.40452 0.182199 
10 10 0 1 0.323194 -0.243864 
10 10 6.5 1 0.385124 0.260089 
0 10 0 1 -0.288384 -0.118362 
0 10 6.5 1 -0.268302 0.271921 
0 5 10 1 -0.102841 0.402745 
10 5 10 1 0.424111 0.424221 
0 6 0 1 -0.160833 -0.0837902 
0 8 0 1 -0.218403 -0.099394 
0 8 5 1 -0.202514 0.168556 
0 6 5 1 -0.144798 0.160173 
0 2 2.5 1 -0.0639752 0.0426284 
0 4 2.5 1 -0.104782 0.0398289 
0 4 5 1 -0.0967232 0.153191 
0 2 5 1 -0.0560595 0.147286 
0.5 0.5 -0.5 1 -0.028794 -0.0743369 
0.5 0.5 6 1 -0.00807514 0.18264 
10.5 0.5 -0.5 1 0.387547 -0.142518 
10.5 0.5 6 1 0.42642 0.159256 
10.5 10.5 -0.5 1 0.355961 -0.302423 
10.5 10.5 6 1 0.423011 0.223295 
0.5 10.5 -0.5 1 -0.285492 -0.158621 
0.5 10.5 6 1 -0.264514 0.244612 
0.5 5.5 9.5 1 -0.0948983 0.385113 
10.5 5.5 9.5 1 0.453534 0.403149 
0.5 6.5 -0.5 1 -0.154688 -0.115673 
0.5 8.5 -0.5 1 -0.213518 -0.134989 
0.5 8.5 4.5 1 -0.19694 0.140857 
0.5 6.5 4.5 1 -0.137988 0.13482 
0.5 2.5 2 1 -0.0562599 0.0185557 
0.5 4.5 2 1 -0.097536 0.0136391 
0.5 4.5 4.5 1 -0.0891578 0.12982 
0.5 2.5 4.5 1 -0.0480483 0.12561 
