0 0 0 1 0.315349 -0.510839 
0 0 6.5 1 0.330125 -0.0572674 
10 0 0 1 -0.383156 -0.457675 
10 0 6.5 1 -0.329434 -0.00705937 
10 10 0 1 -0.230182 -0.323528 
10 10 6.5 1 -0.20289 -0.0559151 
0 10 0 1 0.18201 -0.354902 
0 10 6.5 1 0.195423 -0.0862358 
0 5 10 1 0.253531 0.0948945 
10 5 10 1 -0.232167 0.13187 
0 6 0 1 0.219656 -0.398928 
0 8 0 1 0.199152 -0.374949 
0 8 5 1 0.209967 -0.148024 
0 6 5 1 0.230861 -0.149698 
0 2 2.5 1 0.281627 -0.306298 
0 4 2.5 1 0.250481 -0.287509 
0 4 5 1 0.256143 -0.151724 
0 2 5 1 0.287356 -0.154225 
0.5 0.5 -0.5 1 0.269313 -0.531301 
0.5 0.5 6 1 0.286175 -0.0891904 
10.5 0.5 -0.5 1 -0.408725 -0.479695 
10.5 0.5 6 1 -0.355106 -0.0403744 
10.5 10.5 -0.5 1 -0.248131 -0.339028 
10.5 10.5 6 1 -0.220707 -0.0754308 
0.5 10.5 -0.5 1 0.156847 -0.369852 
0.5 10.5 6 1 0.170866 -0.105238 
0.5 5.5 9.5 1 0.222502 0.0680852 
10.5 5.5 9.5 1 -0.25321 0.1043 
0.5 6.5 -0.5 1 0.188876 -0.415831 
0.5 8.5 -0.5 1 0.171459 -0.390828 
0.5 8.5 4.5 1 0.182844 -0.16766 
0.5 6.5 4.5 1 0.200791 -0.171128 
0.5 2.5 2 1 0.242688 -0.329165 
0.5 4.5 2 1 0.216314 -0.308416 
0.5 4.5 4.5 1 0.222423 -0.175308 
0.5 2.5 4.5 1 0.249002 -0.180444 
