-0.337346 -0.258568 -0.368591 0.0302313 
0.0662994 -0.184112 0.0417483 0.0650772 
0.318852 -0.278917 0.28273 0.110323 
-0.303766 -0.432515 -0.357186 0.0628534 
-0.337346 -0.258568 0.0662994 -0.184112 
0.0662994 -0.184112 0.318852 -0.278917 
0.318852 -0.278917 -0.303766 -0.432515 
-0.303766 -0.432515 -0.337346 -0.258568 
-0.368591 0.0302313 -0.385914 0.241296 
-0.385914 0.241296 -0.357186 0.0628534 
0.0417483 0.0650772 0.119751 0.248131 
0.119751 0.248131 0.28273 0.110323 
-0.385914 0.241296 0.119751 0.248131 
-0.368591 0.0302313 0.0417483 0.0650772 
-0.357186 0.0628534 0.28273 0.110323 
-0.321674 -0.339752 -0.313839 -0.380338 
-0.313839 -0.380338 -0.349739 -0.0477587 
-0.349739 -0.0477587 -0.353613 -0.0440872 
-0.353613 -0.0440872 -0.321674 -0.339752 
-0.346117 -0.160077 -0.34228 -0.174633 
-0.34228 -0.174633 -0.356708 -0.0411543 
-0.356708 -0.0411543 -0.359237 -0.0387576 
-0.359237 -0.0387576 -0.346117 -0.160077 
