0.176922 -0.399236 0.170693 -0.102485 
0.667027 -0.528261 0.614701 -0.050619 
0.0465849 -0.707685 0.0488828 0.0375588 
-0.278682 -0.451151 -0.254567 -0.0693992 
0.176922 -0.399236 0.667027 -0.528261 
0.667027 -0.528261 0.0465849 -0.707685 
0.0465849 -0.707685 -0.278682 -0.451151 
-0.278682 -0.451151 0.176922 -0.399236 
0.170693 -0.102485 -0.0137133 0.0753049 
-0.0137133 0.0753049 -0.254567 -0.0693992 
0.614701 -0.050619 0.372046 0.250244 
0.372046 0.250244 0.0488828 0.0375588 
-0.0137133 0.0753049 0.372046 0.250244 
0.170693 -0.102485 0.614701 -0.050619 
-0.254567 -0.0693992 0.0488828 0.0375588 
-0.0675991 -0.427099 -0.167263 -0.438455 
-0.167263 -0.438455 -0.155208 -0.156373 
-0.155208 -0.156373 -0.0610807 -0.159723 
-0.0610807 -0.159723 -0.0675991 -0.427099 
0.102294 -0.283786 0.0230908 -0.28675 
0.0230908 -0.28675 0.0240573 -0.162753 
0.0240573 -0.162753 0.101435 -0.165507 
0.101435 -0.165507 0.102294 -0.283786 
