-0.625057 -0.509883 -0.576548 -0.0803762 
-0.137747 -0.406184 -0.13088 -0.118674 
0.281031 -0.481186 0.259924 -0.0886913 
-0.185615 -0.720846 -0.163404 -0.00483324 
-0.625057 -0.509883 -0.137747 -0.406184 
-0.137747 -0.406184 0.281031 -0.481186 
0.281031 -0.481186 -0.185615 -0.720846 
-0.185615 -0.720846 -0.625057 -0.509883 
-0.576548 -0.0803762 -0.397661 0.196618 
-0.397661 0.196618 -0.163404 -0.00483324 
-0.13088 -0.118674 0.034209 0.0563766 
0.034209 0.0563766 0.259924 -0.0886913 
-0.397661 0.196618 0.034209 0.0563766 
-0.576548 -0.0803762 -0.13088 -0.118674 
-0.163404 -0.00483324 0.259924 -0.0886913 
-0.418588 -0.609002 -0.316273 -0.658121 
-0.316273 -0.658121 -0.288968 -0.159227 
-0.288968 -0.159227 -0.385789 -0.16382 
-0.385789 -0.16382 -0.418588 -0.609002 
-0.549164 -0.347529 -0.482284 -0.360922 
-0.482284 -0.360922 -0.465047 -0.167579 
-0.465047 -0.167579 -0.531121 -0.170713 
-0.531121 -0.170713 -0.549164 -0.347529 
