0.241125 -0.39942 0.215302 -0.0879438 
0.719529 -0.561605 0.631637 -0.00896913 
-0.132459 -0.767569 -0.147076 0.00628758 
-0.251358 -0.465573 -0.251379 -0.0943664 
0.241125 -0.39942 0.719529 -0.561605 
0.719529 -0.561605 -0.132459 -0.767569 
-0.132459 -0.767569 -0.251358 -0.465573 
-0.251358 -0.465573 0.241125 -0.39942 
0.215302 -0.0879438 -0.00639293 0.0760638 
-0.00639293 0.0760638 -0.251379 -0.0943664 
0.631637 -0.00896913 0.27158 0.292038 
0.27158 0.292038 -0.147076 0.00628758 
-0.00639293 0.0760638 0.27158 0.292038 
0.215302 -0.0879438 0.631637 -0.00896913 
-0.251379 -0.0943664 -0.147076 0.00628758 
-0.0334522 -0.436303 -0.138408 -0.450401 
-0.138408 -0.450401 -0.143677 -0.171567 
-0.143677 -0.171567 -0.0432591 -0.167526 
-0.0432591 -0.167526 -0.0334522 -0.436303 
0.146891 -0.282862 0.0573086 -0.290577 
0.0573086 -0.290577 0.050593 -0.163749 
0.050593 -0.163749 0.138503 -0.160211 
0.138503 -0.160211 0.146891 -0.282862 
