0 0 0 1 0.390225 -0.486964 
0 0 6.5 1 0.322203 0.0810335 
10 0 0 1 -0.251554 -0.414457 
10 0 6.5 1 -0.267991 -0.0199379 
10 10 0 1 0.0459448 -0.301018 
10 10 6.5 1 0.0252531 -0.040657 
0 10 0 1 0.488743 -0.312658 
0 10 6.5 1 0.444836 0.0133747 
0 5 10 1 0.372899 0.244301 
10 5 10 1 -0.102552 0.126631 
0 6 0 1 0.461651 -0.360591 
0 8 0 1 0.476475 -0.334364 
0 8 5 1 0.439697 -0.0573793 
0 6 5 1 0.42175 -0.0548525 
0 2 2.5 1 0.395747 -0.236134 
0 4 2.5 1 0.421123 -0.218664 
0 4 5 1 0.399806 -0.0517629 
0 2 5 1 0.37236 -0.0478987 
0.5 0.5 -0.5 1 0.359392 -0.511934 
0.5 0.5 6 1 0.296724 0.0300183 
10.5 0.5 -0.5 1 -0.249692 -0.434498 
10.5 0.5 6 1 -0.265647 -0.0527171 
10.5 10.5 -0.5 1 0.039972 -0.317126 
10.5 10.5 6 1 0.0199561 -0.0623645 
0.5 10.5 -0.5 1 0.467803 -0.332489 
0.5 10.5 6 1 0.426005 -0.0151869 
0.5 5.5 9.5 1 0.352509 0.201281 
10.5 5.5 9.5 1 -0.105236 0.0966719 
0.5 6.5 -0.5 1 0.437497 -0.382653 
0.5 8.5 -0.5 1 0.454032 -0.355283 
0.5 8.5 4.5 1 0.419183 -0.0864776 
0.5 6.5 4.5 1 0.399883 -0.0868533 
0.5 2.5 2 1 0.369166 -0.268646 
0.5 4.5 2 1 0.396439 -0.248318 
0.5 4.5 4.5 1 0.376452 -0.0873094 
0.5 2.5 4.5 1 0.347402 -0.0878749 
