-0.184663 -0.0146682 -0.199913 0.245588 
0.206177 -0.00778152 0.211137 0.255041 
0.324564 -0.136618 0.343254 0.293812 
-0.309253 -0.146092 -0.34548 0.277471 
-0.184663 -0.0146682 0.206177 -0.00778152 
0.206177 -0.00778152 0.324564 -0.136618 
0.324564 -0.136618 -0.309253 -0.146092 
-0.309253 -0.146092 -0.184663 -0.0146682 
-0.199913 0.245588 -0.267568 0.448988 
-0.267568 0.448988 -0.34548 0.277471 
0.211137 0.255041 0.265869 0.463515 
0.265869 0.463515 0.343254 0.293812 
-0.267568 0.448988 0.265869 0.463515 
-0.199913 0.245588 0.211137 0.255041 
-0.34548 0.277471 0.343254 0.293812 
-0.244605 -0.0778981 -0.273374 -0.108246 
-0.273374 -0.108246 -0.295458 0.176241 
-0.295458 0.176241 -0.262907 0.178516 
-0.262907 0.178516 -0.244605 -0.0778981 
-0.207852 0.0725808 -0.228584 0.061011 
-0.228584 0.061011 -0.236498 0.180361 
-0.236498 0.180361 -0.214642 0.181888 
-0.214642 0.181888 -0.207852 0.0725808 
