0 0 0 1 -0.566459 -0.28565 
0 0 6.5 1 -0.528475 0.326566 
10 0 0 1 -0.251351 -0.123199 
10 0 6.5 1 -0.225847 0.192377 
10 10 0 1 0.237039 -0.178628 
10 10 6.5 1 0.273531 0.149357 
0 10 0 1 0.384875 -0.410299 
0 10 6.5 1 0.465574 0.250408 
0 5 10 1 -0.0193181 0.653639 
10 5 10 1 0.0356879 0.349863 
0 6 0 1 -0.0142464 -0.358004 
0 8 0 1 0.182011 -0.383719 
0 8 5 1 0.23616 0.111941 
0 6 5 1 0.0330108 0.130123 
0 2 2.5 1 -0.371099 -0.0755877 
0 4 2.5 1 -0.184126 -0.0962547 
0 4 5 1 -0.163434 0.147705 
0 2 5 1 -0.353501 0.164717 
0.5 0.5 -0.5 1 -0.498164 -0.319601 
0.5 0.5 6 1 -0.459397 0.263966 
10.5 0.5 -0.5 1 -0.222335 -0.144941 
10.5 0.5 6 1 -0.196876 0.16285 
10.5 10.5 -0.5 1 0.255588 -0.199938 
10.5 10.5 6 1 0.291558 0.119642 
0.5 10.5 -0.5 1 0.414246 -0.441156 
0.5 10.5 6 1 0.492187 0.186282 
0.5 5.5 9.5 1 0.0298124 0.571631 
10.5 5.5 9.5 1 0.0592625 0.315619 
0.5 6.5 -0.5 1 0.032261 -0.390266 
0.5 8.5 -0.5 1 0.220237 -0.415309 
0.5 8.5 4.5 1 0.272955 0.0559749 
0.5 6.5 4.5 1 0.0786708 0.0742064 
0.5 2.5 2 1 -0.309499 -0.119871 
0.5 4.5 2 1 -0.130013 -0.140292 
0.5 4.5 4.5 1 -0.109495 0.0918638 
0.5 2.5 4.5 1 -0.291826 0.108974 
