0.152452 -0.411997 0.1533 -0.11899 
0.640556 -0.551447 0.603025 -0.0925188 
0.0963491 -0.750767 0.105335 -0.00994825 
-0.28872 -0.468715 -0.257599 -0.0818635 
0.152452 -0.411997 0.640556 -0.551447 
0.640556 -0.551447 0.0963491 -0.750767 
0.0963491 -0.750767 -0.28872 -0.468715 
-0.28872 -0.468715 0.152452 -0.411997 
0.1533 -0.11899 -0.0188441 0.0608612 
-0.0188441 0.0608612 -0.257599 -0.0818635 
0.603025 -0.0925188 0.396737 0.201612 
0.396737 0.201612 0.105335 -0.00994825 
-0.0188441 0.0608612 0.396737 0.201612 
0.1533 -0.11899 0.603025 -0.0925188 
-0.257599 -0.0818635 0.105335 -0.00994825 
-0.0814236 -0.442064 -0.178663 -0.454566 
-0.178663 -0.454566 -0.161278 -0.170707 
-0.161278 -0.170707 -0.0695991 -0.174545 
-0.0695991 -0.174545 -0.0814236 -0.442064 
0.0844971 -0.298415 0.00886213 -0.301562 
0.00886213 -0.301562 0.012442 -0.177979 
0.012442 -0.177979 0.0862893 -0.18107 
0.0862893 -0.18107 0.0844971 -0.298415 
