-0.655476 -0.342799 -0.588977 0.218195 
-0.248381 -0.210308 -0.216045 0.0940904 
0.234779 -0.282731 0.265802 0.0588206 
0.239417 -0.525143 0.302567 0.176524 
-0.655476 -0.342799 -0.248381 -0.210308 
-0.248381 -0.210308 0.234779 -0.282731 
0.234779 -0.282731 0.239417 -0.525143 
0.239417 -0.525143 -0.655476 -0.342799 
-0.588977 0.218195 -0.157145 0.525396 
-0.157145 0.525396 0.302567 0.176524 
-0.216045 0.0940904 0.0281821 0.248102 
0.0281821 0.248102 0.265802 0.0588206 
-0.157145 0.525396 0.0281821 0.248102 
-0.588977 0.218195 -0.216045 0.0940904 
0.302567 0.176524 0.265802 0.0588206 
-0.167192 -0.442292 0.0264644 -0.481752 
0.0264644 -0.481752 0.0764371 0.0346991 
0.0764371 0.0346991 -0.11647 0.0505137 
-0.11647 0.0505137 -0.167192 -0.442292 
-0.480376 -0.14587 -0.318292 -0.16889 
-0.318292 -0.16889 -0.292901 0.0649776 
-0.292901 0.0649776 -0.454881 0.0782568 
-0.454881 0.0782568 -0.480376 -0.14587 
