0.279945 -0.365954 0.244316 -0.0456024 
0.67905 -0.615994 0.590036 0.00616176 
-0.318023 -0.801075 -0.359302 -0.0721127 
-0.22431 -0.434413 -0.24739 -0.0878942 
0.279945 -0.365954 0.67905 -0.615994 
0.67905 -0.615994 -0.318023 -0.801075 
-0.318023 -0.801075 -0.22431 -0.434413 
-0.22431 -0.434413 0.279945 -0.365954 
0.244316 -0.0456024 -0.00799168 0.105381 
-0.00799168 0.105381 -0.24739 -0.0878942 
0.590036 0.00616176 0.115188 0.300459 
0.115188 0.300459 -0.359302 -0.0721127 
-0.00799168 0.105381 0.115188 0.300459 
0.244316 -0.0456024 0.590036 0.00616176 
-0.24739 -0.0878942 -0.359302 -0.0721127 
-0.0135025 -0.405793 -0.117296 -0.419885 
-0.117296 -0.419885 -0.137374 -0.155802 
-0.137374 -0.155802 -0.0356418 -0.145914 
-0.0356418 -0.145914 -0.0135025 -0.405793 
0.1719 -0.251512 0.0750412 -0.262769 
0.0750412 -0.262769 0.0631413 -0.136313 
0.0631413 -0.136313 0.159102 -0.126986 
0.159102 -0.126986 0.1719 -0.251512 
