0 0 0 1 -0.127714 -0.0330994 
0 0 6.5 1 -0.128785 0.219578 
10 0 0 1 0.26243 -0.055801 
10 0 6.5 1 0.282226 0.212137 
10 10 0 1 0.324549 -0.216429 
10 10 6.5 1 0.363869 0.224422 
0 10 0 1 -0.298523 -0.165692 
0 10 6.5 1 -0.314298 0.235325 
0 5 10 1 -0.20255 0.40909 
10 5 10 1 0.328283 0.415519 
0 6 0 1 -0.210837 -0.0976246 
0 8 0 1 -0.250106 -0.128108 
0 8 5 1 -0.258033 0.143379 
0 6 5 1 -0.216026 0.148457 
0 2 2.5 1 -0.151924 0.050345 
0 4 2.5 1 -0.179936 0.0376199 
0 4 5 1 -0.181598 0.152619 
0 2 5 1 -0.152867 0.156092 
0.5 0.5 -0.5 1 -0.114428 -0.0572889 
0.5 0.5 6 1 -0.114838 0.198913 
10.5 0.5 -0.5 1 0.283996 -0.0819493 
10.5 0.5 6 1 0.30537 0.189948 
10.5 10.5 -0.5 1 0.362356 -0.264975 
10.5 10.5 6 1 0.40661 0.186587 
0.5 10.5 -0.5 1 -0.282179 -0.208176 
0.5 10.5 6 1 -0.297062 0.201723 
0.5 5.5 9.5 1 -0.186358 0.38705 
10.5 5.5 9.5 1 0.359935 0.391721 
0.5 6.5 -0.5 1 -0.195623 -0.130321 
0.5 8.5 -0.5 1 -0.234271 -0.165084 
0.5 8.5 4.5 1 -0.241515 0.111658 
0.5 6.5 4.5 1 -0.200164 0.120081 
0.5 2.5 2 1 -0.137744 0.0253065 
0.5 4.5 2 1 -0.165083 0.0100503 
0.5 4.5 4.5 1 -0.166438 0.126951 
0.5 2.5 4.5 1 -0.138407 0.132661 
