0 0 0 1 0.0209553 -0.243907 
0 0 6.5 1 -0.0155904 0.449105 
10 0 0 1 -0.246423 -0.0647315 
10 0 6.5 1 -0.281459 0.296091 
10 10 0 1 0.178953 0.00260374 
10 10 6.5 1 0.17213 0.290998 
0 10 0 1 0.61418 -0.0793099 
0 10 6.5 1 0.638038 0.387967 
0 5 10 1 0.382708 0.760217 
10 5 10 1 -0.0385962 0.48085 
0 6 0 1 0.428979 -0.130696 
0 8 0 1 0.527893 -0.103251 
0 8 5 1 0.541587 0.273699 
0 6 5 1 0.436783 0.273845 
0 2 2.5 1 0.174759 0.0277681 
0 4 2.5 1 0.314312 0.0477447 
0 4 5 1 0.314168 0.274017 
0 2 5 1 0.168778 0.274221 
0.5 0.5 -0.5 1 0.0404914 -0.261193 
0.5 0.5 6 1 0.00901941 0.375646 
10.5 0.5 -0.5 1 -0.225282 -0.0812117 
10.5 0.5 6 1 -0.257621 0.263812 
10.5 10.5 -0.5 1 0.182705 -0.0127863 
10.5 10.5 6 1 0.176283 0.265439 
0.5 10.5 -0.5 1 0.598757 -0.0994034 
0.5 10.5 6 1 0.62018 0.341727 
0.5 5.5 9.5 1 0.377165 0.677449 
10.5 5.5 9.5 1 -0.0259388 0.444453 
0.5 6.5 -0.5 1 0.421739 -0.150704 
0.5 8.5 -0.5 1 0.515968 -0.123396 
0.5 8.5 4.5 1 0.528169 0.231462 
0.5 6.5 4.5 1 0.428601 0.228489 
0.5 2.5 2 1 0.183088 -0.00694015 
0.5 4.5 2 1 0.313364 0.014465 
0.5 4.5 4.5 1 0.313195 0.225042 
0.5 2.5 4.5 1 0.177847 0.221 
