0 0 0 1 0.256102 -0.229036 
0 0 6.5 1 0.298034 0.145992 
10 0 0 1 -0.344687 -0.303106 
10 0 6.5 1 -0.331587 0.202185 
10 10 0 1 -0.403382 -0.109965 
10 10 6.5 1 -0.398292 0.190496 
0 10 0 1 0.00487053 -0.0931365 
0 10 6.5 1 0.023383 0.155915 
0 5 10 1 0.14704 0.323944 
10 5 10 1 -0.369391 0.414948 
0 6 0 1 0.0818932 -0.134801 
0 8 0 1 0.0406003 -0.112464 
0 8 5 1 0.0568022 0.0911433 
0 6 5 1 0.100677 0.0844561 
0 2 2.5 1 0.200221 -0.0646433 
0 4 2.5 1 0.141001 -0.0441232 
0 4 5 1 0.152209 0.0766017 
0 2 5 1 0.213595 0.0672454 
0.5 0.5 -0.5 1 0.212365 -0.248609 
0.5 0.5 6 1 0.25126 0.118895 
10.5 0.5 -0.5 1 -0.389713 -0.327513 
10.5 0.5 6 1 -0.380141 0.164196 
10.5 10.5 -0.5 1 -0.429667 -0.127168 
10.5 10.5 6 1 -0.425744 0.168463 
0.5 10.5 -0.5 1 -0.0215428 -0.107679 
0.5 10.5 6 1 -0.00415523 0.138044 
0.5 5.5 9.5 1 0.111267 0.299499 
10.5 5.5 9.5 1 -0.405576 0.382328 
0.5 6.5 -0.5 1 0.0504452 -0.151052 
0.5 8.5 -0.5 1 0.011882 -0.127818 
0.5 8.5 4.5 1 0.0270733 0.0728949 
0.5 6.5 4.5 1 0.0680208 0.0648493 
0.5 2.5 2 1 0.160596 -0.085257 
0.5 4.5 2 1 0.105554 -0.0632782 
0.5 4.5 4.5 1 0.116014 0.0554192 
0.5 2.5 4.5 1 0.173043 0.0442139 
