0 0 0 1 -0.045343 -0.237995 
0 0 6.5 1 -0.0783112 0.464244 
10 0 0 1 -0.248103 -0.04357 
10 0 6.5 1 -0.278214 0.315795 
10 10 0 1 0.191553 0.0122451 
10 10 6.5 1 0.191513 0.306984 
0 10 0 1 0.616022 -0.0895944 
0 10 6.5 1 0.655982 0.401722 
0 5 10 1 0.369561 0.795539 
10 5 10 1 -0.0261221 0.502312 
0 6 0 1 0.404093 -0.137148 
0 8 0 1 0.516646 -0.111893 
0 8 5 1 0.541215 0.281044 
0 6 5 1 0.421287 0.281905 
0 2 2.5 1 0.124434 0.0314777 
0 4 2.5 1 0.279045 0.0490525 
0 4 5 1 0.282838 0.282899 
0 2 5 1 0.121219 0.284058 
0.5 0.5 -0.5 1 -0.0177418 -0.255144 
0.5 0.5 6 1 -0.0445807 0.389477 
10.5 0.5 -0.5 1 -0.225397 -0.0602803 
10.5 0.5 6 1 -0.252798 0.283428 
10.5 10.5 -0.5 1 0.196506 -0.00333073 
10.5 10.5 6 1 0.196733 0.280806 
0.5 10.5 -0.5 1 0.60253 -0.109477 
0.5 10.5 6 1 0.639089 0.353025 
0.5 5.5 9.5 1 0.368151 0.707649 
10.5 5.5 9.5 1 -0.0119955 0.46521 
0.5 6.5 -0.5 1 0.400963 -0.156814 
0.5 8.5 -0.5 1 0.507678 -0.131753 
0.5 8.5 4.5 1 0.530198 0.237239 
0.5 6.5 4.5 1 0.416867 0.235099 
0.5 2.5 2 1 0.139646 -0.00336682 
0.5 4.5 2 1 0.283457 0.0155157 
0.5 4.5 4.5 1 0.287182 0.232651 
0.5 2.5 4.5 1 0.137328 0.229821 
