0 0 0 1 -0.0293458 -0.0574282 
0 0 6.5 1 -0.0081413 0.194194 
10 0 0 1 0.376215 -0.122132 
10 0 6.5 1 0.41375 0.175084 
10 10 0 1 0.321364 -0.250835 
10 10 6.5 1 0.383692 0.258842 
0 10 0 1 -0.287758 -0.12097 
0 10 6.5 1 -0.265049 0.267856 
0 5 10 1 -0.0958956 0.395542 
10 5 10 1 0.429536 0.420104 
0 6 0 1 -0.1571 -0.0888421 
0 8 0 1 -0.216124 -0.103356 
0 8 5 1 -0.198576 0.16412 
0 6 5 1 -0.139669 0.154868 
0 2 2.5 1 -0.0572969 0.0360596 
0 4 2.5 1 -0.0991642 0.0339748 
0 4 5 1 -0.0905099 0.147146 
0 2 5 1 -0.0488636 0.140605 
0.5 0.5 -0.5 1 -0.0220543 -0.0816696 
0.5 0.5 6 1 -0.000141191 0.175462 
10.5 0.5 -0.5 1 0.396352 -0.152776 
10.5 0.5 6 1 0.435612 0.152151 
10.5 10.5 -0.5 1 0.353611 -0.310321 
10.5 10.5 6 1 0.420959 0.222453 
0.5 10.5 -0.5 1 -0.285982 -0.160986 
0.5 10.5 6 1 -0.262326 0.241157 
0.5 5.5 9.5 1 -0.0886014 0.378337 
10.5 5.5 9.5 1 0.458726 0.399459 
0.5 6.5 -0.5 1 -0.151692 -0.120629 
0.5 8.5 -0.5 1 -0.212141 -0.138795 
0.5 8.5 4.5 1 -0.19388 0.136834 
0.5 6.5 4.5 1 -0.133581 0.129832 
0.5 2.5 2 1 -0.0500857 0.0120995 
0.5 4.5 2 1 -0.0925217 0.00794111 
0.5 4.5 4.5 1 -0.0835439 0.124022 
0.5 2.5 4.5 1 -0.0413538 0.119123 
