0 0 0 1 -0.409165 -0.387254 
0 0 6.5 1 -0.408677 0.251884 
10 0 0 1 -0.252015 -0.121225 
10 0 6.5 1 -0.243668 0.205251 
10 10 0 1 0.228343 -0.139212 
10 10 6.5 1 0.25995 0.171344 
0 10 0 1 0.500401 -0.399033 
0 10 6.5 1 0.588143 0.181581 
0 5 10 1 0.143308 0.596272 
10 5 10 1 0.0260071 0.372956 
0 6 0 1 0.155067 -0.394561 
0 8 0 1 0.33061 -0.396834 
0 8 5 1 0.38534 0.0480906 
0 6 5 1 0.197651 0.0586363 
0 2 2.5 1 -0.207039 -0.163226 
0 4 2.5 1 -0.0123059 -0.169797 
0 4 5 1 0.00300044 0.0695732 
0 2 5 1 -0.199008 0.0809235 
0.5 0.5 -0.5 1 -0.347995 -0.405439 
0.5 0.5 6 1 -0.341483 0.192765 
10.5 0.5 -0.5 1 -0.224305 -0.138676 
10.5 0.5 6 1 -0.21483 0.176831 
10.5 10.5 -0.5 1 0.241325 -0.15541 
10.5 10.5 6 1 0.272619 0.145195 
0.5 10.5 -0.5 1 0.510077 -0.415199 
0.5 10.5 6 1 0.59378 0.131413 
0.5 5.5 9.5 1 0.176939 0.5155 
10.5 5.5 9.5 1 0.0465771 0.339229 
0.5 6.5 -0.5 1 0.183368 -0.411483 
0.5 8.5 -0.5 1 0.349302 -0.41337 
0.5 8.5 4.5 1 0.402274 0.00557113 
0.5 6.5 4.5 1 0.225534 0.0147877 
0.5 2.5 2 1 -0.156227 -0.194448 
0.5 4.5 2 1 0.0267887 -0.200126 
0.5 4.5 4.5 1 0.0426152 0.0243265 
0.5 2.5 4.5 1 -0.146811 0.0342046 
