0.397231 -0.487714 0.3321 0.0681367 
-0.262054 -0.426052 -0.271235 -0.0258468 
0.0236858 -0.317922 0.00666487 -0.0570757 
0.463906 -0.327797 0.422532 -0.00878077 
0.397231 -0.487714 -0.262054 -0.426052 
-0.262054 -0.426052 0.0236858 -0.317922 
0.0236858 -0.317922 0.463906 -0.327797 
0.463906 -0.327797 0.397231 -0.487714 
0.3321 0.0681367 0.364165 0.218769 
0.364165 0.218769 0.422532 -0.00878077 
-0.271235 -0.0258468 -0.111708 0.113663 
-0.111708 0.113663 0.00666487 -0.0570757 
0.364165 0.218769 -0.111708 0.113663 
0.3321 0.0681367 -0.271235 -0.0258468 
0.422532 -0.00878077 0.00666487 -0.0570757 
0.445613 -0.371671 0.455627 -0.347655 
0.455627 -0.347655 0.420853 -0.0762136 
0.420853 -0.0762136 0.407795 -0.0720019 
0.407795 -0.0720019 0.445613 -0.371671 
0.394107 -0.244293 0.412029 -0.229922 
0.412029 -0.229922 0.391831 -0.0668529 
0.391831 -0.0668529 0.371869 -0.0604145 
0.371869 -0.0604145 0.394107 -0.244293 
