-0.0293458 -0.0574282 -0.0081413 0.194194 
0.376215 -0.122132 0.41375 0.175084 
0.321364 -0.250835 0.383692 0.258842 
-0.287758 -0.12097 -0.265049 0.267856 
-0.0293458 -0.0574282 0.376215 -0.122132 
0.376215 -0.122132 0.321364 -0.250835 
0.321364 -0.250835 -0.287758 -0.12097 
-0.287758 -0.12097 -0.0293458 -0.0574282 
-0.0081413 0.194194 -0.0958956 0.395542 
-0.0958956 0.395542 -0.265049 0.267856 
0.41375 0.175084 0.429536 0.420104 
0.429536 0.420104 0.383692 0.258842 
-0.0958956 0.395542 0.429536 0.420104 
-0.0081413 0.194194 0.41375 0.175084 
-0.265049 0.267856 0.383692 0.258842 
-0.1571 -0.0888421 -0.216124 -0.103356 
-0.216124 -0.103356 -0.198576 0.16412 
-0.198576 0.16412 -0.139669 0.154868 
-0.139669 0.154868 -0.1571 -0.0888421 
-0.0572969 0.0360596 -0.0991642 0.0339748 
-0.0991642 0.0339748 -0.0905099 0.147146 
-0.0905099 0.147146 -0.0488636 0.140605 
-0.0488636 0.140605 -0.0572969 0.0360596 
