0.280954 -0.246432 0.25156 0.102297 
0.108265 -0.568111 0.0442195 0.109637 
-0.577269 -0.44168 -0.637439 0.025857 
-0.165853 -0.229747 -0.196061 0.0534705 
0.280954 -0.246432 0.108265 -0.568111 
0.108265 -0.568111 -0.577269 -0.44168 
-0.577269 -0.44168 -0.165853 -0.229747 
-0.165853 -0.229747 0.280954 -0.246432 
0.25156 0.102297 -0.0122044 0.247756 
-0.0122044 0.247756 -0.196061 0.0534705 
0.0442195 0.109637 -0.395923 0.370995 
-0.395923 0.370995 -0.637439 0.025857 
-0.0122044 0.247756 -0.395923 0.370995 
0.25156 0.102297 0.0442195 0.109637 
-0.196061 0.0534705 -0.637439 0.025857 
-0.00866566 -0.235617 -0.0902941 -0.232569 
-0.0902941 -0.232569 -0.113503 -0.00697376 
-0.113503 -0.00697376 -0.0318553 -0.000889921 
-0.0318553 -0.000889921 -0.00866566 -0.235617 
0.164619 -0.115624 0.0683227 -0.117353 
0.0683227 -0.117353 0.0567099 0.00570935 
0.0567099 0.00570935 0.15311 0.0128925 
0.15311 0.0128925 0.164619 -0.115624 
