0 0 0 1 -0.716933 -0.536481 
0 0 6.5 1 -0.634151 -0.0101762 
10 0 0 1 -0.237782 -0.372875 
10 0 6.5 1 -0.206345 -0.0700976 
10 10 0 1 0.236038 -0.467389 
10 10 6.5 1 0.253511 -0.0990686 
0 10 0 1 0.0582843 -0.805672 
0 10 6.5 1 0.108257 -0.0436219 
0 5 10 1 -0.289647 0.275847 
10 5 10 1 0.0155588 0.0851969 
0 6 0 1 -0.321681 -0.67373 
0 8 0 1 -0.147128 -0.734343 
0 8 5 1 -0.0981719 -0.186332 
0 6 5 1 -0.266139 -0.168004 
0 2 2.5 1 -0.570171 -0.351544 
0 4 2.5 1 -0.441041 -0.380357 
0 4 5 1 -0.411897 -0.1521 
0 2 5 1 -0.539577 -0.138167 
0.5 0.5 -0.5 1 -0.655933 -0.573954 
0.5 0.5 6 1 -0.578125 -0.0537906 
10.5 0.5 -0.5 1 -0.207364 -0.396026 
10.5 0.5 6 1 -0.177298 -0.0952785 
10.5 10.5 -0.5 1 0.267246 -0.494281 
10.5 10.5 6 1 0.283196 -0.128978 
0.5 10.5 -0.5 1 0.126784 -0.852775 
0.5 10.5 6 1 0.16992 -0.10373 
0.5 5.5 9.5 1 -0.232905 0.221759 
10.5 5.5 9.5 1 0.0443793 0.0567166 
0.5 6.5 -0.5 1 -0.255398 -0.716633 
0.5 8.5 -0.5 1 -0.0794801 -0.779299 
0.5 8.5 4.5 1 -0.035655 -0.240057 
0.5 6.5 4.5 1 -0.204682 -0.218358 
0.5 2.5 2 1 -0.50949 -0.393657 
0.5 4.5 2 1 -0.378736 -0.424738 
0.5 4.5 4.5 1 -0.351768 -0.199475 
0.5 2.5 4.5 1 -0.480925 -0.182895 
