0 0 0 1 -0.632586 -0.306152 
0 0 6.5 1 -0.573181 0.268945 
10 0 0 1 -0.249121 -0.174495 
10 0 6.5 1 -0.217975 0.132493 
10 10 0 1 0.236179 -0.242175 
10 10 6.5 1 0.269549 0.0948677 
0 10 0 1 0.285379 -0.471244 
0 10 6.5 1 0.353492 0.219188 
0 5 10 1 -0.117858 0.582596 
10 5 10 1 0.0317615 0.287146 
0 6 0 1 -0.122653 -0.397861 
0 8 0 1 0.0735071 -0.43314 
0 8 5 1 0.124466 0.07787 
0 6 5 1 -0.0730988 0.0941603 
0 2 2.5 1 -0.450846 -0.105358 
0 4 2.5 1 -0.280649 -0.127629 
0 4 5 1 -0.25657 0.109288 
0 2 5 1 -0.427403 0.123374 
0.5 0.5 -0.5 1 -0.56535 -0.343733 
0.5 0.5 6 1 -0.508144 0.211984 
10.5 0.5 -0.5 1 -0.219739 -0.19729 
10.5 0.5 6 1 -0.18921 0.104088 
10.5 10.5 -0.5 1 0.258582 -0.265785 
10.5 10.5 6 1 0.291243 0.0645063 
0.5 10.5 -0.5 1 0.328355 -0.509358 
0.5 10.5 6 1 0.393576 0.153327 
0.5 5.5 9.5 1 -0.0639982 0.50922 
10.5 5.5 9.5 1 0.0570164 0.2545 
0.5 6.5 -0.5 1 -0.0673978 -0.436016 
0.5 8.5 -0.5 1 0.123156 -0.47133 
0.5 8.5 4.5 1 0.172011 0.0198906 
0.5 6.5 4.5 1 -0.0198334 0.0376337 
0.5 2.5 2 1 -0.38782 -0.151188 
0.5 4.5 2 1 -0.221628 -0.174229 
0.5 4.5 4.5 1 -0.198488 0.0541569 
0.5 2.5 4.5 1 -0.365267 0.0695819 
