0.269972 -0.401606 0.236419 -0.0826163 
0.716609 -0.626491 0.621649 -0.0249241 
-0.242933 -0.843785 -0.271625 -0.0759061 
-0.233915 -0.474951 -0.248425 -0.114548 
0.269972 -0.401606 0.716609 -0.626491 
0.716609 -0.626491 -0.242933 -0.843785 
-0.242933 -0.843785 -0.233915 -0.474951 
-0.233915 -0.474951 0.269972 -0.401606 
0.236419 -0.0826163 -0.0050476 0.0727257 
-0.0050476 0.0727257 -0.248425 -0.114548 
0.621649 -0.0249241 0.190231 0.271211 
0.190231 0.271211 -0.271625 -0.0759061 
-0.0050476 0.0727257 0.190231 0.271211 
0.236419 -0.0826163 0.621649 -0.0249241 
-0.248425 -0.114548 -0.271625 -0.0759061 
-0.0179602 -0.443517 -0.123303 -0.45885 
-0.123303 -0.45885 -0.138159 -0.185817 
-0.138159 -0.185817 -0.0360471 -0.177285 
-0.0360471 -0.177285 -0.0179602 -0.443517 
0.166334 -0.286054 0.0717999 -0.296827 
0.0717999 -0.296827 0.0614716 -0.169137 
0.0614716 -0.169137 0.1547 -0.161348 
0.1547 -0.161348 0.166334 -0.286054 
