0.283178 -0.254333 0.252116 0.0941757 
0.132415 -0.576148 0.0668314 0.108231 
-0.579464 -0.458633 -0.63766 0.0188592 
-0.169128 -0.241809 -0.199327 0.0437087 
0.283178 -0.254333 0.132415 -0.576148 
0.132415 -0.576148 -0.579464 -0.458633 
-0.579464 -0.458633 -0.169128 -0.241809 
-0.169128 -0.241809 0.283178 -0.254333 
0.252116 0.0941757 -0.0129892 0.238474 
-0.0129892 0.238474 -0.199327 0.0437087 
0.0668314 0.108231 -0.383656 0.36826 
-0.383656 0.36826 -0.63766 0.0188592 
-0.0129892 0.238474 -0.383656 0.36826 
0.252116 0.0941757 0.0668314 0.108231 
-0.199327 0.0437087 -0.63766 0.0188592 
-0.00916472 -0.246238 -0.09212 -0.243941 
-0.09212 -0.243941 -0.115517 -0.0166483 
-0.115517 -0.0166483 -0.0327503 -0.0101117 
-0.0327503 -0.0101117 -0.00916472 -0.246238 
0.165723 -0.123997 0.0686435 -0.126437 
0.0686435 -0.126437 0.0567253 -0.00304535 
0.0567253 -0.00304535 0.15376 0.00461805 
0.15376 0.00461805 0.165723 -0.123997 
