0 0 0 1 -0.398229 -0.391096 
0 0 6.5 1 -0.399521 0.248646 
10 0 0 1 -0.251746 -0.121021 
10 0 6.5 1 -0.244593 0.206032 
10 10 0 1 0.227718 -0.136175 
10 10 6.5 1 0.258686 0.173435 
0 10 0 1 0.50593 -0.394893 
0 10 6.5 1 0.593329 0.181113 
0 5 10 1 0.152679 0.594329 
10 5 10 1 0.0250952 0.374616 
0 6 0 1 0.164574 -0.39346 
0 8 0 1 0.338388 -0.39419 
0 8 5 1 0.392842 0.0477104 
0 6 5 1 0.206803 0.0574015 
0 2 2.5 1 -0.196304 -0.165978 
0 4 2.5 1 -0.00192503 -0.171266 
0 4 5 1 0.013111 0.0674911 
0 2 5 1 -0.188715 0.0780045 
0.5 0.5 -0.5 1 -0.33782 -0.408415 
0.5 0.5 6 1 -0.332872 0.189866 
10.5 0.5 -0.5 1 -0.224151 -0.138228 
10.5 0.5 6 1 -0.215801 0.177695 
10.5 10.5 -0.5 1 0.240403 -0.152141 
10.5 10.5 6 1 0.27107 0.14747 
0.5 10.5 -0.5 1 0.514617 -0.410535 
0.5 10.5 6 1 0.597902 0.131627 
0.5 5.5 9.5 1 0.185175 0.513831 
10.5 5.5 9.5 1 0.0454746 0.340941 
0.5 6.5 -0.5 1 0.191767 -0.409732 
0.5 8.5 -0.5 1 0.356002 -0.41014 
0.5 8.5 4.5 1 0.40865 0.00583792 
0.5 6.5 4.5 1 0.233547 0.0141794 
0.5 2.5 2 1 -0.146423 -0.196487 
0.5 4.5 2 1 0.0360995 -0.200908 
0.5 4.5 4.5 1 0.05166 0.022844 
0.5 2.5 4.5 1 -0.137411 0.0318508 
