0.257614 -0.0306269 0.274165 0.349866 
-0.241789 -0.172978 -0.27847 0.441521 
-0.513944 -0.0300466 -0.555586 0.337671 
-0.0860336 0.033735 -0.0930197 0.30262 
0.257614 -0.0306269 -0.241789 -0.172978 
-0.241789 -0.172978 -0.513944 -0.0300466 
-0.513944 -0.0300466 -0.0860336 0.033735 
-0.0860336 0.033735 0.257614 -0.0306269 
0.274165 0.349866 0.0583707 0.508868 
0.0583707 0.508868 -0.0930197 0.30262 
-0.27847 0.441521 -0.480405 0.661496 
-0.480405 0.661496 -0.555586 0.337671 
0.0583707 0.508868 -0.480405 0.661496 
0.274165 0.349866 -0.27847 0.441521 
-0.0930197 0.30262 -0.555586 0.337671 
0.0246884 0.0129978 -0.0340435 0.0239977 
-0.0340435 0.0239977 -0.0374232 0.240847 
-0.0374232 0.240847 0.0238121 0.244049 
0.0238121 0.244049 0.0246884 0.0129978 
0.171678 0.115537 0.0927342 0.121085 
0.0927342 0.121085 0.0939625 0.247718 
0.0939625 0.247718 0.175127 0.251962 
0.175127 0.251962 0.171678 0.115537 
