-0.0328987 -0.0535243 -0.0122716 0.198117 
0.371831 -0.11696 0.409191 0.178879 
0.322358 -0.246996 0.384526 0.259844 
-0.288047 -0.11933 -0.266633 0.270247 
-0.0328987 -0.0535243 0.371831 -0.11696 
0.371831 -0.11696 0.322358 -0.246996 
0.322358 -0.246996 -0.288047 -0.11933 
-0.288047 -0.11933 -0.0328987 -0.0535243 
-0.0122716 0.198117 -0.0993076 0.399436 
-0.0993076 0.399436 -0.266633 0.270247 
0.409191 0.178879 0.426923 0.422466 
0.426923 0.422466 0.384526 0.259844 
-0.0993076 0.399436 0.426923 0.422466 
-0.0122716 0.198117 0.409191 0.178879 
-0.266633 0.270247 0.384526 0.259844 
-0.158937 -0.0860311 -0.217236 -0.101067 
-0.217236 -0.101067 -0.200503 0.166657 
-0.200503 0.166657 -0.14219 0.157813 
-0.14219 0.157813 -0.158937 -0.0860311 
-0.060599 0.0395947 -0.101936 0.0371695 
-0.101936 0.0371695 -0.0935722 0.150439 
-0.0935722 0.150439 -0.0524175 0.144198 
-0.0524175 0.144198 -0.060599 0.0395947 
