0.0463003 -0.301112 0.0698416 -0.0382681 
0.484529 -0.422369 0.50588 -0.067325 
0.24139 -0.624053 0.287247 -0.013248 
-0.304435 -0.372047 -0.261693 0.00887132 
0.0463003 -0.301112 0.484529 -0.422369 
0.484529 -0.422369 0.24139 -0.624053 
0.24139 -0.624053 -0.304435 -0.372047 
-0.304435 -0.372047 0.0463003 -0.301112 
0.0698416 -0.0382681 -0.0498623 0.143295 
-0.0498623 0.143295 -0.261693 0.00887132 
0.50588 -0.067325 0.440014 0.183793 
0.440014 0.183793 0.287247 -0.013248 
-0.0498623 0.143295 0.440014 0.183793 
0.0698416 -0.0382681 0.50588 -0.067325 
-0.261693 0.00887132 0.287247 -0.013248 
-0.131809 -0.337134 -0.210939 -0.353138 
-0.210939 -0.353138 -0.182237 -0.0828446 
-0.182237 -0.0828446 -0.106576 -0.0875263 
-0.106576 -0.0875263 -0.131809 -0.337134 
0.00496493 -0.202504 -0.0526706 -0.206588 
-0.0526706 -0.206588 -0.0415458 -0.0915503 
-0.0415458 -0.0915503 0.0149477 -0.095046 
0.0149477 -0.095046 0.00496493 -0.202504 
