0.403939 -0.540674 0.34747 0.00210927 
-0.284766 -0.477116 -0.279544 -0.0622329 
-0.0201119 -0.363779 -0.0289068 -0.0997373 
0.417251 -0.378938 0.383314 -0.0683789 
0.403939 -0.540674 -0.284766 -0.477116 
-0.284766 -0.477116 -0.0201119 -0.363779 
-0.0201119 -0.363779 0.417251 -0.378938 
0.417251 -0.378938 0.403939 -0.540674 
0.34747 0.00210927 0.349508 0.148973 
0.349508 0.148973 0.383314 -0.0683789 
-0.279544 -0.0622329 -0.129991 0.0742919 
-0.129991 0.0742919 -0.0289068 -0.0997373 
0.349508 0.148973 -0.129991 0.0742919 
0.34747 0.00210927 -0.279544 -0.0622329 
0.383314 -0.0683789 -0.0289068 -0.0997373 
0.41361 -0.423176 0.415604 -0.398948 
0.415604 -0.398948 0.38684 -0.134116 
0.38684 -0.134116 0.382068 -0.130616 
0.382068 -0.130616 0.41361 -0.423176 
0.387845 -0.299988 0.393186 -0.28501 
0.393186 -0.28501 0.376234 -0.126338 
0.376234 -0.126338 0.368941 -0.12099 
0.368941 -0.12099 0.387845 -0.299988 
