-0.047668 -0.0424163 -0.0296935 0.209243 
0.353801 -0.100789 0.389895 0.189603 
0.324859 -0.238078 0.385602 0.256898 
-0.28961 -0.119098 -0.27372 0.272986 
-0.047668 -0.0424163 0.353801 -0.100789 
0.353801 -0.100789 0.324859 -0.238078 
0.324859 -0.238078 -0.28961 -0.119098 
-0.28961 -0.119098 -0.047668 -0.0424163 
-0.0296935 0.209243 -0.114101 0.409408 
-0.114101 0.409408 -0.27372 0.272986 
0.389895 0.189603 0.414559 0.426243 
0.414559 0.426243 0.385602 0.256898 
-0.114101 0.409408 0.414559 0.426243 
-0.0296935 0.209243 0.389895 0.189603 
-0.27372 0.272986 0.385602 0.256898 
-0.166826 -0.0801825 -0.222177 -0.0977258 
-0.222177 -0.0977258 -0.208968 0.170746 
-0.208968 0.170746 -0.15308 0.164034 
-0.15308 0.164034 -0.166826 -0.0801825 
-0.0744985 0.0489617 -0.113712 0.0448626 
-0.113712 0.0448626 -0.106649 0.158457 
-0.106649 0.158457 -0.0674611 0.15375 
-0.0674611 0.15375 -0.0744985 0.0489617 
