0.168949 -0.403386 0.165086 -0.107872 
0.658803 -0.535455 0.611312 -0.0641292 
0.0639983 -0.720165 0.0683868 0.0237646 
-0.28197 -0.456314 -0.255423 -0.0728592 
0.168949 -0.403386 0.658803 -0.535455 
0.658803 -0.535455 0.0639983 -0.720165 
0.0639983 -0.720165 -0.28197 -0.456314 
-0.28197 -0.456314 0.168949 -0.403386 
0.165086 -0.107872 -0.0152124 0.0708073 
-0.0152124 0.0708073 -0.255423 -0.0728592 
0.611312 -0.0641292 0.380924 0.234958 
0.380924 0.234958 0.0683868 0.0237646 
-0.0152124 0.0708073 0.380924 0.234958 
0.165086 -0.107872 0.611312 -0.0641292 
-0.255423 -0.0728592 0.0683868 0.0237646 
-0.0720568 -0.431675 -0.170952 -0.443283 
-0.170952 -0.443283 -0.157066 -0.160577 
-0.157066 -0.160577 -0.0637344 -0.164218 
-0.0637344 -0.164218 -0.0720568 -0.431675 
0.0965546 -0.288442 0.0185349 -0.291361 
0.0185349 -0.291361 0.0203825 -0.1675 
0.0203825 -0.1675 0.096585 -0.170473 
0.096585 -0.170473 0.0965546 -0.288442 
