0 0 0 1 -0.606089 -0.489967 
0 0 6.5 1 -0.564358 -0.0728759 
10 0 0 1 -0.124037 -0.39304 
10 0 6.5 1 -0.120635 -0.108967 
10 10 0 1 0.285217 -0.461936 
10 10 6.5 1 0.260362 -0.0706579 
0 10 0 1 -0.202421 -0.683349 
0 10 6.5 1 -0.184803 0.0151085 
0 5 10 1 -0.401948 0.203067 
10 5 10 1 0.0376076 0.0683893 
0 6 0 1 -0.417125 -0.580493 
0 8 0 1 -0.323028 -0.625571 
0 8 5 1 -0.300182 -0.139901 
0 6 5 1 -0.389255 -0.147552 
0 2 2.5 1 -0.537873 -0.330884 
0 4 2.5 1 -0.476699 -0.341899 
0 4 5 1 -0.461936 -0.153795 
0 2 5 1 -0.52237 -0.158986 
0.5 0.5 -0.5 1 -0.561944 -0.523315 
0.5 0.5 6 1 -0.523476 -0.102476 
10.5 0.5 -0.5 1 -0.0932052 -0.415365 
10.5 0.5 6 1 -0.0914334 -0.129544 
10.5 10.5 -0.5 1 0.32923 -0.493145 
10.5 10.5 6 1 0.301129 -0.0985585 
0.5 10.5 -0.5 1 -0.124883 -0.74133 
0.5 10.5 6 1 -0.116808 -0.0324405 
0.5 5.5 9.5 1 -0.353297 0.169167 
10.5 5.5 9.5 1 0.0705491 0.0458149 
0.5 6.5 -0.5 1 -0.357586 -0.625253 
0.5 8.5 -0.5 1 -0.255667 -0.676092 
0.5 8.5 4.5 1 -0.238596 -0.183965 
0.5 6.5 4.5 1 -0.334271 -0.187163 
0.5 2.5 2 1 -0.491133 -0.365505 
0.5 4.5 2 1 -0.425266 -0.379873 
0.5 4.5 4.5 1 -0.41228 -0.189771 
0.5 2.5 4.5 1 -0.477102 -0.191937 
