-0.618737 -0.502934 -0.57248 -0.0776545 
-0.133172 -0.401737 -0.127463 -0.115386 
0.282457 -0.474605 0.260076 -0.0825256 
-0.191373 -0.707663 -0.170667 0.00238052 
-0.618737 -0.502934 -0.133172 -0.401737 
-0.133172 -0.401737 0.282457 -0.474605 
0.282457 -0.474605 -0.191373 -0.707663 
-0.191373 -0.707663 -0.618737 -0.502934 
-0.57248 -0.0776545 -0.399146 0.19905 
-0.399146 0.19905 -0.170667 0.00238052 
-0.127463 -0.115386 0.0353345 0.0604598 
0.0353345 0.0604598 0.260076 -0.0825256 
-0.399146 0.19905 0.0353345 0.0604598 
-0.57248 -0.0776545 -0.127463 -0.115386 
-0.170667 0.00238052 0.260076 -0.0825256 
-0.418201 -0.599001 -0.318656 -0.646688 
-0.318656 -0.646688 -0.292818 -0.15228 
-0.292818 -0.15228 -0.387028 -0.157975 
-0.387028 -0.157975 -0.418201 -0.599001 
-0.54543 -0.341648 -0.480483 -0.354187 
-0.480483 -0.354187 -0.464064 -0.162631 
-0.464064 -0.162631 -0.528229 -0.166509 
-0.528229 -0.166509 -0.54543 -0.341648 
