0 0 0 1 0.359507 -0.674253 
0 0 6.5 1 0.346605 -0.165052 
10 0 0 1 -0.365485 -0.598908 
10 0 6.5 1 -0.321612 -0.142489 
10 10 0 1 -0.160233 -0.434733 
10 10 6.5 1 -0.142921 -0.161644 
0 10 0 1 0.266498 -0.467322 
0 10 6.5 1 0.26351 -0.176158 
0 5 10 1 0.291546 0.0088087 
10 5 10 1 -0.19825 0.0136202 
0 6 0 1 0.29213 -0.52435 
0 8 0 1 0.27811 -0.493157 
0 8 5 1 0.275083 -0.245093 
0 6 5 1 0.288151 -0.250313 
0 2 2.5 1 0.327451 -0.432728 
0 4 2.5 1 0.306669 -0.405655 
0 4 5 1 0.304085 -0.256678 
0 2 5 1 0.323944 -0.264611 
0.5 0.5 -0.5 1 0.313814 -0.694007 
0.5 0.5 6 1 0.30506 -0.199471 
10.5 0.5 -0.5 1 -0.383954 -0.619119 
10.5 0.5 6 1 -0.339984 -0.17448 
10.5 10.5 -0.5 1 -0.175285 -0.450056 
10.5 10.5 6 1 -0.157589 -0.181204 
0.5 10.5 -0.5 1 0.241903 -0.482939 
0.5 10.5 6 1 0.240179 -0.196595 
0.5 5.5 9.5 1 0.262663 -0.0202149 
10.5 5.5 9.5 1 -0.214596 -0.0135716 
0.5 6.5 -0.5 1 0.261938 -0.541744 
0.5 8.5 -0.5 1 0.251001 -0.509641 
0.5 8.5 4.5 1 0.249163 -0.266129 
0.5 6.5 4.5 1 0.259426 -0.273259 
0.5 2.5 2 1 0.289657 -0.456605 
0.5 4.5 2 1 0.273565 -0.427627 
0.5 4.5 4.5 1 0.271881 -0.281913 
0.5 2.5 4.5 1 0.287318 -0.292638 
