0 0 0 1 0.288275 -0.425838 
0 0 6.5 1 0.256735 -0.0808256 
10 0 0 1 0.572676 -0.698956 
10 0 6.5 1 0.478187 0.0133547 
10 10 0 1 -0.530547 -0.738314 
10 10 6.5 1 -0.500739 -0.0358843 
0 10 0 1 -0.240389 -0.44777 
0 10 6.5 1 -0.241609 -0.105042 
0 5 10 1 -0.00170821 0.076401 
10 5 10 1 -0.0302029 0.307431 
0 6 0 1 -0.0303052 -0.439054 
0 8 0 1 -0.135575 -0.443421 
0 8 5 1 -0.141174 -0.175925 
0 6 5 1 -0.0405901 -0.171195 
0 2 2.5 1 0.171502 -0.292906 
0 4 2.5 1 0.0677478 -0.297504 
0 4 5 1 0.0604128 -0.166445 
0 2 5 1 0.161838 -0.161675 
0.5 0.5 -0.5 1 0.270355 -0.462722 
0.5 0.5 6 1 0.238946 -0.105384 
10.5 0.5 -0.5 1 0.553047 -0.797713 
10.5 0.5 6 1 0.455262 -0.0309471 
10.5 10.5 -0.5 1 -0.62289 -0.837313 
10.5 10.5 6 1 -0.580492 -0.0821309 
0.5 10.5 -0.5 1 -0.27445 -0.48492 
0.5 10.5 6 1 -0.273717 -0.130048 
0.5 5.5 9.5 1 -0.0261921 0.0571803 
10.5 5.5 9.5 1 -0.0797961 0.282592 
0.5 6.5 -0.5 1 -0.0579959 -0.476101 
0.5 8.5 -0.5 1 -0.166465 -0.48052 
0.5 8.5 4.5 1 -0.17082 -0.203422 
0.5 6.5 4.5 1 -0.0673195 -0.19861 
0.5 2.5 2 1 0.150487 -0.324794 
0.5 4.5 2 1 0.0436255 -0.329462 
0.5 4.5 4.5 1 0.0366254 -0.193778 
0.5 2.5 4.5 1 0.141018 -0.188926 
