0.0162031 -0.174934 0.0416902 0.0787366 
0.436475 -0.265512 0.469577 0.0569978 
0.28545 -0.413295 0.34198 0.141167 
-0.292664 -0.231326 -0.255256 0.146747 
0.0162031 -0.174934 0.436475 -0.265512 
0.436475 -0.265512 0.28545 -0.413295 
0.28545 -0.413295 -0.292664 -0.231326 
-0.292664 -0.231326 0.0162031 -0.174934 
0.0416902 0.0787366 -0.0611612 0.269916 
-0.0611612 0.269916 -0.255256 0.146747 
0.469577 0.0569978 0.445229 0.308223 
0.445229 0.308223 0.34198 0.141167 
-0.0611612 0.269916 0.445229 0.308223 
0.0416902 0.0787366 0.469577 0.0569978 
-0.255256 0.146747 0.34198 0.141167 
-0.138752 -0.203226 -0.208841 -0.216022 
-0.208841 -0.216022 -0.182537 0.0487204 
-0.182537 0.0487204 -0.11452 0.0398169 
-0.11452 0.0398169 -0.138752 -0.203226 
-0.0177155 -0.0786863 -0.0680529 -0.0801154 
-0.0680529 -0.0801154 -0.056815 0.0322634 
-0.056815 0.0322634 -0.00724293 0.0257743 
-0.00724293 0.0257743 -0.0177155 -0.0786863 
