0 0 0 1 0.0267854 -0.220403 
0 0 6.5 1 0.0520571 0.035671 
10 0 0 1 0.452615 -0.321268 
10 0 6.5 1 0.482307 0.0112664 
10 10 0 1 0.270339 -0.486692 
10 10 6.5 1 0.323436 0.0849202 
0 10 0 1 -0.296835 -0.281629 
0 10 6.5 1 -0.256966 0.0961057 
0 5 10 1 -0.0563877 0.222799 
10 5 10 1 0.443975 0.26168 
0 6 0 1 -0.136272 -0.251252 
0 8 0 1 -0.209561 -0.265118 
0 8 5 1 -0.181997 0.000690689 
0 6 5 1 -0.111293 -0.00670101 
0 2 2.5 1 -0.00952856 -0.12361 
0 4 2.5 1 -0.0624131 -0.125945 
0 4 5 1 -0.0510258 -0.0130015 
0 2 5 1 0.000955492 -0.0184358 
0.5 0.5 -0.5 1 0.030381 -0.246912 
0.5 0.5 6 1 0.0563575 0.0166612 
10.5 0.5 -0.5 1 0.473412 -0.359784 
10.5 0.5 6 1 0.504063 -0.0144919 
10.5 10.5 -0.5 1 0.29496 -0.565929 
10.5 10.5 6 1 0.351239 0.0444496 
0.5 10.5 -0.5 1 -0.305438 -0.323978 
0.5 10.5 6 1 -0.263788 0.0703061 
0.5 5.5 9.5 1 -0.0549695 0.20652 
10.5 5.5 9.5 1 0.469757 0.240913 
0.5 6.5 -0.5 1 -0.13766 -0.285475 
0.5 8.5 -0.5 1 -0.213955 -0.302984 
0.5 8.5 4.5 1 -0.185288 -0.0265623 
0.5 6.5 4.5 1 -0.111777 -0.0319691 
0.5 2.5 2 1 -0.00680609 -0.148954 
0.5 4.5 2 1 -0.0612384 -0.153304 
0.5 4.5 4.5 1 -0.0494769 -0.0365514 
0.5 2.5 4.5 1 0.00399418 -0.0404842 
