-0.490789 -0.33776 -0.473882 0.295061 
-0.25291 -0.117664 -0.235573 0.204461 
0.233276 -0.156359 0.26872 0.162625 
0.452518 -0.410493 0.540064 0.210199 
-0.490789 -0.33776 -0.25291 -0.117664 
-0.25291 -0.117664 0.233276 -0.156359 
0.233276 -0.156359 0.452518 -0.410493 
0.452518 -0.410493 -0.490789 -0.33776 
-0.473882 0.295061 0.0675207 0.630705 
0.0675207 0.630705 0.540064 0.210199 
-0.235573 0.204461 0.0323113 0.366262 
0.0323113 0.366262 0.26872 0.162625 
0.0675207 0.630705 0.0323113 0.366262 
-0.473882 0.295061 -0.235573 0.204461 
0.540064 0.210199 0.26872 0.162625 
0.077423 -0.381571 0.265339 -0.39606 
0.265339 -0.39606 0.321025 0.0750589 
0.321025 0.0750589 0.122514 0.091354 
0.122514 0.091354 0.077423 -0.381571 
-0.289146 -0.120766 -0.0945074 -0.136245 
-0.0945074 -0.136245 -0.0768253 0.107717 
-0.0768253 0.107717 -0.276997 0.124149 
-0.276997 0.124149 -0.289146 -0.120766 
