0 0 0 1 0.28014 -0.303769 
0 0 6.5 1 0.245175 0.0167606 
10 0 0 1 0.621389 -0.548908 
10 0 6.5 1 0.543418 0.0832422 
10 10 0 1 -0.381047 -0.690327 
10 10 6.5 1 -0.433981 -0.0063959 
0 10 0 1 -0.220749 -0.363381 
0 10 6.5 1 -0.249377 -0.0300474 
0 5 10 1 -0.014393 0.165737 
10 5 10 1 0.03821 0.377917 
0 6 0 1 -0.0159308 -0.339005 
0 8 0 1 -0.117574 -0.351102 
0 8 5 1 -0.140715 -0.0958322 
0 6 5 1 -0.0400799 -0.0857491 
0 2 2.5 1 0.169783 -0.189965 
0 4 2.5 1 0.0715785 -0.200723 
0 4 5 1 0.0590884 -0.075813 
0 2 5 1 0.156822 -0.0660206 
0.5 0.5 -0.5 1 0.266995 -0.338832 
0.5 0.5 6 1 0.231249 -0.00878234 
10.5 0.5 -0.5 1 0.614416 -0.634467 
10.5 0.5 6 1 0.532274 0.0357984 
10.5 10.5 -0.5 1 -0.451466 -0.791794 
10.5 10.5 6 1 -0.50531 -0.0630532 
0.5 10.5 -0.5 1 -0.249221 -0.401567 
0.5 10.5 6 1 -0.278236 -0.0579287 
0.5 5.5 9.5 1 -0.0358196 0.144151 
10.5 5.5 9.5 1 -0.00215515 0.346385 
0.5 6.5 -0.5 1 -0.0380013 -0.375898 
0.5 8.5 -0.5 1 -0.142798 -0.388634 
0.5 8.5 4.5 1 -0.166307 -0.12551 
0.5 6.5 4.5 1 -0.0625823 -0.114913 
0.5 2.5 2 1 0.15347 -0.221837 
0.5 4.5 2 1 0.0523206 -0.233144 
0.5 4.5 4.5 1 0.0395876 -0.104474 
0.5 2.5 4.5 1 0.140238 -0.0941908 
