0.179643 -0.400093 0.132704 0.23849 
-0.231991 -0.213758 -0.272342 0.144244 
0.150338 -0.108248 0.130309 0.161427 
0.595868 -0.174782 0.583363 0.228261 
0.179643 -0.400093 -0.231991 -0.213758 
-0.231991 -0.213758 0.150338 -0.108248 
0.150338 -0.108248 0.595868 -0.174782 
0.595868 -0.174782 0.179643 -0.400093 
0.132704 0.23849 0.397826 0.51883 
0.397826 0.51883 0.583363 0.228261 
-0.272342 0.144244 -0.0573931 0.327537 
-0.0573931 0.327537 0.130309 0.161427 
0.397826 0.51883 -0.0573931 0.327537 
0.132704 0.23849 -0.272342 0.144244 
0.583363 0.228261 0.130309 0.161427 
0.472517 -0.241555 0.539096 -0.205514 
0.539096 -0.205514 0.526928 0.125934 
0.526928 0.125934 0.456894 0.118257 
0.456894 0.118257 0.472517 -0.241555 
0.284636 -0.123761 0.38342 -0.0914352 
0.38342 -0.0914352 0.373102 0.109072 
0.373102 0.109072 0.271056 0.0978862 
0.271056 0.0978862 0.284636 -0.123761 
