0.257346 -0.0745157 0.252803 0.292272 
-0.134075 -0.284032 -0.186666 0.35735 
-0.556766 -0.144389 -0.617865 0.255215 
-0.129768 -0.0315718 -0.150965 0.241001 
0.257346 -0.0745157 -0.134075 -0.284032 
-0.134075 -0.284032 -0.556766 -0.144389 
-0.556766 -0.144389 -0.129768 -0.0315718 
-0.129768 -0.0315718 0.257346 -0.0745157 
0.252803 0.292272 0.0113448 0.445312 
0.0113448 0.445312 -0.150965 0.241001 
-0.186666 0.35735 -0.492786 0.595598 
-0.492786 0.595598 -0.617865 0.255215 
0.0113448 0.445312 -0.492786 0.595598 
0.252803 0.292272 -0.186666 0.35735 
-0.150965 0.241001 -0.617865 0.255215 
-0.000810528 -0.0458775 -0.0686929 -0.0383471 
-0.0686929 -0.0383471 -0.08345 0.180224 
-0.08345 0.180224 -0.0137646 0.185056 
-0.0137646 0.185056 -0.000810528 -0.0458775 
0.156827 0.063604 0.0698941 0.0656017 
0.0698941 0.0656017 0.0644881 0.190483 
0.0644881 0.190483 0.152991 0.19662 
0.152991 0.19662 0.156827 0.063604 
