0.294721 -0.531659 0.235317 0.0815596 
-0.223157 -0.353087 -0.261161 0.0138471 
0.125216 -0.219713 0.0993486 0.0422765 
0.575101 -0.273167 0.541018 0.094155 
0.294721 -0.531659 -0.223157 -0.353087 
-0.223157 -0.353087 0.125216 -0.219713 
0.125216 -0.219713 0.575101 -0.273167 
0.575101 -0.273167 0.294721 -0.531659 
0.235317 0.0815596 0.403192 0.339185 
0.403192 0.339185 0.541018 0.094155 
-0.261161 0.0138471 -0.0673605 0.196094 
-0.0673605 0.196094 0.0993486 0.0422765 
0.403192 0.339185 -0.0673605 0.196094 
0.235317 0.0815596 -0.261161 0.0138471 
0.541018 0.094155 0.0993486 0.0422765 
0.495097 -0.346925 0.538588 -0.306829 
0.538588 -0.306829 0.509956 -1.61928e-05 
0.509956 -1.61928e-05 0.463522 -0.0108449 
0.463522 -0.0108449 0.495097 -0.346925 
0.357481 -0.248453 0.424866 -0.210194 
0.424866 -0.210194 0.407227 -0.023973 
0.407227 -0.023973 0.33756 -0.0402197 
0.33756 -0.0402197 0.357481 -0.248453 
