0 0 0 1 0.274644 -0.218695 
0 0 6.5 1 0.249929 0.131238 
10 0 0 1 0.0484396 -0.529521 
10 0 6.5 1 -0.0122953 0.132572 
10 10 0 1 -0.572417 -0.387409 
10 10 6.5 1 -0.635993 0.0578037 
0 10 0 1 -0.158221 -0.192773 
0 10 6.5 1 -0.187794 0.0855276 
0 5 10 1 -0.00982527 0.279374 
10 5 10 1 -0.42458 0.394645 
0 6 0 1 -0.00787569 -0.201777 
0 8 0 1 -0.0862093 -0.197086 
0 8 5 1 -0.108484 0.024901 
0 6 5 1 -0.0296451 0.0300513 
0 2 2.5 1 0.161447 -0.0866468 
0 4 2.5 1 0.0672194 -0.0868125 
0 4 5 1 0.0565788 0.0356839 
0 2 5 1 0.151276 0.04187 
0.5 0.5 -0.5 1 0.243124 -0.251735 
0.5 0.5 6 1 0.217261 0.100416 
10.5 0.5 -0.5 1 -0.015482 -0.597767 
10.5 0.5 6 1 -0.0809626 0.0722206 
10.5 10.5 -0.5 1 -0.62247 -0.431715 
10.5 10.5 6 1 -0.688688 0.0170638 
0.5 10.5 -0.5 1 -0.186388 -0.218918 
0.5 10.5 6 1 -0.216826 0.0607839 
0.5 5.5 9.5 1 -0.0412309 0.252952 
10.5 5.5 9.5 1 -0.486575 0.349237 
0.5 6.5 -0.5 1 -0.0373808 -0.230303 
0.5 8.5 -0.5 1 -0.11504 -0.224369 
0.5 8.5 4.5 1 -0.138015 -0.00122643 
0.5 6.5 4.5 1 -0.0598906 0.00278606 
0.5 2.5 2 1 0.130178 -0.117292 
0.5 4.5 2 1 0.0366482 -0.116026 
0.5 4.5 4.5 1 0.0256111 0.00717746 
0.5 2.5 4.5 1 0.119587 0.0120041 
