-0.0670503 -0.0365809 -0.0530867 0.214927 
0.330557 -0.0880447 0.363911 0.19566 
0.325554 -0.236291 0.382847 0.243 
-0.291958 -0.129497 -0.283584 0.264558 
-0.0670503 -0.0365809 0.330557 -0.0880447 
0.330557 -0.0880447 0.325554 -0.236291 
0.325554 -0.236291 -0.291958 -0.129497 
-0.291958 -0.129497 -0.0670503 -0.0365809 
-0.0530867 0.214927 -0.134596 0.411809 
-0.134596 0.411809 -0.283584 0.264558 
0.363911 0.19566 0.395557 0.421877 
0.395557 0.421877 0.382847 0.243 
-0.134596 0.411809 0.395557 0.421877 
-0.0530867 0.214927 0.363911 0.19566 
-0.283584 0.264558 0.382847 0.243 
-0.177467 -0.0821975 -0.22899 -0.103483 
-0.22899 -0.103483 -0.220671 0.165358 
-0.220671 0.165358 -0.167984 0.162093 
-0.167984 0.162093 -0.177467 -0.0821975 
-0.0930272 0.0522168 -0.129541 0.0455647 
-0.129541 0.0455647 -0.12438 0.15939 
-0.12438 0.15939 -0.0876949 0.157116 
-0.0876949 0.157116 -0.0930272 0.0522168 
