0 0 0 1 -0.656072 -0.546891 
0 0 6.5 1 -0.596623 -0.0953791 
10 0 0 1 -0.160539 -0.427588 
10 0 6.5 1 -0.147914 -0.134337 
10 10 0 1 0.273282 -0.513773 
10 10 6.5 1 0.258898 -0.119561 
0 10 0 1 -0.154349 -0.792142 
0 10 6.5 1 -0.125056 -0.0460794 
0 5 10 1 -0.389147 0.182391 
10 5 10 1 0.0286514 0.0364796 
0 6 0 1 -0.418555 -0.662994 
0 8 0 1 -0.302032 -0.719952 
0 8 5 1 -0.2678 -0.198421 
0 6 5 1 -0.378019 -0.196643 
0 2 2.5 1 -0.56694 -0.379508 
0 4 2.5 1 -0.48995 -0.397798 
0 4 5 1 -0.468784 -0.195179 
0 2 5 1 -0.544828 -0.193952 
0.5 0.5 -0.5 1 -0.60761 -0.582777 
0.5 0.5 6 1 -0.552151 -0.128632 
10.5 0.5 -0.5 1 -0.129521 -0.450778 
10.5 0.5 6 1 -0.118581 -0.156398 
10.5 10.5 -0.5 1 0.314826 -0.544979 
10.5 10.5 6 1 0.297475 -0.148758 
0.5 10.5 -0.5 1 -0.0741175 -0.851703 
0.5 10.5 6 1 -0.0552013 -0.0987245 
0.5 5.5 9.5 1 -0.337593 0.143516 
10.5 5.5 9.5 1 0.0609064 0.0120771 
0.5 6.5 -0.5 1 -0.35499 -0.710119 
0.5 8.5 -0.5 1 -0.2311 -0.77257 
0.5 8.5 4.5 1 -0.203376 -0.246728 
0.5 6.5 4.5 1 -0.319731 -0.24028 
0.5 2.5 2 1 -0.516211 -0.417246 
0.5 4.5 2 1 -0.434635 -0.438979 
0.5 4.5 4.5 1 -0.415565 -0.234969 
0.5 2.5 4.5 1 -0.495868 -0.230519 
