-0.676436 -0.391304 -0.603857 0.157779 
-0.247323 -0.252401 -0.214386 0.0503693 
0.233541 -0.330141 0.261674 0.0170293 
0.191381 -0.593924 0.250143 0.120992 
-0.676436 -0.391304 -0.247323 -0.252401 
-0.247323 -0.252401 0.233541 -0.330141 
0.233541 -0.330141 0.191381 -0.593924 
0.191381 -0.593924 -0.676436 -0.391304 
-0.603857 0.157779 -0.195542 0.458507 
-0.195542 0.458507 0.250143 0.120992 
-0.214386 0.0503693 0.0241265 0.204091 
0.0241265 0.204091 0.261674 0.0170293 
-0.195542 0.458507 0.0241265 0.204091 
-0.603857 0.157779 -0.214386 0.0503693 
0.250143 0.120992 0.261674 0.0170293 
-0.211406 -0.499881 -0.0213846 -0.544247 
-0.0213846 -0.544247 0.0279744 -0.0210745 
0.0279744 -0.0210745 -0.159331 -0.00512648 
-0.159331 -0.00512648 -0.211406 -0.499881 
-0.508366 -0.198023 -0.354777 -0.222244 
-0.354777 -0.222244 -0.328132 0.00924604 
-0.328132 0.00924604 -0.481042 0.0222655 
-0.481042 0.0222655 -0.508366 -0.198023 
