0.404124 -0.549931 0.348881 -0.00789033 
-0.287703 -0.485005 -0.280794 -0.0680694 
-0.0253368 -0.369806 -0.0331113 -0.105225 
0.411829 -0.385986 0.378912 -0.076068 
0.404124 -0.549931 -0.287703 -0.485005 
-0.287703 -0.485005 -0.0253368 -0.369806 
-0.0253368 -0.369806 0.411829 -0.385986 
0.411829 -0.385986 0.404124 -0.549931 
0.348881 -0.00789033 0.347836 0.139883 
0.347836 0.139883 0.378912 -0.076068 
-0.280794 -0.0680694 -0.132273 0.0689399 
-0.132273 0.0689399 -0.0331113 -0.105225 
0.347836 0.139883 -0.132273 0.0689399 
0.348881 -0.00789033 -0.280794 -0.0680694 
0.378912 -0.076068 -0.0331113 -0.105225 
0.409722 -0.430814 0.410876 -0.406261 
0.410876 -0.406261 0.382944 -0.141918 
0.382944 -0.141918 0.379053 -0.13876 
0.379053 -0.13876 0.409722 -0.430814 
0.386791 -0.308759 0.390801 -0.293272 
0.390801 -0.293272 0.374296 -0.134899 
0.374296 -0.134899 0.368349 -0.130072 
0.368349 -0.130072 0.386791 -0.308759 
