0.355966 -0.667953 0.345235 -0.162312 
-0.367977 -0.594139 -0.322956 -0.13757 
-0.165937 -0.430453 -0.147681 -0.157598 
0.259829 -0.463055 0.25819 -0.173382 
0.355966 -0.667953 -0.367977 -0.594139 
-0.367977 -0.594139 -0.165937 -0.430453 
-0.165937 -0.430453 0.259829 -0.463055 
0.259829 -0.463055 0.355966 -0.667953 
0.345235 -0.162312 0.288524 0.0108541 
0.288524 0.0108541 0.25819 -0.173382 
-0.322956 -0.13757 -0.201109 0.0181257 
-0.201109 0.0181257 -0.147681 -0.157598 
0.288524 0.0108541 -0.201109 0.0181257 
0.345235 -0.162312 -0.322956 -0.13757 
0.25819 -0.173382 -0.147681 -0.157598 
0.28636 -0.519601 0.271852 -0.48868 
0.271852 -0.48868 0.269961 -0.242 
0.269961 -0.242 0.28362 -0.247178 
0.28362 -0.247178 0.28636 -0.519601 
0.323777 -0.428434 0.302189 -0.40161 
0.302189 -0.40161 0.300266 -0.253489 
0.300266 -0.253489 0.321004 -0.261351 
0.321004 -0.261351 0.323777 -0.428434 
