0.0376379 -0.267162 0.0621353 -0.0075948 
0.47013 -0.379491 0.495439 -0.034867 
0.254049 -0.565427 0.303191 0.0271962 
-0.301333 -0.33407 -0.25959 0.0449602 
0.0376379 -0.267162 0.47013 -0.379491 
0.47013 -0.379491 0.254049 -0.565427 
0.254049 -0.565427 -0.301333 -0.33407 
-0.301333 -0.33407 0.0376379 -0.267162 
0.0621353 -0.0075948 -0.0525328 0.176018 
-0.0525328 0.176018 -0.25959 0.0449602 
0.495439 -0.034867 0.44185 0.215417 
0.44185 0.215417 0.303191 0.0271962 
-0.0525328 0.176018 0.44185 0.215417 
0.0621353 -0.0075948 0.495439 -0.034867 
-0.25959 0.0449602 0.303191 0.0271962 
-0.133909 -0.301023 -0.210513 -0.316144 
-0.210513 -0.316144 -0.182126 -0.0481405 
-0.182126 -0.0481405 -0.108616 -0.0539263 
-0.108616 -0.0539263 -0.133909 -0.301023 
-0.00141976 -0.169502 -0.0569811 -0.172863 
-0.0569811 -0.172863 -0.0456607 -0.0588814 
-0.0456607 -0.0588814 0.00886035 -0.0631727 
0.00886035 -0.0631727 -0.00141976 -0.169502 
