-0.690499 -0.432091 -0.614095 0.10963 
-0.24598 -0.286228 -0.212981 0.0159924 
0.233118 -0.368388 0.258739 -0.016179 
0.154706 -0.652024 0.210632 0.0745744 
-0.690499 -0.432091 -0.24598 -0.286228 
-0.24598 -0.286228 0.233118 -0.368388 
0.233118 -0.368388 0.154706 -0.652024 
0.154706 -0.652024 -0.690499 -0.432091 
-0.614095 0.10963 -0.223278 0.405751 
-0.223278 0.405751 0.210632 0.0745744 
-0.212981 0.0159924 0.0211503 0.169769 
0.0211503 0.169769 0.258739 -0.016179 
-0.223278 0.405751 0.0211503 0.169769 
-0.614095 0.10963 -0.212981 0.0159924 
0.210632 0.0745744 0.258739 -0.016179 
-0.243717 -0.548349 -0.0571068 -0.596907 
-0.0571068 -0.596907 -0.00797035 -0.0675936 
-0.00797035 -0.0675936 -0.190561 -0.0511516 
-0.190561 -0.0511516 -0.243717 -0.548349 
-0.527924 -0.241328 -0.380869 -0.266737 
-0.380869 -0.266737 -0.353356 -0.0364921 
-0.353356 -0.0364921 -0.499409 -0.0233402 
-0.499409 -0.0233402 -0.527924 -0.241328 
