0 0 0 1 0.285151 -0.309112 
0 0 6.5 1 0.323091 0.0990397 
10 0 0 1 -0.377618 -0.277829 
10 0 6.5 1 -0.328038 0.184343 
10 10 0 1 -0.300898 -0.164005 
10 10 6.5 1 -0.272143 0.107561 
0 10 0 1 0.10231 -0.191623 
0 10 6.5 1 0.126784 0.0603488 
0 5 10 1 0.217696 0.241192 
10 5 10 1 -0.273484 0.318157 
0 6 0 1 0.155589 -0.225858 
0 8 0 1 0.126738 -0.20732 
0 8 5 1 0.147035 0.00285221 
0 6 5 1 0.177571 0.0033331 
0 2 2.5 1 0.245633 -0.134885 
0 4 2.5 1 0.202198 -0.121746 
0 4 5 1 0.214151 0.00390918 
0 2 5 1 0.258767 0.00461181 
0.5 0.5 -0.5 1 0.239296 -0.329388 
0.5 0.5 6 1 0.276731 0.0692786 
10.5 0.5 -0.5 1 -0.411582 -0.301602 
10.5 0.5 6 1 -0.362999 0.148446 
10.5 10.5 -0.5 1 -0.322275 -0.179931 
10.5 10.5 6 1 -0.293855 0.0874043 
0.5 10.5 -0.5 1 0.0764807 -0.205991 
0.5 10.5 6 1 0.100731 0.0423335 
0.5 5.5 9.5 1 0.184087 0.215813 
10.5 5.5 9.5 1 -0.300567 0.288802 
0.5 6.5 -0.5 1 0.124234 -0.242182 
0.5 8.5 -0.5 1 0.0984074 -0.222609 
0.5 8.5 4.5 1 0.118505 -0.0157317 
0.5 6.5 4.5 1 0.145985 -0.0169037 
0.5 2.5 2 1 0.205697 -0.156613 
0.5 4.5 2 1 0.166982 -0.14161 
0.5 4.5 4.5 1 0.1788 -0.0183032 
0.5 2.5 4.5 1 0.218671 -0.0200037 
