0.37645 -0.68752 0.352677 -0.163452 
-0.350536 -0.606552 -0.313337 -0.153447 
-0.130585 -0.445155 -0.118392 -0.171805 
0.300336 -0.476895 0.290406 -0.179223 
0.37645 -0.68752 -0.350536 -0.606552 
-0.350536 -0.606552 -0.130585 -0.445155 
-0.130585 -0.445155 0.300336 -0.476895 
0.300336 -0.476895 0.37645 -0.68752 
0.352677 -0.163452 0.306549 0.0105686 
0.306549 0.0105686 0.290406 -0.179223 
-0.313337 -0.153447 -0.183235 0.00210359 
-0.183235 0.00210359 -0.118392 -0.171805 
0.306549 0.0105686 -0.183235 0.00210359 
0.352677 -0.163452 -0.313337 -0.153447 
0.290406 -0.179223 -0.118392 -0.171805 
0.321196 -0.534619 0.309775 -0.503016 
0.309775 -0.503016 0.30091 -0.248957 
0.30091 -0.248957 0.310874 -0.25365 
0.310874 -0.25365 0.321196 -0.534619 
0.345452 -0.439016 0.328994 -0.412007 
0.328994 -0.412007 0.323044 -0.259383 
0.323044 -0.259383 0.338246 -0.266542 
0.338246 -0.266542 0.345452 -0.439016 
