0 0 0 1 0.265834 -0.404578 
0 0 6.5 1 0.233295 -0.0864687 
10 0 0 1 0.72087 -0.618938 
10 0 6.5 1 0.625899 -0.0248093 
10 10 0 1 -0.223468 -0.838886 
10 10 6.5 1 -0.249268 -0.065699 
0 10 0 1 -0.236951 -0.477795 
0 10 6.5 1 -0.248998 -0.114645 
0 5 10 1 -0.0049639 0.0702617 
10 5 10 1 0.206716 0.272097 
0 6 0 1 -0.0201637 -0.446226 
0 8 0 1 -0.125666 -0.461589 
0 8 5 1 -0.138949 -0.186895 
0 6 5 1 -0.036949 -0.178967 
0 2 2.5 1 0.163635 -0.288776 
0 4 2.5 1 0.0698527 -0.299184 
0 4 5 1 0.0600688 -0.171425 
0 2 5 1 0.152461 -0.164244 
0.5 0.5 -0.5 1 0.258162 -0.440246 
0.5 0.5 6 1 0.224908 -0.110169 
10.5 0.5 -0.5 1 0.736125 -0.702446 
10.5 0.5 6 1 0.634109 -0.0652406 
10.5 10.5 -0.5 1 -0.285928 -0.968305 
10.5 10.5 6 1 -0.307019 -0.120847 
0.5 10.5 -0.5 1 -0.265309 -0.521393 
0.5 10.5 6 1 -0.276355 -0.142589 
0.5 5.5 9.5 1 -0.0217054 0.0509874 
10.5 5.5 9.5 1 0.188254 0.248119 
0.5 6.5 -0.5 1 -0.0390008 -0.486311 
0.5 8.5 -0.5 1 -0.149023 -0.503366 
0.5 8.5 4.5 1 -0.161886 -0.217051 
0.5 6.5 4.5 1 -0.0556726 -0.20806 
0.5 2.5 2 1 0.1524 -0.320711 
0.5 4.5 2 1 0.0550241 -0.332308 
0.5 4.5 4.5 1 0.0451739 -0.199523 
0.5 2.5 4.5 1 0.14105 -0.191406 
