0.189557 -0.413288 0.141755 0.222237 
-0.23086 -0.225996 -0.271246 0.13214 
0.148607 -0.117764 0.127936 0.150944 
0.594539 -0.183809 0.580018 0.215711 
0.189557 -0.413288 -0.23086 -0.225996 
-0.23086 -0.225996 0.148607 -0.117764 
0.148607 -0.117764 0.594539 -0.183809 
0.594539 -0.183809 0.189557 -0.413288 
0.141755 0.222237 0.398579 0.501346 
0.398579 0.501346 0.580018 0.215711 
-0.271246 0.13214 -0.0581219 0.315548 
-0.0581219 0.315548 0.127936 0.150944 
0.398579 0.501346 -0.0581219 0.315548 
0.141755 0.222237 -0.271246 0.13214 
0.580018 0.215711 0.127936 0.150944 
0.474888 -0.251608 0.539508 -0.214991 
0.539508 -0.214991 0.525847 0.113963 
0.525847 0.113963 0.457858 0.105744 
0.457858 0.105744 0.474888 -0.251608 
0.291192 -0.136337 0.387368 -0.10315 
0.387368 -0.10315 0.376419 0.0958995 
0.376419 0.0958995 0.2771 0.0838936 
0.2771 0.0838936 0.291192 -0.136337 
