0 0 0 1 0.257414 -0.244031 
0 0 6.5 1 0.300624 0.133483 
10 0 0 1 -0.352427 -0.304478 
10 0 6.5 1 -0.333878 0.195054 
10 10 0 1 -0.392141 -0.116107 
10 10 6.5 1 -0.382881 0.179905 
0 10 0 1 0.0149996 -0.105918 
0 10 6.5 1 0.0354134 0.142534 
0 5 10 1 0.155784 0.309908 
10 5 10 1 -0.357733 0.400461 
0 6 0 1 0.0888679 -0.148004 
0 8 0 1 0.0492169 -0.125413 
0 8 5 1 0.0668575 0.0781599 
0 6 5 1 0.109042 0.0715555 
0 2 2.5 1 0.204136 -0.0778615 
0 4 2.5 1 0.146868 -0.0571209 
0 4 5 1 0.158723 0.0637775 
0 2 5 1 0.218091 0.0544828 
0.5 0.5 -0.5 1 0.213366 -0.263198 
0.5 0.5 6 1 0.253714 0.106555 
10.5 0.5 -0.5 1 -0.396147 -0.328145 
10.5 0.5 6 1 -0.380779 0.15788 
10.5 10.5 -0.5 1 -0.417798 -0.132846 
10.5 10.5 6 1 -0.409606 0.158389 
0.5 10.5 -0.5 1 -0.0113494 -0.120178 
0.5 10.5 6 1 0.00801382 0.124898 
0.5 5.5 9.5 1 0.120154 0.28566 
10.5 5.5 9.5 1 -0.392783 0.368593 
0.5 6.5 -0.5 1 0.0574099 -0.16394 
0.5 8.5 -0.5 1 0.0205324 -0.140469 
0.5 8.5 4.5 1 0.0372275 0.0601563 
0.5 6.5 4.5 1 0.0764528 0.0521929 
0.5 2.5 2 1 0.164394 -0.0981815 
0.5 4.5 2 1 0.11139 -0.0759913 
0.5 4.5 4.5 1 0.122544 0.0428356 
0.5 2.5 4.5 1 0.177478 0.0316831 
