-0.278225 -0.0732771 -0.309616 0.200273 
0.117118 -0.0286981 0.100444 0.224993 
0.313464 -0.108465 0.296262 0.300117 
-0.323013 -0.194162 -0.379501 0.268535 
-0.278225 -0.0732771 0.117118 -0.0286981 
0.117118 -0.0286981 0.313464 -0.108465 
0.313464 -0.108465 -0.323013 -0.194162 
-0.323013 -0.194162 -0.278225 -0.0732771 
-0.309616 0.200273 -0.358542 0.422936 
-0.358542 0.422936 -0.379501 0.268535 
0.100444 0.224993 0.164869 0.432329 
0.164869 0.432329 0.296262 0.300117 
-0.358542 0.422936 0.164869 0.432329 
-0.309616 0.200273 0.100444 0.224993 
-0.379501 0.268535 0.296262 0.300117 
-0.299366 -0.130337 -0.309778 -0.15844 
-0.309778 -0.15844 -0.346834 0.150626 
-0.346834 0.150626 -0.331979 0.145601 
-0.331979 0.145601 -0.299366 -0.130337 
-0.296996 0.0230912 -0.305297 0.0150712 
-0.305297 0.0150712 -0.320075 0.141575 
-0.320075 0.141575 -0.310322 0.138276 
-0.310322 0.138276 -0.296996 0.0230912 
