0 0 0 1 0.398352 -0.490364 
0 0 6.5 1 0.333974 0.0634204 
10 0 0 1 -0.264299 -0.429732 
10 0 6.5 1 -0.271958 -0.0282241 
10 10 0 1 0.0190731 -0.322048 
10 10 6.5 1 0.00287077 -0.0610052 
0 10 0 1 0.458858 -0.332033 
0 10 6.5 1 0.41814 -0.014228 
0 5 10 1 0.362494 0.21244 
10 5 10 1 -0.113592 0.110292 
0 6 0 1 0.442264 -0.375456 
0 8 0 1 0.451348 -0.351685 
0 8 5 1 0.4171 -0.0812011 
0 6 5 1 0.404993 -0.0768324 
0 2 2.5 1 0.393629 -0.247949 
0 4 2.5 1 0.410103 -0.233905 
0 4 5 1 0.390192 -0.0714918 
0 2 5 1 0.371685 -0.0648141 
0.5 0.5 -0.5 1 0.364453 -0.517151 
0.5 0.5 6 1 0.305609 0.0137591 
10.5 0.5 -0.5 1 -0.265402 -0.45129 
10.5 0.5 6 1 -0.272742 -0.0619401 
10.5 10.5 -0.5 1 0.0117788 -0.338666 
10.5 10.5 6 1 -0.0037818 -0.0828055 
0.5 10.5 -0.5 1 0.437515 -0.352025 
0.5 10.5 6 1 0.398888 -0.041864 
0.5 5.5 9.5 1 0.340962 0.171499 
10.5 5.5 9.5 1 -0.118337 0.0803212 
0.5 6.5 -0.5 1 0.417165 -0.398018 
0.5 8.5 -0.5 1 0.428275 -0.372908 
0.5 8.5 4.5 1 0.395952 -0.109616 
0.5 6.5 4.5 1 0.38219 -0.108142 
0.5 2.5 2 1 0.365043 -0.280749 
0.5 4.5 2 1 0.384049 -0.26362 
0.5 4.5 4.5 1 0.365478 -0.106351 
0.5 2.5 4.5 1 0.34475 -0.10413 
