-0.438346 -0.431024 -0.450976 -0.0948932 
-0.00318944 -0.330808 -0.0247321 -0.0688929 
0.320951 -0.417444 0.276051 -0.0243966 
-0.284356 -0.63617 -0.314934 -0.0483311 
-0.438346 -0.431024 -0.00318944 -0.330808 
-0.00318944 -0.330808 0.320951 -0.417444 
0.320951 -0.417444 -0.284356 -0.63617 
-0.284356 -0.63617 -0.438346 -0.431024 
-0.450976 -0.0948932 -0.41008 0.137749 
-0.41008 0.137749 -0.314934 -0.0483311 
-0.0247321 -0.0688929 0.0808672 0.110098 
0.0808672 0.110098 0.276051 -0.0243966 
-0.41008 0.137749 0.0808672 0.110098 
-0.450976 -0.0948932 -0.0247321 -0.0688929 
-0.314934 -0.0483311 0.276051 -0.0243966 
-0.367435 -0.525492 -0.33136 -0.573551 
-0.33136 -0.573551 -0.35033 -0.175614 
-0.35033 -0.175614 -0.383011 -0.17388 
-0.383011 -0.17388 -0.367435 -0.525492 
-0.424869 -0.311896 -0.402652 -0.327446 
-0.402652 -0.327446 -0.409099 -0.172496 
-0.409099 -0.172496 -0.430407 -0.171366 
-0.430407 -0.171366 -0.424869 -0.311896 
