0.22119 -0.391812 0.201316 -0.0858971 
0.706506 -0.528496 0.628333 -0.00479114 
-0.0703317 -0.714866 -0.0790442 0.047245 
-0.260493 -0.450336 -0.252208 -0.0761871 
0.22119 -0.391812 0.706506 -0.528496 
0.706506 -0.528496 -0.0703317 -0.714866 
-0.0703317 -0.714866 -0.260493 -0.450336 
-0.260493 -0.450336 0.22119 -0.391812 
0.201316 -0.0858971 -0.00809777 0.0833432 
-0.00809777 0.0833432 -0.252208 -0.0761871 
0.628333 -0.00479114 0.308651 0.298398 
0.308651 0.298398 -0.0790442 0.047245 
-0.00809777 0.0833432 0.308651 0.298398 
0.201316 -0.0858971 0.628333 -0.00479114 
-0.252208 -0.0761871 -0.0790442 0.047245 
-0.0439245 -0.424023 -0.147539 -0.436612 
-0.147539 -0.436612 -0.147013 -0.156939 
-0.147013 -0.156939 -0.0484258 -0.155961 
-0.0484258 -0.155961 -0.0439245 -0.424023 
0.133228 -0.275139 0.0469761 -0.280683 
0.0469761 -0.280683 0.0426973 -0.155058 
0.0426973 -0.155058 0.127173 -0.15422 
0.127173 -0.15422 0.133228 -0.275139 
