0.00997621 -0.240107 -0.0259781 0.455432 
-0.246885 -0.0593471 -0.281211 0.301467 
0.181065 0.00592246 0.175331 0.295517 
0.614907 -0.0785474 0.641464 0.393058 
0.00997621 -0.240107 -0.246885 -0.0593471 
-0.246885 -0.0593471 0.181065 0.00592246 
0.181065 0.00592246 0.614907 -0.0785474 
0.614907 -0.0785474 0.00997621 -0.240107 
-0.0259781 0.455432 0.381029 0.769754 
0.381029 0.769754 0.641464 0.393058 
-0.281211 0.301467 -0.036673 0.486539 
-0.036673 0.486539 0.175331 0.295517 
0.381029 0.769754 -0.036673 0.486539 
-0.0259781 0.455432 -0.281211 0.301467 
0.641464 0.393058 0.175331 0.295517 
0.425276 -0.129192 0.526468 -0.102167 
0.526468 -0.102167 0.542009 0.277745 
0.542009 0.277745 0.434694 0.278139 
0.434694 0.278139 0.425276 -0.129192 
0.16667 0.0313471 0.308855 0.0508056 
0.308855 0.0508056 0.309393 0.278599 
0.309393 0.278599 0.161169 0.279143 
0.161169 0.279143 0.16667 0.0313471 
