0 0 0 1 -0.392351 -0.387403 
0 0 6.5 1 -0.415215 -0.0726883 
10 0 0 1 0.0280838 -0.292267 
10 0 6.5 1 0.00347166 -0.0366925 
10 10 0 1 0.324749 -0.390776 
10 10 6.5 1 0.280934 4.51918e-05 
0 10 0 1 -0.290404 -0.59614 
0 10 6.5 1 -0.332836 -0.0477297 
0 5 10 1 -0.400443 0.144643 
10 5 10 1 0.0969129 0.139961 
0 6 0 1 -0.345226 -0.483892 
0 8 0 1 -0.321369 -0.532738 
0 8 5 1 -0.349435 -0.16321 
0 6 5 1 -0.3697 -0.156898 
0 2 2.5 1 -0.389382 -0.279681 
0 4 2.5 1 -0.375102 -0.297296 
0 4 5 1 -0.385859 -0.151865 
0 2 5 1 -0.399045 -0.147758 
0.5 0.5 -0.5 1 -0.361458 -0.412456 
0.5 0.5 6 1 -0.385119 -0.0937819 
10.5 0.5 -0.5 1 0.0570556 -0.31173 
10.5 0.5 6 1 0.0318056 -0.0535491 
10.5 10.5 -0.5 1 0.373587 -0.42215 
10.5 10.5 6 1 0.328096 -0.0252027 
0.5 10.5 -0.5 1 -0.233992 -0.644414 
0.5 10.5 6 1 -0.278965 -0.0838804 
0.5 5.5 9.5 1 -0.36249 0.121236 
10.5 5.5 9.5 1 0.131871 0.121699 
0.5 6.5 -0.5 1 -0.302807 -0.519187 
0.5 8.5 -0.5 1 -0.272939 -0.57354 
0.5 8.5 4.5 1 -0.302477 -0.196879 
0.5 6.5 4.5 1 -0.328421 -0.186619 
0.5 2.5 2 1 -0.355784 -0.305565 
0.5 4.5 2 1 -0.337831 -0.3261 
0.5 4.5 4.5 1 -0.349038 -0.178466 
0.5 2.5 4.5 1 -0.365814 -0.171831 
