0.218461 -0.451249 0.167933 0.17634 
-0.227741 -0.262161 -0.268022 0.0969351 
0.143358 -0.146075 0.120947 0.120119 
0.590457 -0.210306 0.570239 0.179493 
0.218461 -0.451249 -0.227741 -0.262161 
-0.227741 -0.262161 0.143358 -0.146075 
0.143358 -0.146075 0.590457 -0.210306 
0.590457 -0.210306 0.218461 -0.451249 
0.167933 0.17634 0.400645 0.451639 
0.400645 0.451639 0.570239 0.179493 
-0.268022 0.0969351 -0.0601953 0.280659 
-0.0601953 0.280659 0.120947 0.120119 
0.400645 0.451639 -0.0601953 0.280659 
0.167933 0.17634 -0.268022 0.0969351 
0.570239 0.179493 0.120947 0.120119 
0.481546 -0.280848 0.540468 -0.242684 
0.540468 -0.242684 0.522539 0.0794469 
0.522539 0.0794469 0.460453 0.0698244 
0.460453 0.0698244 0.481546 -0.280848 
0.310095 -0.172308 0.398626 -0.136814 
0.398626 -0.136814 0.385838 0.05826 
0.385838 0.05826 0.294474 0.0440997 
0.294474 0.0440997 0.310095 -0.172308 
