0.29141 -0.277049 0.253243 0.0693297 
0.288328 -0.54968 0.210995 0.162534 
-0.589709 -0.510214 -0.625885 0.0370453 
-0.193072 -0.290827 -0.219146 0.0112777 
0.29141 -0.277049 0.288328 -0.54968 
0.288328 -0.54968 -0.589709 -0.510214 
-0.589709 -0.510214 -0.193072 -0.290827 
-0.193072 -0.290827 0.29141 -0.277049 
0.253243 0.0693297 -0.0156751 0.207885 
-0.0156751 0.207885 -0.219146 0.0112777 
0.210995 0.162534 -0.288739 0.409733 
-0.288739 0.409733 -0.625885 0.0370453 
-0.0156751 0.207885 -0.288739 0.409733 
0.253243 0.0693297 0.210995 0.162534 
-0.219146 0.0112777 -0.625885 0.0370453 
-0.015269 -0.28577 -0.10655 -0.288366 
-0.10655 -0.288366 -0.128226 -0.04904 
-0.128226 -0.04904 -0.0386364 -0.0399727 
-0.0386364 -0.0399727 -0.015269 -0.28577 
0.169523 -0.149365 0.0684876 -0.155924 
0.0684876 -0.155924 0.0559575 -0.030399 
0.0559575 -0.030399 0.155987 -0.0202752 
0.155987 -0.0202752 0.169523 -0.149365 
