0.255562 -0.187737 0.293959 0.185069 
-0.326582 -0.285061 -0.324679 0.236042 
-0.426088 -0.091178 -0.430192 0.220206 
-0.0147687 -0.0619865 -0.000768492 0.189629 
0.255562 -0.187737 -0.326582 -0.285061 
-0.326582 -0.285061 -0.426088 -0.091178 
-0.426088 -0.091178 -0.0147687 -0.0619865 
-0.0147687 -0.0619865 0.255562 -0.187737 
0.293959 0.185069 0.129505 0.362557 
0.129505 0.362557 -0.000768492 0.189629 
-0.324679 0.236042 -0.393166 0.45811 
-0.393166 0.45811 -0.430192 0.220206 
0.129505 0.362557 -0.393166 0.45811 
0.293959 0.185069 -0.324679 0.236042 
-0.000768492 0.189629 -0.430192 0.220206 
0.0690779 -0.10099 0.0242346 -0.0801299 
0.0242346 -0.0801299 0.0370087 0.124746 
0.0370087 0.124746 0.0845037 0.11902 
0.0845037 0.11902 0.0690779 -0.10099 
0.19382 -0.0274279 0.130401 -0.00878506 
0.130401 -0.00878506 0.139994 0.112329 
0.139994 0.112329 0.205684 0.104409 
0.205684 0.104409 0.19382 -0.0274279 
