0 0 0 1 -0.257818 -0.0379083 
0 0 6.5 1 -0.286849 0.233114 
10 0 0 1 0.136604 -0.00152889 
10 0 6.5 1 0.124155 0.255191 
10 10 0 1 0.315802 -0.085061 
10 10 6.5 1 0.306466 0.331794 
0 10 0 1 -0.323665 -0.153882 
0 10 6.5 1 -0.377875 0.302056 
0 5 10 1 -0.342459 0.456244 
10 5 10 1 0.186022 0.467944 
0 6 0 1 -0.289016 -0.0928555 
0 8 0 1 -0.304304 -0.119782 
0 8 5 1 -0.339427 0.184595 
0 6 5 1 -0.319674 0.179303 
0 2 2.5 1 -0.27841 0.0574246 
0 4 2.5 1 -0.289984 0.0497895 
0 4 5 1 -0.303818 0.175055 
0 2 5 1 -0.29081 0.17157 
0.5 0.5 -0.5 1 -0.236462 -0.059815 
0.5 0.5 6 1 -0.265055 0.214341 
10.5 0.5 -0.5 1 0.162065 -0.0217082 
10.5 0.5 6 1 0.150417 0.237827 
10.5 10.5 -0.5 1 0.360945 -0.119564 
10.5 10.5 6 1 0.354261 0.304766 
0.5 10.5 -0.5 1 -0.289325 -0.193511 
0.5 10.5 6 1 -0.342511 0.271351 
0.5 5.5 9.5 1 -0.315125 0.436091 
10.5 5.5 9.5 1 0.220766 0.449514 
0.5 6.5 -0.5 1 -0.261382 -0.122841 
0.5 8.5 -0.5 1 -0.273677 -0.153935 
0.5 8.5 4.5 1 -0.308149 0.15558 
0.5 6.5 4.5 1 -0.291498 0.153422 
0.5 2.5 2 1 -0.255107 0.0346933 
0.5 4.5 2 1 -0.264585 0.0246854 
0.5 4.5 4.5 1 -0.278191 0.151697 
0.5 2.5 4.5 1 -0.267312 0.150286 
