-0.626586 -0.299348 -0.569103 0.279519 
-0.249305 -0.1668 -0.21855 0.140958 
0.236482 -0.233343 0.270349 0.102704 
0.296415 -0.460461 0.365826 0.22731 
-0.626586 -0.299348 -0.249305 -0.1668 
-0.249305 -0.1668 0.236482 -0.233343 
0.236482 -0.233343 0.296415 -0.460461 
0.296415 -0.460461 -0.626586 -0.299348 
-0.569103 0.279519 -0.107974 0.594724 
-0.107974 0.594724 0.365826 0.22731 
-0.21855 0.140958 0.0325167 0.295818 
0.0325167 0.295818 0.270349 0.102704 
-0.107974 0.594724 0.0325167 0.295818 
-0.569103 0.279519 -0.21855 0.140958 
0.365826 0.22731 0.270349 0.102704 
-0.111564 -0.389247 0.0850244 -0.423562 
0.0850244 -0.423562 0.136279 0.0861736 
0.136279 0.0861736 -0.0622725 0.102656 
-0.0622725 0.102656 -0.111564 -0.389247 
-0.443264 -0.0975765 -0.271126 -0.119713 
-0.271126 -0.119713 -0.24738 0.118023 
-0.24738 0.118023 -0.420364 0.132383 
-0.420364 0.132383 -0.443264 -0.0975765 
