0 0 0 1 0.379546 -0.686462 
0 0 6.5 1 0.353637 -0.160083 
10 0 0 1 -0.347143 -0.604906 
10 0 6.5 1 -0.311442 -0.152993 
10 10 0 1 -0.124503 -0.445057 
10 10 6.5 1 -0.113397 -0.171849 
0 10 0 1 0.307109 -0.476434 
0 10 6.5 1 0.295772 -0.177673 
0 5 10 1 0.309458 0.0133006 
10 5 10 1 -0.180142 0.00195117 
0 6 0 1 0.326945 -0.533948 
0 8 0 1 0.316083 -0.502455 
0 8 5 1 0.306038 -0.247407 
0 6 5 1 0.315346 -0.251848 
0 2 2.5 1 0.348867 -0.437217 
0 4 2.5 1 0.333341 -0.410487 
0 4 5 1 0.326718 -0.257275 
0 2 5 1 0.340927 -0.264055 
0.5 0.5 -0.5 1 0.334808 -0.706956 
0.5 0.5 6 1 0.313759 -0.196645 
10.5 0.5 -0.5 1 -0.362377 -0.625247 
10.5 0.5 6 1 -0.326553 -0.185188 
10.5 10.5 -0.5 1 -0.138179 -0.460613 
10.5 10.5 6 1 -0.126611 -0.191756 
0.5 10.5 -0.5 1 0.282939 -0.492723 
0.5 10.5 6 1 0.273118 -0.199164 
0.5 5.5 9.5 1 0.281741 -0.0173617 
10.5 5.5 9.5 1 -0.19437 -0.0255859 
0.5 6.5 -0.5 1 0.297312 -0.552087 
0.5 8.5 -0.5 1 0.289458 -0.519647 
0.5 8.5 4.5 1 0.280837 -0.269534 
0.5 6.5 4.5 1 0.287463 -0.27602 
0.5 2.5 2 1 0.312091 -0.462351 
0.5 4.5 2 1 0.301078 -0.433581 
0.5 4.5 4.5 1 0.295519 -0.283906 
0.5 2.5 4.5 1 0.305522 -0.293699 
