0 0 0 1 -0.0909956 -0.0357449 
0 0 6.5 1 -0.0826432 0.215598 
10 0 0 1 0.302644 -0.0771958 
10 0 6.5 1 0.331331 0.199065 
10 10 0 1 0.324888 -0.236194 
10 10 6.5 1 0.376052 0.224869 
0 10 0 1 -0.294609 -0.148212 
0 10 6.5 1 -0.295778 0.247406 
0 5 10 1 -0.160955 0.407742 
10 5 10 1 0.369561 0.413081 
0 6 0 1 -0.190625 -0.0907757 
0 8 0 1 -0.237334 -0.116575 
0 8 5 1 -0.235351 0.152435 
0 6 5 1 -0.186789 0.153463 
0 2 2.5 1 -0.116164 0.0500369 
0 4 2.5 1 -0.149331 0.0403002 
0 4 5 1 -0.146757 0.154311 
0 2 5 1 -0.113189 0.155021 
0.5 0.5 -0.5 1 -0.0800446 -0.0602006 
0.5 0.5 6 1 -0.0710207 0.195232 
10.5 0.5 -0.5 1 0.323348 -0.105113 
10.5 0.5 6 1 0.35374 0.176085 
10.5 10.5 -0.5 1 0.360615 -0.289126 
10.5 10.5 6 1 0.416984 0.185768 
0.5 10.5 -0.5 1 -0.283653 -0.190458 
0.5 10.5 6 1 -0.284051 0.215353 
0.5 5.5 9.5 1 -0.14818 0.38681 
10.5 5.5 9.5 1 0.400239 0.389284 
0.5 6.5 -0.5 1 -0.179099 -0.12357 
0.5 8.5 -0.5 1 -0.225915 -0.15352 
0.5 8.5 4.5 1 -0.223304 0.121577 
0.5 6.5 4.5 1 -0.174643 0.125683 
0.5 2.5 2 1 -0.104672 0.0250173 
0.5 4.5 2 1 -0.137612 0.0128446 
0.5 4.5 4.5 1 -0.134736 0.12905 
0.5 2.5 4.5 1 -0.101415 0.131861 
