0 0 0 1 -0.293378 -0.111729 
0 0 6.5 1 -0.325835 0.164118 
10 0 0 1 0.102965 -0.0603068 
10 0 6.5 1 0.0835041 0.191131 
10 10 0 1 0.312949 -0.141132 
10 10 6.5 1 0.290107 0.26072 
0 10 0 1 -0.320068 -0.241484 
0 10 6.5 1 -0.377142 0.226571 
0 5 10 1 -0.368217 0.384276 
10 5 10 1 0.150488 0.392432 
0 6 0 1 -0.305942 -0.17281 
0 8 0 1 -0.312152 -0.203002 
0 8 5 1 -0.349917 0.109985 
0 6 5 1 -0.339348 0.106363 
0 2 2.5 1 -0.310237 -0.0150078 
0 4 2.5 1 -0.315725 -0.0240953 
0 4 5 1 -0.330888 0.103464 
0 2 5 1 -0.323961 0.10109 
0.5 0.5 -0.5 1 -0.269626 -0.133686 
0.5 0.5 6 1 -0.301864 0.14536 
10.5 0.5 -0.5 1 0.129373 -0.0796149 
10.5 0.5 6 1 0.110342 0.174481 
10.5 10.5 -0.5 1 0.359276 -0.173583 
10.5 10.5 6 1 0.337886 0.235101 
0.5 10.5 -0.5 1 -0.280249 -0.28183 
0.5 10.5 6 1 -0.336749 0.195498 
0.5 5.5 9.5 1 -0.337957 0.363944 
10.5 5.5 9.5 1 0.185335 0.374644 
0.5 6.5 -0.5 1 -0.274602 -0.203081 
0.5 8.5 -0.5 1 -0.277078 -0.237606 
0.5 8.5 4.5 1 -0.314488 0.080748 
0.5 6.5 4.5 1 -0.307721 0.0803573 
0.5 2.5 2 1 -0.284299 -0.0377813 
0.5 4.5 2 1 -0.287281 -0.0492961 
0.5 4.5 4.5 1 -0.302326 0.0800458 
0.5 2.5 4.5 1 -0.297925 0.0797917 
