0.117953 -0.322176 0.0756788 0.338214 
-0.238932 -0.142761 -0.278291 0.215952 
0.160999 -0.0537217 0.145472 0.222891 
0.603825 -0.123212 0.604595 0.303726 
0.117953 -0.322176 -0.238932 -0.142761 
-0.238932 -0.142761 0.160999 -0.0537217 
0.160999 -0.0537217 0.603825 -0.123212 
0.603825 -0.123212 0.117953 -0.322176 
0.0756788 0.338214 0.392917 0.627154 
0.392917 0.627154 0.604595 0.303726 
-0.278291 0.215952 -0.0520096 0.398949 
-0.0520096 0.398949 0.145472 0.222891 
0.392917 0.627154 -0.0520096 0.398949 
0.0756788 0.338214 -0.278291 0.215952 
0.604595 0.303726 0.145472 0.222891 
0.457047 -0.183317 0.535972 -0.150997 
0.535972 -0.150997 0.53347 0.197502 
0.53347 0.197502 0.450374 0.193422 
0.450374 0.193422 0.457047 -0.183317 
0.243128 -0.0486668 0.358067 -0.0218703 
0.358067 -0.0218703 0.351705 0.188577 
0.351705 0.188577 0.232631 0.18273 
0.232631 0.18273 0.243128 -0.0486668 
