0 0 0 1 0.267064 -0.270682 
0 0 6.5 1 0.311589 0.119195 
10 0 0 1 -0.369962 -0.283118 
10 0 6.5 1 -0.334823 0.201169 
10 10 0 1 -0.353376 -0.127118 
10 10 6.5 1 -0.33267 0.156914 
0 10 0 1 0.0512105 -0.138172 
0 10 6.5 1 0.0758858 0.110544 
0 5 10 1 0.184905 0.282453 
10 5 10 1 -0.31892 0.372973 
0 6 0 1 0.115644 -0.177727 
0 8 0 1 0.0809147 -0.156407 
0 8 5 1 0.101716 0.0490226 
0 6 5 1 0.138733 0.045021 
0 2 2.5 1 0.220916 -0.100591 
0 4 2.5 1 0.169643 -0.0823156 
0 4 5 1 0.182699 0.0402681 
0 2 5 1 0.235774 0.0345307 
0.5 0.5 -0.5 1 0.221973 -0.289656 
0.5 0.5 6 1 0.264445 0.0916376 
10.5 0.5 -0.5 1 -0.409517 -0.306142 
10.5 0.5 6 1 -0.376505 0.164974 
10.5 10.5 -0.5 1 -0.377128 -0.143113 
10.5 10.5 6 1 -0.357166 0.136339 
0.5 10.5 -0.5 1 0.0250333 -0.152102 
0.5 10.5 6 1 0.0489645 0.0930959 
0.5 5.5 9.5 1 0.149888 0.258101 
10.5 5.5 9.5 1 -0.350443 0.342556 
0.5 6.5 -0.5 1 0.0841249 -0.193375 
0.5 8.5 -0.5 1 0.0523073 -0.171151 
0.5 8.5 4.5 1 0.0724362 0.0311597 
0.5 6.5 4.5 1 0.106408 0.0257108 
0.5 2.5 2 1 0.180836 -0.120947 
0.5 4.5 2 1 0.134091 -0.101114 
0.5 4.5 4.5 1 0.14665 0.0192562 
0.5 2.5 4.5 1 0.195074 0.0114894 
