0 0 0 1 -0.444446 -0.433933 
0 0 6.5 1 -0.455536 -0.0951009 
10 0 0 1 -0.00741023 -0.333751 
10 0 6.5 1 -0.0283906 -0.0710617 
10 10 0 1 0.319992 -0.418328 
10 10 6.5 1 0.275222 -0.0252149 
0 10 0 1 -0.283419 -0.637032 
0 10 6.5 1 -0.312289 -0.044686 
0 5 10 1 -0.411057 0.139814 
10 5 10 1 0.0788278 0.108371 
0 6 0 1 -0.370307 -0.527443 
0 8 0 1 -0.332582 -0.575025 
0 8 5 1 -0.350208 -0.173713 
0 6 5 1 -0.384556 -0.172846 
0 2 2.5 1 -0.429474 -0.313185 
0 4 2.5 1 -0.406178 -0.328264 
0 4 5 1 -0.411986 -0.172153 
0 2 5 1 -0.434396 -0.171587 
0.5 0.5 -0.5 1 -0.410527 -0.460569 
0.5 0.5 6 1 -0.422956 -0.11744 
10.5 0.5 -0.5 1 0.0223538 -0.353616 
10.5 0.5 6 1 0.000368684 -0.0883446 
10.5 10.5 -0.5 1 0.36885 -0.449337 
10.5 10.5 6 1 0.321507 -0.0504175 
0.5 10.5 -0.5 1 -0.220417 -0.687892 
0.5 10.5 6 1 -0.253711 -0.0823322 
0.5 5.5 9.5 1 -0.370276 0.115074 
10.5 5.5 9.5 1 0.113585 0.0896858 
0.5 6.5 -0.5 1 -0.323364 -0.564794 
0.5 8.5 -0.5 1 -0.278773 -0.618114 
0.5 8.5 4.5 1 -0.298951 -0.208954 
0.5 6.5 4.5 1 -0.339572 -0.204076 
0.5 2.5 2 1 -0.392733 -0.340579 
0.5 4.5 2 1 -0.365346 -0.358682 
0.5 4.5 4.5 1 -0.371914 -0.200192 
0.5 2.5 4.5 1 -0.398273 -0.197027 
