0.262337 -0.135733 0.248757 0.221824 
-0.0647162 -0.392019 -0.120705 0.252161 
-0.564849 -0.244736 -0.629491 0.16899 
-0.14323 -0.0978429 -0.168987 0.175318 
0.262337 -0.135733 -0.0647162 -0.392019 
-0.0647162 -0.392019 -0.564849 -0.244736 
-0.564849 -0.244736 -0.14323 -0.0978429 
-0.14323 -0.0978429 0.262337 -0.135733 
0.248757 0.221824 -0.00105662 0.373528 
-0.00105662 0.373528 -0.168987 0.175318 
-0.120705 0.252161 -0.472209 0.503771 
-0.472209 0.503771 -0.629491 0.16899 
-0.00105662 0.373528 -0.472209 0.503771 
0.248757 0.221824 -0.120705 0.252161 
-0.168987 0.175318 -0.629491 0.16899 
-0.00580845 -0.110681 -0.0778515 -0.103951 
-0.0778515 -0.103951 -0.0964813 0.114566 
-0.0964813 0.114566 -0.0231072 0.119114 
-0.0231072 0.119114 -0.00580845 -0.110681 
0.156283 -0.000565895 0.0663234 0.000999454 
0.0663234 0.000999454 0.0584149 0.124168 
0.0584149 0.124168 0.149522 0.129815 
0.149522 0.129815 0.156283 -0.000565895 
