-0.706135 -0.487057 -0.625769 0.0465156 
-0.242914 -0.331347 -0.21037 -0.0291035 
0.233717 -0.419766 0.25553 -0.059851 
0.105908 -0.731866 0.158619 0.0122212 
-0.706135 -0.487057 -0.242914 -0.331347 
-0.242914 -0.331347 0.233717 -0.419766 
0.233717 -0.419766 0.105908 -0.731866 
0.105908 -0.731866 -0.706135 -0.487057 
-0.625769 0.0465156 -0.258114 0.337116 
-0.258114 0.337116 0.158619 0.0122212 
-0.21037 -0.0291035 0.0177743 0.125166 
0.0177743 0.125166 0.25553 -0.059851 
-0.258114 0.337116 0.0177743 0.125166 
-0.625769 0.0465156 -0.21037 -0.0291035 
0.158619 0.0122212 0.25553 -0.059851 
-0.284616 -0.614133 -0.103473 -0.668743 
-0.103473 -0.668743 -0.0544269 -0.130118 
-0.0544269 -0.130118 -0.230088 -0.112699 
-0.230088 -0.112699 -0.284616 -0.614133 
-0.551222 -0.299344 -0.413044 -0.326532 
-0.413044 -0.326532 -0.384551 -0.0973821 
-0.384551 -0.0973821 -0.521432 -0.0838087 
-0.521432 -0.0838087 -0.551222 -0.299344 
