-0.660914 -0.354011 -0.592796 0.203779 
-0.248166 -0.22035 -0.215625 0.0835444 
0.234429 -0.29404 0.264779 0.0488015 
0.227557 -0.541112 0.289549 0.163635 
-0.660914 -0.354011 -0.248166 -0.22035 
-0.248166 -0.22035 0.234429 -0.29404 
0.234429 -0.29404 0.227557 -0.541112 
0.227557 -0.541112 -0.660914 -0.354011 
-0.592796 0.203779 -0.166856 0.509346 
-0.166856 0.509346 0.289549 0.163635 
-0.215625 0.0835444 0.0271892 0.237448 
0.0271892 0.237448 0.264779 0.0488015 
-0.166856 0.509346 0.0271892 0.237448 
-0.592796 0.203779 -0.215625 0.0835444 
0.289549 0.163635 0.264779 0.0488015 
-0.178313 -0.455641 0.0145354 -0.496252 
0.0145354 -0.496252 0.0643183 0.0217305 
0.0643183 0.0217305 -0.127268 0.0375177 
-0.127268 0.0375177 -0.178313 -0.455641 
-0.487539 -0.158021 -0.32755 -0.181296 
-0.32755 -0.181296 -0.301838 0.0519029 
-0.301838 0.0519029 -0.461563 0.0650647 
-0.461563 0.0650647 -0.487539 -0.158021 
