-0.353761 -0.307676 -0.383079 -0.0115981 
0.054432 -0.225374 0.0292749 0.0251258 
0.321767 -0.324014 0.282401 0.0646035 
-0.298349 -0.49687 -0.348968 0.0136746 
-0.353761 -0.307676 0.054432 -0.225374 
0.054432 -0.225374 0.321767 -0.324014 
0.321767 -0.324014 -0.298349 -0.49687 
-0.298349 -0.49687 -0.353761 -0.307676 
-0.383079 -0.0115981 -0.390508 0.199105 
-0.390508 0.199105 -0.348968 0.0136746 
0.0292749 0.0251258 0.112004 0.204377 
0.112004 0.204377 0.282401 0.0646035 
-0.390508 0.199105 0.112004 0.204377 
-0.383079 -0.0115981 0.0292749 0.0251258 
-0.348968 0.0136746 0.282401 0.0646035 
-0.327984 -0.395687 -0.315042 -0.439875 
-0.315042 -0.439875 -0.349051 -0.0967251 
-0.349051 -0.0967251 -0.358163 -0.091093 
-0.358163 -0.091093 -0.327984 -0.395687 
-0.359066 -0.207226 -0.35188 -0.223447 
-0.35188 -0.223447 -0.365436 -0.0865975 
-0.365436 -0.0865975 -0.371376 -0.0829261 
-0.371376 -0.0829261 -0.359066 -0.207226 
