-0.525224 -0.446648 -0.512151 -0.0729645 
-0.0651888 -0.354929 -0.0758147 -0.082897 
0.302704 -0.416187 0.264553 -0.0257862 
-0.258239 -0.616272 -0.263015 0.0245072 
-0.525224 -0.446648 -0.0651888 -0.354929 
-0.0651888 -0.354929 0.302704 -0.416187 
0.302704 -0.416187 -0.258239 -0.616272 
-0.258239 -0.616272 -0.525224 -0.446648 
-0.512151 -0.0729645 -0.414472 0.189651 
-0.414472 0.189651 -0.263015 0.0245072 
-0.0758147 -0.082897 0.0547156 0.0999654 
0.0547156 0.0999654 0.264553 -0.0257862 
-0.414472 0.189651 0.0547156 0.0999654 
-0.512151 -0.0729645 -0.0758147 -0.082897 
-0.263015 0.0245072 0.264553 -0.0257862 
-0.401758 -0.52509 -0.339289 -0.564778 
-0.339289 -0.564778 -0.337004 -0.124635 
-0.337004 -0.124635 -0.395873 -0.134737 
-0.395873 -0.134737 -0.401758 -0.52509 
-0.486921 -0.30461 -0.447227 -0.313208 
-0.447227 -0.313208 -0.443306 -0.142877 
-0.443306 -0.142877 -0.482341 -0.149576 
-0.482341 -0.149576 -0.486921 -0.30461 
