0 0 0 1 0.159462 -0.373474 
0 0 6.5 1 0.114175 0.271794 
10 0 0 1 -0.23432 -0.189379 
10 0 6.5 1 -0.274492 0.168603 
10 10 0 1 0.153816 -0.0893836 
10 10 6.5 1 0.135165 0.182405 
0 10 0 1 0.598517 -0.156821 
0 10 6.5 1 0.590213 0.253688 
0 5 10 1 0.396257 0.554683 
10 5 10 1 -0.0558245 0.351699 
0 6 0 1 0.467586 -0.221429 
0 8 0 1 0.538171 -0.186599 
0 8 5 1 0.529094 0.150159 
0 6 5 1 0.454854 0.143641 
0 2 2.5 1 0.27119 -0.0982703 
0 4 2.5 1 0.375272 -0.0677508 
0 4 5 1 0.366243 0.135861 
0 2 5 1 0.258638 0.126413 
0.5 0.5 -0.5 1 0.161871 -0.385466 
0.5 0.5 6 1 0.120026 0.21225 
10.5 0.5 -0.5 1 -0.217479 -0.203534 
10.5 0.5 6 1 -0.255377 0.139335 
10.5 10.5 -0.5 1 0.155051 -0.10322 
10.5 10.5 6 1 0.137012 0.159775 
0.5 10.5 -0.5 1 0.58062 -0.174265 
0.5 10.5 6 1 0.571929 0.216503 
0.5 5.5 9.5 1 0.38456 0.490484 
10.5 5.5 9.5 1 -0.046857 0.319448 
0.5 6.5 -0.5 1 0.45355 -0.238355 
0.5 8.5 -0.5 1 0.521816 -0.203924 
0.5 8.5 4.5 1 0.512609 0.115609 
0.5 6.5 4.5 1 0.440961 0.106553 
0.5 2.5 2 1 0.266407 -0.126621 
0.5 4.5 2 1 0.364969 -0.095314 
0.5 4.5 4.5 1 0.356252 0.0958457 
0.5 2.5 4.5 1 0.254551 0.0829911 
