0 0 0 1 0.179643 -0.400093 
0 0 6.5 1 0.132704 0.23849 
10 0 0 1 -0.231991 -0.213758 
10 0 6.5 1 -0.272342 0.144244 
10 10 0 1 0.150338 -0.108248 
10 10 6.5 1 0.130309 0.161427 
0 10 0 1 0.595868 -0.174782 
0 10 6.5 1 0.583363 0.228261 
0 5 10 1 0.397826 0.51883 
10 5 10 1 -0.0573931 0.327537 
0 6 0 1 0.472517 -0.241555 
0 8 0 1 0.539096 -0.205514 
0 8 5 1 0.526928 0.125934 
0 6 5 1 0.456894 0.118257 
0 2 2.5 1 0.284636 -0.123761 
0 4 2.5 1 0.38342 -0.0914352 
0 4 5 1 0.373102 0.109072 
0 2 5 1 0.271056 0.0978862 
0.5 0.5 -0.5 1 0.179595 -0.411155 
0.5 0.5 6 1 0.136001 0.181226 
10.5 0.5 -0.5 1 -0.215874 -0.227512 
10.5 0.5 6 1 -0.254043 0.115507 
10.5 10.5 -0.5 1 0.15119 -0.121837 
10.5 10.5 6 1 0.131795 0.139255 
0.5 10.5 -0.5 1 0.577687 -0.191774 
0.5 10.5 6 1 0.565061 0.192389 
0.5 5.5 9.5 1 0.385396 0.457317 
10.5 5.5 9.5 1 -0.0490276 0.295963 
0.5 6.5 -0.5 1 0.457616 -0.257943 
0.5 8.5 -0.5 1 0.522201 -0.222351 
0.5 8.5 4.5 1 0.510097 0.0925431 
0.5 6.5 4.5 1 0.442311 0.0824391 
0.5 2.5 2 1 0.278091 -0.151047 
0.5 4.5 2 1 0.37191 -0.118059 
0.5 4.5 4.5 1 0.361972 0.0704641 
0.5 2.5 4.5 1 0.265236 0.056045 
