0.289993 -0.272554 0.253241 0.0748843 
0.240784 -0.566763 0.167215 0.141201 
-0.58834 -0.502229 -0.632933 0.0235395 
-0.185421 -0.279209 -0.213531 0.0177329 
0.289993 -0.272554 0.240784 -0.566763 
0.240784 -0.566763 -0.58834 -0.502229 
-0.58834 -0.502229 -0.185421 -0.279209 
-0.185421 -0.279209 0.289993 -0.272554 
0.253241 0.0748843 -0.0154593 0.214513 
-0.0154593 0.214513 -0.213531 0.0177329 
0.167215 0.141201 -0.321203 0.391692 
-0.321203 0.391692 -0.632933 0.0235395 
-0.0154593 0.214513 -0.321203 0.391692 
0.253241 0.0748843 0.167215 0.141201 
-0.213531 0.0177329 -0.632933 0.0235395 
-0.0130099 -0.276795 -0.101817 -0.278039 
-0.101817 -0.278039 -0.124585 -0.0423952 
-0.124585 -0.0423952 -0.0369856 -0.0338672 
-0.0369856 -0.0338672 -0.0130099 -0.276795 
0.168879 -0.1442 0.0688183 -0.149766 
0.0688183 -0.149766 0.0562082 -0.0247945 
0.0562082 -0.0247945 0.15555 -0.0151234 
0.15555 -0.0151234 0.168879 -0.1442 
