-0.0224325 -0.0667214 -0.000181185 0.184865 
0.384813 -0.134028 0.422524 0.165978 
0.31887 -0.260844 0.381285 0.254378 
-0.287354 -0.126377 -0.262167 0.260833 
-0.0224325 -0.0667214 0.384813 -0.134028 
0.384813 -0.134028 0.31887 -0.260844 
0.31887 -0.260844 -0.287354 -0.126377 
-0.287354 -0.126377 -0.0224325 -0.0667214 
-0.000181185 0.184865 -0.0894604 0.385942 
-0.0894604 0.385942 -0.262167 0.260833 
0.422524 0.165978 0.434146 0.413447 
0.434146 0.413447 0.381285 0.254378 
-0.0894604 0.385942 0.434146 0.413447 
-0.000181185 0.184865 0.422524 0.165978 
-0.262167 0.260833 0.381285 0.254378 
-0.15363 -0.0962648 -0.214096 -0.109881 
-0.214096 -0.109881 -0.194999 0.157047 
-0.194999 0.157047 -0.134914 0.147146 
-0.134914 0.147146 -0.15363 -0.0962648 
-0.0509318 0.0274165 -0.0938637 0.0259036 
-0.0938637 0.0259036 -0.0846722 0.138867 
-0.0846722 0.138867 -0.0420378 0.131841 
-0.0420378 0.131841 -0.0509318 0.0274165 
