0.345404 -0.642483 0.341079 -0.14837 
-0.374299 -0.573682 -0.326244 -0.117529 
-0.182446 -0.413468 -0.161551 -0.141603 
0.240243 -0.44591 0.242523 -0.160978 
0.345404 -0.642483 -0.374299 -0.573682 
-0.374299 -0.573682 -0.182446 -0.413468 
-0.182446 -0.413468 0.240243 -0.44591 
0.240243 -0.44591 0.345404 -0.642483 
0.341079 -0.14837 0.279601 0.0215418 
0.279601 0.0215418 0.242523 -0.160978 
-0.326244 -0.117529 -0.20929 0.0359161 
-0.20929 0.0359161 -0.161551 -0.141603 
0.279601 0.0215418 -0.20929 0.0359161 
0.341079 -0.14837 -0.326244 -0.117529 
0.242523 -0.160978 -0.161551 -0.141603 
0.269399 -0.500411 0.253468 -0.470631 
0.253468 -0.470631 0.254882 -0.228373 
0.254882 -0.228373 0.270268 -0.233158 
0.270268 -0.233158 0.269399 -0.500411 
0.312898 -0.409969 0.288977 -0.384349 
0.288977 -0.384349 0.288993 -0.238981 
0.288993 -0.238981 0.312277 -0.246222 
0.312277 -0.246222 0.312898 -0.409969 
