-0.166481 -0.0208631 -0.177429 0.236475 
0.223594 -0.0228292 0.233241 0.240993 
0.325048 -0.164642 0.350471 0.267433 
-0.305072 -0.156083 -0.335212 0.258849 
-0.166481 -0.0208631 0.223594 -0.0228292 
0.223594 -0.0228292 0.325048 -0.164642 
0.325048 -0.164642 -0.305072 -0.156083 
-0.305072 -0.156083 -0.166481 -0.0208631 
-0.177429 0.236475 -0.24697 0.43369 
-0.24697 0.43369 -0.335212 0.258849 
0.233241 0.240993 0.285649 0.446153 
0.285649 0.446153 0.350471 0.267433 
-0.24697 0.43369 0.285649 0.446153 
-0.177429 0.236475 0.233241 0.240993 
-0.335212 0.258849 0.350471 0.267433 
-0.233423 -0.0861767 -0.265378 -0.117354 
-0.265378 -0.117354 -0.283218 0.16206 
-0.283218 0.16206 -0.247776 0.166203 
-0.247776 0.166203 -0.233423 -0.0861767 
-0.189967 0.064419 -0.2129 0.0518751 
-0.2129 0.0518751 -0.218927 0.169576 
-0.218927 0.169576 -0.194987 0.172374 
-0.194987 0.172374 -0.189967 0.064419 
