0.0428148 -0.254808 0.00507452 0.432196 
-0.245262 -0.0776775 -0.281578 0.282937 
0.174772 -0.00600063 0.165833 0.279871 
0.61236 -0.0836399 0.630861 0.37474 
0.0428148 -0.254808 -0.245262 -0.0776775 
-0.245262 -0.0776775 0.174772 -0.00600063 
0.174772 -0.00600063 0.61236 -0.0836399 
0.61236 -0.0836399 0.0428148 -0.254808 
0.00507452 0.432196 0.385613 0.737268 
0.385613 0.737268 0.630861 0.37474 
-0.281578 0.282937 -0.0422005 0.467107 
-0.0422005 0.467107 0.165833 0.279871 
0.385613 0.737268 -0.0422005 0.467107 
0.00507452 0.432196 -0.281578 0.282937 
0.630861 0.37474 0.165833 0.279871 
0.435951 -0.136657 0.530326 -0.108294 
0.530326 -0.108294 0.540326 0.262492 
0.540326 0.262492 0.440505 0.261988 
0.440505 0.261988 0.435951 -0.136657 
0.190615 0.0172239 0.324802 0.0383953 
0.324802 0.0383953 0.323278 0.261396 
0.323278 0.261396 0.183656 0.260691 
0.183656 0.260691 0.190615 0.0172239 
