0 0 0 1 0.00248295 -0.124331 
0 0 6.5 1 0.0274509 0.12774 
10 0 0 1 0.41708 -0.204225 
10 0 6.5 1 0.453128 0.108244 
10 10 0 1 0.301648 -0.336722 
10 10 6.5 1 0.361568 0.200771 
0 10 0 1 -0.288885 -0.177752 
0 10 6.5 1 -0.255385 0.202862 
0 5 10 1 -0.0693587 0.323894 
10 5 10 1 0.444398 0.359992 
0 6 0 1 -0.142928 -0.150992 
0 8 0 1 -0.209204 -0.163143 
0 8 5 1 -0.185091 0.101726 
0 6 5 1 -0.120243 0.0915033 
0 2 2.5 1 -0.0289364 -0.0286269 
0 4 2.5 1 -0.0762859 -0.029402 
0 4 5 1 -0.0655439 0.0828808 
0 2 5 1 -0.0187849 0.0755099 
0.5 0.5 -0.5 1 0.00775104 -0.149169 
0.5 0.5 6 1 0.0334379 0.109383 
10.5 0.5 -0.5 1 0.437335 -0.237869 
10.5 0.5 6 1 0.474841 0.084618 
10.5 10.5 -0.5 1 0.330521 -0.403457 
10.5 10.5 6 1 0.394626 0.164379 
0.5 10.5 -0.5 1 -0.292596 -0.217809 
0.5 10.5 6 1 -0.257781 0.177777 
0.5 5.5 9.5 1 -0.0652114 0.307903 
10.5 5.5 9.5 1 0.472023 0.340369 
0.5 6.5 -0.5 1 -0.141131 -0.183194 
0.5 8.5 -0.5 1 -0.209654 -0.198854 
0.5 8.5 4.5 1 -0.184657 0.075404 
0.5 6.5 4.5 1 -0.117665 0.0671476 
0.5 2.5 2 1 -0.0241505 -0.052685 
0.5 4.5 2 1 -0.0725735 -0.0554163 
0.5 4.5 4.5 1 -0.0614828 0.0602234 
0.5 2.5 4.5 1 -0.0136889 0.0543331 
