0 0 0 1 0.271809 -0.399301 
0 0 6.5 1 0.237822 -0.0799638 
10 0 0 1 0.713729 -0.628955 
10 0 6.5 1 0.619008 -0.0240134 
10 10 0 1 -0.252552 -0.844023 
10 10 6.5 1 -0.282738 -0.0795546 
0 10 0 1 -0.232465 -0.472491 
0 10 6.5 1 -0.248164 -0.113593 
0 5 10 1 -0.00517357 0.0747251 
10 5 10 1 0.181658 0.271775 
0 6 0 1 -0.017003 -0.441219 
0 8 0 1 -0.122229 -0.456491 
0 8 5 1 -0.137834 -0.184391 
0 6 5 1 -0.0356996 -0.1756 
0 2 2.5 1 0.167503 -0.283883 
0 4 2.5 1 0.0726188 -0.2948 
0 4 5 1 0.0620403 -0.167186 
0 2 5 1 0.155664 -0.159127 
0.5 0.5 -0.5 1 0.263305 -0.435325 
0.5 0.5 6 1 0.228577 -0.104305 
10.5 0.5 -0.5 1 0.725996 -0.714909 
10.5 0.5 6 1 0.624592 -0.0667048 
10.5 10.5 -0.5 1 -0.317811 -0.971709 
10.5 10.5 6 1 -0.343997 -0.137097 
0.5 10.5 -0.5 1 -0.260914 -0.515706 
0.5 10.5 6 1 -0.27588 -0.142006 
0.5 5.5 9.5 1 -0.0227338 0.0547166 
10.5 5.5 9.5 1 0.15946 0.245464 
0.5 6.5 -0.5 1 -0.0364196 -0.481283 
0.5 8.5 -0.5 1 -0.145961 -0.49808 
0.5 8.5 4.5 1 -0.161297 -0.214937 
0.5 6.5 4.5 1 -0.0551056 -0.205147 
0.5 2.5 2 1 0.155452 -0.316241 
0.5 4.5 2 1 0.057041 -0.328264 
0.5 4.5 4.5 1 0.0463628 -0.195793 
0.5 2.5 4.5 1 0.143417 -0.186846 
