-0.461582 -0.359009 -0.451248 0.276948 
-0.252864 -0.119484 -0.238758 0.204316 
0.231473 -0.150938 0.265765 0.164792 
0.47141 -0.409947 0.559676 0.195438 
-0.461582 -0.359009 -0.252864 -0.119484 
-0.252864 -0.119484 0.231473 -0.150938 
0.231473 -0.150938 0.47141 -0.409947 
0.47141 -0.409947 -0.461582 -0.359009 
-0.451248 0.276948 0.0960835 0.615547 
0.0960835 0.615547 0.559676 0.195438 
-0.238758 0.204316 0.0301845 0.368084 
0.0301845 0.368084 0.265765 0.164792 
0.0960835 0.615547 0.0301845 0.368084 
-0.451248 0.276948 -0.238758 0.204316 
0.559676 0.195438 0.265765 0.164792 
0.106886 -0.390045 0.290549 -0.400072 
0.290549 -0.400072 0.346144 0.0611213 
0.346144 0.0611213 0.151107 0.0755974 
0.151107 0.0755974 0.106886 -0.390045 
-0.259266 -0.139648 -0.0639192 -0.152169 
-0.0639192 -0.152169 -0.0471723 0.0903143 
-0.0471723 0.0903143 -0.248777 0.105278 
-0.248777 0.105278 -0.259266 -0.139648 
