0 0 0 1 -0.614234 -0.288873 
0 0 6.5 1 -0.56076 0.297682 
10 0 0 1 -0.249696 -0.153085 
10 0 6.5 1 -0.219838 0.15632 
10 10 0 1 0.236977 -0.217362 
10 10 6.5 1 0.271721 0.116807 
0 10 0 1 0.317835 -0.442224 
0 10 6.5 1 0.389869 0.240204 
0 5 10 1 -0.0881893 0.615882 
10 5 10 1 0.0338113 0.311645 
0 6 0 1 -0.0895109 -0.375204 
0 8 0 1 0.107676 -0.407647 
0 8 5 1 0.159561 0.0995046 
0 6 5 1 -0.0407125 0.116421 
0 2 2.5 1 -0.427866 -0.0851583 
0 4 2.5 1 -0.251982 -0.107054 
0 4 5 1 -0.228908 0.132318 
0 2 5 1 -0.406085 0.147284 
0.5 0.5 -0.5 1 -0.546401 -0.32592 
0.5 0.5 6 1 -0.49433 0.238549 
10.5 0.5 -0.5 1 -0.220421 -0.175703 
10.5 0.5 6 1 -0.191023 0.127445 
10.5 10.5 -0.5 1 0.258169 -0.240392 
10.5 10.5 6 1 0.292272 0.0864895 
0.5 10.5 -0.5 1 0.356651 -0.478573 
0.5 10.5 6 1 0.425972 0.17414 
0.5 5.5 9.5 1 -0.0354352 0.539334 
10.5 5.5 9.5 1 0.0585534 0.278377 
0.5 6.5 -0.5 1 -0.0366734 -0.412085 
0.5 8.5 -0.5 1 0.153985 -0.444314 
0.5 8.5 4.5 1 0.204053 0.0414711 
0.5 6.5 4.5 1 0.0105345 0.0594367 
0.5 2.5 2 1 -0.364974 -0.131102 
0.5 4.5 2 1 -0.194143 -0.153469 
0.5 4.5 4.5 1 -0.171771 0.0763613 
0.5 2.5 4.5 1 -0.34381 0.0923329 
