0.263431 -0.265369 0.308096 0.120421 
-0.366088 -0.291881 -0.335572 0.196875 
-0.365284 -0.124312 -0.347577 0.163019 
0.0399464 -0.129436 0.0637121 0.118937 
0.263431 -0.265369 -0.366088 -0.291881 
-0.366088 -0.291881 -0.365284 -0.124312 
-0.365284 -0.124312 0.0399464 -0.129436 
0.0399464 -0.129436 0.263431 -0.265369 
0.308096 0.120421 0.17627 0.288705 
0.17627 0.288705 0.0637121 0.118937 
-0.335572 0.196875 -0.330528 0.379622 
-0.330528 0.379622 -0.347577 0.163019 
0.17627 0.288705 -0.330528 0.379622 
0.308096 0.120421 -0.335572 0.196875 
0.0637121 0.118937 -0.347577 0.163019 
0.107067 -0.170262 0.0709329 -0.148284 
0.0709329 -0.148284 0.0910793 0.0563652 
0.0910793 0.0563652 0.129592 0.051291 
0.129592 0.051291 0.107067 -0.170262 
0.215376 -0.0961293 0.162356 -0.0766903 
0.162356 -0.0766903 0.175224 0.0452789 
0.175224 0.0452789 0.23015 0.0380422 
0.23015 0.0380422 0.215376 -0.0961293 
