0 0 0 1 -0.099064 -0.0357713 
0 0 6.5 1 -0.0927254 0.215636 
10 0 0 1 0.293507 -0.0734048 
10 0 6.5 1 0.320378 0.200651 
10 10 0 1 0.324658 -0.23453 
10 10 6.5 1 0.373414 0.221097 
0 10 0 1 -0.295424 -0.153983 
0 10 6.5 1 -0.299832 0.242312 
0 5 10 1 -0.170003 0.406498 
10 5 10 1 0.360508 0.411282 
0 6 0 1 -0.195038 -0.0935492 
0 8 0 1 -0.240103 -0.120679 
0 8 5 1 -0.240298 0.148531 
0 6 5 1 -0.193168 0.150805 
0 2 2.5 1 -0.123996 0.0491892 
0 4 2.5 1 -0.156025 0.0385598 
0 4 5 1 -0.154366 0.152677 
0 2 5 1 -0.121862 0.154246 
0.5 0.5 -0.5 1 -0.0876112 -0.060209 
0.5 0.5 6 1 -0.0806042 0.195142 
10.5 0.5 -0.5 1 0.314366 -0.10096 
10.5 0.5 6 1 0.342918 0.177775 
10.5 10.5 -0.5 1 0.360809 -0.286557 
10.5 10.5 6 1 0.414722 0.182057 
0.5 10.5 -0.5 1 -0.283284 -0.196381 
0.5 10.5 6 1 -0.286904 0.209757 
0.5 5.5 9.5 1 -0.15649 0.385211 
10.5 5.5 9.5 1 0.391375 0.387336 
0.5 6.5 -0.5 1 -0.182708 -0.126389 
0.5 8.5 -0.5 1 -0.227717 -0.157711 
0.5 8.5 4.5 1 -0.227277 0.117364 
0.5 6.5 4.5 1 -0.180215 0.122796 
0.5 2.5 2 1 -0.111925 0.0241072 
0.5 4.5 2 1 -0.143627 0.0110101 
0.5 4.5 4.5 1 -0.141666 0.127246 
0.5 2.5 4.5 1 -0.10951 0.130957 
