0 0 0 1 -0.408878 -0.408236 
0 0 6.5 1 -0.428352 -0.0856193 
10 0 0 1 0.016931 -0.310097 
10 0 6.5 1 -0.00683181 -0.0521629 
10 10 0 1 0.324185 -0.405361 
10 10 6.5 1 0.279531 -0.0134359 
0 10 0 1 -0.288208 -0.618521 
0 10 6.5 1 -0.326609 -0.0548894 
0 5 10 1 -0.404292 0.13666 
10 5 10 1 0.0910055 0.124985 
0 6 0 1 -0.353203 -0.505258 
0 8 0 1 -0.32495 -0.554494 
0 8 5 1 -0.34997 -0.174182 
0 6 5 1 -0.374715 -0.169007 
0 2 2.5 1 -0.40226 -0.296638 
0 4 2.5 1 -0.38513 -0.31388 
0 4 5 1 -0.394447 -0.16488 
0 2 5 1 -0.41055 -0.161513 
0.5 0.5 -0.5 1 -0.376987 -0.433813 
0.5 0.5 6 1 -0.397431 -0.10711 
10.5 0.5 -0.5 1 0.0461962 -0.329686 
10.5 0.5 6 1 0.0216673 -0.0691429 
10.5 10.5 -0.5 1 0.373143 -0.43664 
10.5 10.5 6 1 0.326483 -0.0386621 
0.5 10.5 -0.5 1 -0.229545 -0.667784 
0.5 10.5 6 1 -0.271086 -0.0915821 
0.5 5.5 9.5 1 -0.365373 0.112826 
10.5 5.5 9.5 1 0.125933 0.106602 
0.5 6.5 -0.5 1 -0.309265 -0.541279 
0.5 8.5 -0.5 1 -0.274698 -0.596131 
0.5 8.5 4.5 1 -0.301534 -0.208406 
0.5 6.5 4.5 1 -0.332177 -0.199243 
0.5 2.5 2 1 -0.367617 -0.323024 
0.5 4.5 2 1 -0.346666 -0.343232 
0.5 4.5 4.5 1 -0.356532 -0.19196 
0.5 2.5 4.5 1 -0.376353 -0.186032 
