-0.487944 -0.443515 -0.486853 -0.0860306 
-0.038135 -0.346908 -0.0541728 -0.0791273 
0.311296 -0.416792 0.269037 -0.0246589 
-0.273448 -0.627236 -0.289523 -0.00711106 
-0.487944 -0.443515 -0.038135 -0.346908 
-0.038135 -0.346908 0.311296 -0.416792 
0.311296 -0.416792 -0.273448 -0.627236 
-0.273448 -0.627236 -0.487944 -0.443515 
-0.486853 -0.0860306 -0.415235 0.164909 
-0.415235 0.164909 -0.289523 -0.00711106 
-0.0541728 -0.0791273 0.0650506 0.103032 
0.0650506 0.103032 0.269037 -0.0246589 
-0.415235 0.164909 0.0650506 0.103032 
-0.486853 -0.0860306 -0.0541728 -0.0791273 
-0.289523 -0.00711106 0.269037 -0.0246589 
-0.389093 -0.528184 -0.338854 -0.571214 
-0.338854 -0.571214 -0.346148 -0.148167 
-0.346148 -0.148167 -0.393016 -0.153883 
-0.393016 -0.153883 -0.389093 -0.528184 
-0.461296 -0.311069 -0.429761 -0.322326 
-0.429761 -0.322326 -0.430592 -0.158465 
-0.430592 -0.158465 -0.461391 -0.162222 
-0.461391 -0.162222 -0.461296 -0.311069 
