0.401193 -0.503462 0.33939 0.0450399 
-0.271403 -0.443834 -0.27437 -0.0379552 
0.00488222 -0.335999 -0.00871266 -0.0741279 
0.443544 -0.347128 0.405066 -0.032535 
0.401193 -0.503462 -0.271403 -0.443834 
-0.271403 -0.443834 0.00488222 -0.335999 
0.00488222 -0.335999 0.443544 -0.347128 
0.443544 -0.347128 0.401193 -0.503462 
0.33939 0.0450399 0.3576 0.191086 
0.3576 0.191086 0.405066 -0.032535 
-0.27437 -0.0379552 -0.119419 0.0985542 
-0.119419 0.0985542 -0.00871266 -0.0741279 
0.3576 0.191086 -0.119419 0.0985542 
0.33939 0.0450399 -0.27437 -0.0379552 
0.405066 -0.032535 -0.00871266 -0.0741279 
0.431942 -0.389958 0.438294 -0.366507 
0.438294 -0.366507 0.405847 -0.0985515 
0.405847 -0.0985515 0.396547 -0.0940807 
0.396547 -0.0940807 0.431942 -0.389958 
0.39191 -0.26299 0.404114 -0.249314 
0.404114 -0.249314 0.385179 -0.0886155 
0.385179 -0.0886155 0.370967 -0.0817828 
0.370967 -0.0817828 0.39191 -0.26299 
