0.279764 -0.241804 0.25125 0.107076 
0.0962201 -0.562484 0.0328988 0.11196 
-0.576215 -0.432145 -0.637237 0.0306114 
-0.164268 -0.223122 -0.194423 0.0590075 
0.279764 -0.241804 0.0962201 -0.562484 
0.0962201 -0.562484 -0.576215 -0.432145 
-0.576215 -0.432145 -0.164268 -0.223122 
-0.164268 -0.223122 0.279764 -0.241804 
0.25125 0.107076 -0.0117819 0.253102 
-0.0117819 0.253102 -0.194423 0.0590075 
0.0328988 0.11196 -0.401878 0.373776 
-0.401878 0.373776 -0.637237 0.0306114 
-0.0117819 0.253102 -0.401878 0.373776 
0.25125 0.107076 0.0328988 0.11196 
-0.194423 0.0590075 -0.637237 0.0306114 
-0.00846249 -0.229677 -0.0894281 -0.226271 
-0.0894281 -0.226271 -0.112502 -0.00147848 
-0.112502 -0.00147848 -0.0314159 0.00439226 
-0.0314159 0.00439226 -0.00846249 -0.229677 
0.164021 -0.110756 0.0681284 -0.112143 
0.0681284 -0.112143 0.0566869 0.010771 
0.0566869 0.010771 0.152758 0.0177267 
0.152758 0.0177267 0.164021 -0.110756 
