0 0 0 1 0.237935 -0.397977 
0 0 6.5 1 0.21304 -0.0874163 
10 0 0 1 0.717826 -0.555031 
10 0 6.5 1 0.631333 -0.0073445 
10 10 0 1 -0.122107 -0.757746 
10 10 6.5 1 -0.135669 0.0144508 
0 10 0 1 -0.252922 -0.462889 
0 10 6.5 1 -0.251558 -0.0911283 
0 5 10 1 -0.00665154 0.0774634 
10 5 10 1 0.278033 0.294098 
0 6 0 1 -0.0351411 -0.434089 
0 8 0 1 -0.139919 -0.447945 
0 8 5 1 -0.144234 -0.168917 
0 6 5 1 -0.0440881 -0.165385 
0 2 2.5 1 0.144709 -0.281377 
0 4 2.5 1 0.0556601 -0.288727 
0 4 5 1 0.0493346 -0.16209 
0 2 5 1 0.136689 -0.159009 
0.5 0.5 -0.5 1 0.232669 -0.431464 
0.5 0.5 6 1 0.207219 -0.108556 
10.5 0.5 -0.5 1 0.739773 -0.627052 
10.5 0.5 6 1 0.646007 -0.0397835 
10.5 10.5 -0.5 1 -0.170778 -0.882026 
10.5 10.5 6 1 -0.178913 -0.0289636 
0.5 10.5 -0.5 1 -0.280443 -0.506033 
0.5 10.5 6 1 -0.277225 -0.116462 
0.5 5.5 9.5 1 -0.0206162 0.0610724 
10.5 5.5 9.5 1 0.271034 0.278196 
0.5 6.5 -0.5 1 -0.0518948 -0.472819 
0.5 8.5 -0.5 1 -0.161674 -0.488772 
0.5 8.5 4.5 1 -0.16509 -0.196742 
0.5 6.5 4.5 1 -0.0603881 -0.192073 
0.5 2.5 2 1 0.136002 -0.311034 
0.5 4.5 2 1 0.0433021 -0.319717 
0.5 4.5 4.5 1 0.0370271 -0.187728 
0.5 2.5 4.5 1 0.12789 -0.183676 
