-0.367269 -0.341174 -0.394592 -0.0386599 
0.0450696 -0.253431 0.0198331 -0.0013378 
0.323513 -0.353428 0.282136 0.0356583 
-0.2949 -0.539917 -0.342873 -0.0160743 
-0.367269 -0.341174 0.0450696 -0.253431 
0.0450696 -0.253431 0.323513 -0.353428 
0.323513 -0.353428 -0.2949 -0.539917 
-0.2949 -0.539917 -0.367269 -0.341174 
-0.394592 -0.0386599 -0.394096 0.173339 
-0.394096 0.173339 -0.342873 -0.0160743 
0.0198331 -0.0013378 0.106396 0.176176 
0.106396 0.176176 0.282136 0.0356583 
-0.394096 0.173339 0.106396 0.176176 
-0.394592 -0.0386599 0.0198331 -0.0013378 
-0.342873 -0.0160743 0.282136 0.0356583 
-0.333688 -0.433397 -0.316772 -0.479851 
-0.316772 -0.479851 -0.348909 -0.127471 
-0.348909 -0.127471 -0.362087 -0.120991 
-0.362087 -0.120991 -0.333688 -0.433397 
-0.369697 -0.238541 -0.359921 -0.255652 
-0.359921 -0.255652 -0.3726 -0.115822 
-0.3726 -0.115822 -0.381182 -0.111603 
-0.381182 -0.111603 -0.369697 -0.238541 
