0.260372 -0.258236 0.304699 0.123695 
-0.361032 -0.299371 -0.335479 0.193779 
-0.376946 -0.121494 -0.362624 0.16934 
0.0290158 -0.120206 0.0515444 0.128017 
0.260372 -0.258236 -0.361032 -0.299371 
-0.361032 -0.299371 -0.376946 -0.121494 
-0.376946 -0.121494 0.0290158 -0.120206 
0.0290158 -0.120206 0.260372 -0.258236 
0.304699 0.123695 0.167501 0.296193 
0.167501 0.296193 0.0515444 0.128017 
-0.335479 0.193779 -0.342198 0.386973 
-0.342198 0.386973 -0.362624 0.16934 
0.167501 0.296193 -0.342198 0.386973 
0.304699 0.123695 -0.335479 0.193779 
0.0515444 0.128017 -0.362624 0.16934 
0.0989333 -0.161919 0.0613403 -0.139491 
0.0613403 -0.139491 0.0805704 0.0645376 
0.0805704 0.0645376 0.120618 0.0586048 
0.120618 0.0586048 0.0989333 -0.161919 
0.210219 -0.0901133 0.155421 -0.0698314 
0.155421 -0.0698314 0.167947 0.0515932 
0.167947 0.0515932 0.224742 0.0431792 
0.224742 0.0431792 0.210219 -0.0901133 
