-0.44112 -0.371826 -0.434908 0.265564 
-0.252635 -0.12059 -0.240784 0.204267 
0.230224 -0.14683 0.263551 0.166764 
0.483316 -0.407378 0.571622 0.187849 
-0.44112 -0.371826 -0.252635 -0.12059 
-0.252635 -0.12059 0.230224 -0.14683 
0.230224 -0.14683 0.483316 -0.407378 
0.483316 -0.407378 -0.44112 -0.371826 
-0.434908 0.265564 0.115036 0.606334 
0.115036 0.606334 0.571622 0.187849 
-0.240784 0.204267 0.0285948 0.369513 
0.0285948 0.369513 0.263551 0.166764 
0.115036 0.606334 0.0285948 0.369513 
-0.434908 0.265564 -0.240784 0.204267 
0.571622 0.187849 0.263551 0.166764 
0.126288 -0.393647 0.30683 -0.40059 
0.30683 -0.40059 0.362184 0.0539453 
0.362184 0.0539453 0.169883 0.0669496 
0.169883 0.0669496 0.126288 -0.393647 
-0.238702 -0.150736 -0.0433514 -0.160999 
-0.0433514 -0.160999 -0.0271991 0.0802772 
-0.0271991 0.0802772 -0.229245 0.0939406 
-0.229245 0.0939406 -0.238702 -0.150736 
