0 0 0 1 -0.0869754 -0.0357103 
0 0 6.5 1 -0.0776394 0.215632 
10 0 0 1 0.307253 -0.0789806 
10 0 6.5 1 0.336804 0.198445 
10 10 0 1 0.325021 -0.236592 
10 10 6.5 1 0.377328 0.227344 
0 10 0 1 -0.294192 -0.145108 
0 10 6.5 1 -0.293749 0.25023 
0 5 10 1 -0.156472 0.408509 
10 5 10 1 0.374038 0.414321 
0 6 0 1 -0.188423 -0.0892685 
0 8 0 1 -0.235948 -0.114359 
0 8 5 1 -0.232885 0.154596 
0 6 5 1 -0.183617 0.154951 
0 2 2.5 1 -0.112267 0.0505284 
0 4 2.5 1 -0.145999 0.0412729 
0 4 5 1 -0.142976 0.155244 
0 2 5 1 -0.10888 0.15549 
0.5 0.5 -0.5 1 -0.0762713 -0.0601668 
0.5 0.5 6 1 -0.0662622 0.195343 
10.5 0.5 -0.5 1 0.327887 -0.107072 
10.5 0.5 6 1 0.359154 0.175427 
10.5 10.5 -0.5 1 0.360542 -0.289959 
10.5 10.5 6 1 0.418076 0.188261 
0.5 10.5 -0.5 1 -0.283826 -0.187258 
0.5 10.5 6 1 -0.282616 0.218458 
0.5 5.5 9.5 1 -0.144062 0.387774 
10.5 5.5 9.5 1 0.404627 0.39063 
0.5 6.5 -0.5 1 -0.177296 -0.122027 
0.5 8.5 -0.5 1 -0.22501 -0.151243 
0.5 8.5 4.5 1 -0.221321 0.123916 
0.5 6.5 4.5 1 -0.17187 0.127304 
0.5 2.5 2 1 -0.101061 0.0255516 
0.5 4.5 2 1 -0.134616 0.013878 
0.5 4.5 4.5 1 -0.131291 0.130084 
0.5 2.5 4.5 1 -0.0973925 0.132406 
