-0.637628 -0.524437 -0.584663 -0.0862616 
-0.146894 -0.415058 -0.137712 -0.125221 
0.278064 -0.494506 0.259579 -0.101213 
-0.173617 -0.748702 -0.148481 -0.020575 
-0.637628 -0.524437 -0.146894 -0.415058 
-0.146894 -0.415058 0.278064 -0.494506 
0.278064 -0.494506 -0.173617 -0.748702 
-0.173617 -0.748702 -0.637628 -0.524437 
-0.584663 -0.0862616 -0.394497 0.191158 
-0.394497 0.191158 -0.148481 -0.020575 
-0.137712 -0.125221 0.0319725 0.0481769 
0.0319725 0.0481769 0.259579 -0.101213 
-0.394497 0.191158 0.0319725 0.0481769 
-0.584663 -0.0862616 -0.137712 -0.125221 
-0.148481 -0.020575 0.259579 -0.101213 
-0.419012 -0.630098 -0.311075 -0.682266 
-0.311075 -0.682266 -0.280907 -0.174275 
-0.280907 -0.174275 -0.383027 -0.176461 
-0.383027 -0.176461 -0.419012 -0.630098 
-0.556495 -0.360011 -0.485659 -0.375262 
-0.485659 -0.375262 -0.466811 -0.178255 
-0.466811 -0.178255 -0.53679 -0.179753 
-0.53679 -0.179753 -0.556495 -0.360011 
