0 0 0 1 -0.115334 -0.0349696 
0 0 6.5 1 -0.113175 0.21693 
10 0 0 1 0.275585 -0.0643238 
10 0 6.5 1 0.298531 0.205906 
10 10 0 1 0.324454 -0.226759 
10 10 6.5 1 0.367987 0.219535 
0 10 0 1 -0.29709 -0.162636 
0 10 6.5 1 -0.307997 0.235797 
0 5 10 1 -0.188423 0.406305 
10 5 10 1 0.342164 0.411434 
0 6 0 1 -0.20396 -0.0972213 
0 8 0 1 -0.245713 -0.126549 
0 8 5 1 -0.250314 0.143596 
0 6 5 1 -0.2061 0.147816 
0 2 2.5 1 -0.139835 0.0488293 
0 4 2.5 1 -0.16957 0.0367789 
0 4 5 1 -0.169791 0.151282 
0 2 5 1 -0.13944 0.15418 
0.5 0.5 -0.5 1 -0.102848 -0.059301 
0.5 0.5 6 1 -0.100025 0.196283 
10.5 0.5 -0.5 1 0.296818 -0.0911005 
10.5 0.5 6 1 0.321389 0.183364 
10.5 10.5 -0.5 1 0.361515 -0.27685 
10.5 10.5 6 1 0.410086 0.181005 
0.5 10.5 -0.5 1 -0.282559 -0.205167 
0.5 10.5 6 1 -0.292626 0.202502 
0.5 5.5 9.5 1 -0.173395 0.384491 
10.5 5.5 9.5 1 0.373454 0.387448 
0.5 6.5 -0.5 1 -0.189996 -0.130036 
0.5 8.5 -0.5 1 -0.231369 -0.163617 
0.5 8.5 4.5 1 -0.235311 0.112009 
0.5 6.5 4.5 1 -0.1915 0.119513 
0.5 2.5 2 1 -0.126573 0.0237216 
0.5 4.5 2 1 -0.155783 0.00915826 
0.5 4.5 4.5 1 -0.1557 0.125646 
0.5 2.5 4.5 1 -0.125897 0.130751 
