0.257805 -0.0824907 0.251913 0.282896 
-0.124832 -0.298474 -0.177998 0.343184 
-0.558281 -0.157662 -0.62011 0.243772 
-0.13195 -0.0402629 -0.153892 0.232328 
0.257805 -0.0824907 -0.124832 -0.298474 
-0.124832 -0.298474 -0.558281 -0.157662 
-0.558281 -0.157662 -0.13195 -0.0402629 
-0.13195 -0.0402629 0.257805 -0.0824907 
0.251913 0.282896 0.00916481 0.435761 
0.00916481 0.435761 -0.153892 0.232328 
-0.177998 0.343184 -0.490752 0.583417 
-0.490752 0.583417 -0.62011 0.243772 
0.00916481 0.435761 -0.490752 0.583417 
0.251913 0.282896 -0.177998 0.343184 
-0.153892 0.232328 -0.62011 0.243772 
-0.00180033 -0.0543639 -0.0702713 -0.0469455 
-0.0702713 -0.0469455 -0.0856471 0.17156 
-0.0856471 0.17156 -0.0154355 0.176349 
-0.0154355 0.176349 -0.00180033 -0.0543639 
0.156459 0.055168 0.0690833 0.0571064 
0.0690833 0.0571064 0.0632905 0.181719 
0.0632905 0.181719 0.15218 0.187782 
0.15218 0.187782 0.156459 0.055168 
