0.208977 -0.43896 0.15938 0.191067 
-0.228724 -0.250258 -0.269075 0.108422 
0.145125 -0.136723 0.123262 0.130243 
0.591841 -0.20163 0.573464 0.191268 
0.208977 -0.43896 -0.228724 -0.250258 
-0.228724 -0.250258 0.145125 -0.136723 
0.145125 -0.136723 0.591841 -0.20163 
0.591841 -0.20163 0.208977 -0.43896 
0.15938 0.191067 0.399995 0.467679 
0.399995 0.467679 0.573464 0.191268 
-0.269075 0.108422 -0.0595138 0.292054 
-0.0595138 0.292054 0.123262 0.130243 
0.399995 0.467679 -0.0595138 0.292054 
0.15938 0.191067 -0.269075 0.108422 
0.573464 0.191268 0.123262 0.130243 
0.479411 -0.271324 0.540202 -0.23364 
0.540202 -0.23364 0.523659 0.0906553 
0.523659 0.0906553 0.459645 0.0814584 
0.459645 0.0814584 0.479411 -0.271324 
0.303931 -0.160694 0.394979 -0.125916 
0.394979 -0.125916 0.382794 0.0704175 
0.382794 0.0704175 0.288817 0.056916 
0.288817 0.056916 0.303931 -0.160694 
