0 0 0 1 -0.644252 -0.3227 
0 0 6.5 1 -0.58118 0.245115 
10 0 0 1 -0.248763 -0.191456 
10 0 6.5 1 -0.216947 0.11413 
10 10 0 1 0.235499 -0.261453 
10 10 6.5 1 0.267766 0.0777245 
0 10 0 1 0.262729 -0.4961 
0 10 6.5 1 0.328303 0.199778 
0 5 10 1 -0.137569 0.555573 
10 5 10 1 0.0300678 0.268423 
0 6 0 1 -0.144908 -0.418167 
0 8 0 1 0.0501517 -0.455459 
0 8 5 1 0.100575 0.0581654 
0 6 5 1 -0.0947942 0.0741505 
0 2 2.5 1 -0.465776 -0.123854 
0 4 2.5 1 -0.299574 -0.14645 
0 4 5 1 -0.274834 0.0888813 
0 2 5 1 -0.441281 0.1025 
0.5 0.5 -0.5 1 -0.577502 -0.360441 
0.5 0.5 6 1 -0.517103 0.189712 
10.5 0.5 -0.5 1 -0.219302 -0.21432 
10.5 0.5 6 1 -0.188202 0.0860761 
10.5 10.5 -0.5 1 0.258737 -0.28541 
10.5 10.5 6 1 0.290242 0.0473858 
0.5 10.5 -0.5 1 0.308493 -0.535219 
0.5 10.5 6 1 0.370983 0.134314 
0.5 5.5 9.5 1 -0.0830953 0.484442 
10.5 5.5 9.5 1 0.0556722 0.236232 
0.5 6.5 -0.5 1 -0.088138 -0.456977 
0.5 8.5 -0.5 1 0.101974 -0.49448 
0.5 8.5 4.5 1 0.150062 0.000457569 
0.5 6.5 4.5 1 -0.0402999 0.0181459 
0.5 2.5 2 1 -0.402763 -0.169416 
0.5 4.5 2 1 -0.239881 -0.192969 
0.5 4.5 4.5 1 -0.216237 0.0344939 
0.5 2.5 4.5 1 -0.379329 0.0496484 
