0 0 0 1 0.0693202 -0.368482 
0 0 6.5 1 0.0893216 -0.0965593 
10 0 0 1 0.522844 -0.508769 
10 0 6.5 1 0.532575 -0.125892 
10 10 0 1 0.210913 -0.740645 
10 10 6.5 1 0.248045 -0.0826419 
0 10 0 1 -0.308727 -0.445058 
0 10 6.5 1 -0.265231 -0.0582994 
0 5 10 1 -0.0431037 0.0825457 
10 5 10 1 0.435251 0.13146 
0 6 0 1 -0.124336 -0.407708 
0 8 0 1 -0.209258 -0.42491 
0 8 5 1 -0.180953 -0.148192 
0 6 5 1 -0.10033 -0.151143 
0 2 2.5 1 0.0219998 -0.266581 
0 4 2.5 1 -0.0405719 -0.271755 
0 4 5 1 -0.0304186 -0.153702 
0 2 5 1 0.0307836 -0.155942 
0.5 0.5 -0.5 1 0.0707013 -0.398648 
0.5 0.5 6 1 0.091296 -0.117213 
10.5 0.5 -0.5 1 0.545882 -0.558194 
10.5 0.5 6 1 0.55509 -0.156213 
10.5 10.5 -0.5 1 0.226181 -0.848222 
10.5 10.5 6 1 0.265078 -0.131778 
0.5 10.5 -0.5 1 -0.324617 -0.492378 
0.5 10.5 6 1 -0.278478 -0.0860913 
0.5 5.5 9.5 1 -0.045673 0.0652464 
10.5 5.5 9.5 1 0.45766 0.108215 
0.5 6.5 -0.5 1 -0.13041 -0.446332 
0.5 8.5 -0.5 1 -0.21952 -0.46746 
0.5 8.5 4.5 1 -0.189714 -0.177803 
0.5 6.5 4.5 1 -0.105299 -0.178679 
0.5 2.5 2 1 0.0218262 -0.294837 
0.5 4.5 2 1 -0.04306 -0.302173 
0.5 4.5 4.5 1 -0.0325057 -0.179436 
0.5 2.5 4.5 1 0.0309105 -0.180094 
