-0.127714 -0.0330994 -0.128785 0.219578 
0.26243 -0.055801 0.282226 0.212137 
0.324549 -0.216429 0.363869 0.224422 
-0.298523 -0.165692 -0.314298 0.235325 
-0.127714 -0.0330994 0.26243 -0.055801 
0.26243 -0.055801 0.324549 -0.216429 
0.324549 -0.216429 -0.298523 -0.165692 
-0.298523 -0.165692 -0.127714 -0.0330994 
-0.128785 0.219578 -0.20255 0.40909 
-0.20255 0.40909 -0.314298 0.235325 
0.282226 0.212137 0.328283 0.415519 
0.328283 0.415519 0.363869 0.224422 
-0.20255 0.40909 0.328283 0.415519 
-0.128785 0.219578 0.282226 0.212137 
-0.314298 0.235325 0.363869 0.224422 
-0.210837 -0.0976246 -0.250106 -0.128108 
-0.250106 -0.128108 -0.258033 0.143379 
-0.258033 0.143379 -0.216026 0.148457 
-0.216026 0.148457 -0.210837 -0.0976246 
-0.151924 0.050345 -0.179936 0.0376199 
-0.179936 0.0376199 -0.181598 0.152619 
-0.181598 0.152619 -0.152867 0.156092 
-0.152867 0.156092 -0.151924 0.050345 
