0.00248295 -0.124331 0.0274509 0.12774 
0.41708 -0.204225 0.453128 0.108244 
0.301648 -0.336722 0.361568 0.200771 
-0.288885 -0.177752 -0.255385 0.202862 
0.00248295 -0.124331 0.41708 -0.204225 
0.41708 -0.204225 0.301648 -0.336722 
0.301648 -0.336722 -0.288885 -0.177752 
-0.288885 -0.177752 0.00248295 -0.124331 
0.0274509 0.12774 -0.0693587 0.323894 
-0.0693587 0.323894 -0.255385 0.202862 
0.453128 0.108244 0.444398 0.359992 
0.444398 0.359992 0.361568 0.200771 
-0.0693587 0.323894 0.444398 0.359992 
0.0274509 0.12774 0.453128 0.108244 
-0.255385 0.202862 0.361568 0.200771 
-0.142928 -0.150992 -0.209204 -0.163143 
-0.209204 -0.163143 -0.185091 0.101726 
-0.185091 0.101726 -0.120243 0.0915033 
-0.120243 0.0915033 -0.142928 -0.150992 
-0.0289364 -0.0286269 -0.0762859 -0.029402 
-0.0762859 -0.029402 -0.0655439 0.0828808 
-0.0655439 0.0828808 -0.0187849 0.0755099 
-0.0187849 0.0755099 -0.0289364 -0.0286269 
