0 0 0 1 0.397231 -0.487714 
0 0 6.5 1 0.3321 0.0681367 
10 0 0 1 -0.262054 -0.426052 
10 0 6.5 1 -0.271235 -0.0258468 
10 10 0 1 0.0236858 -0.317922 
10 10 6.5 1 0.00666487 -0.0570757 
0 10 0 1 0.463906 -0.327797 
0 10 6.5 1 0.422532 -0.00878077 
0 5 10 1 0.364165 0.218769 
10 5 10 1 -0.111708 0.113663 
0 6 0 1 0.445613 -0.371671 
0 8 0 1 0.455627 -0.347655 
0 8 5 1 0.420853 -0.0762136 
0 6 5 1 0.407795 -0.0720019 
0 2 2.5 1 0.394107 -0.244293 
0 4 2.5 1 0.412029 -0.229922 
0 4 5 1 0.391831 -0.0668529 
0 2 5 1 0.371869 -0.0604145 
0.5 0.5 -0.5 1 0.363834 -0.514343 
0.5 0.5 6 1 0.304214 0.0181573 
10.5 0.5 -0.5 1 -0.26265 -0.447416 
10.5 0.5 6 1 -0.271489 -0.0594553 
10.5 10.5 -0.5 1 0.0166191 -0.334482 
10.5 10.5 6 1 0.000245462 -0.078882 
0.5 10.5 -0.5 1 0.442643 -0.347808 
0.5 10.5 6 1 0.403367 -0.0365992 
0.5 5.5 9.5 1 0.342837 0.177453 
10.5 5.5 9.5 1 -0.116103 0.0836687 
0.5 6.5 -0.5 1 0.42068 -0.394218 
0.5 8.5 -0.5 1 0.43267 -0.368882 
0.5 8.5 4.5 1 0.399825 -0.104782 
0.5 6.5 4.5 1 0.385161 -0.103476 
0.5 2.5 2 1 0.365858 -0.277142 
0.5 4.5 2 1 0.386211 -0.259702 
0.5 4.5 4.5 1 0.367353 -0.101889 
0.5 2.5 4.5 1 0.345268 -0.0999214 
