0.271809 -0.399301 0.237822 -0.0799638 
0.713729 -0.628955 0.619008 -0.0240134 
-0.252552 -0.844023 -0.282738 -0.0795546 
-0.232465 -0.472491 -0.248164 -0.113593 
0.271809 -0.399301 0.713729 -0.628955 
0.713729 -0.628955 -0.252552 -0.844023 
-0.252552 -0.844023 -0.232465 -0.472491 
-0.232465 -0.472491 0.271809 -0.399301 
0.237822 -0.0799638 -0.00517357 0.0747251 
-0.00517357 0.0747251 -0.248164 -0.113593 
0.619008 -0.0240134 0.181658 0.271775 
0.181658 0.271775 -0.282738 -0.0795546 
-0.00517357 0.0747251 0.181658 0.271775 
0.237822 -0.0799638 0.619008 -0.0240134 
-0.248164 -0.113593 -0.282738 -0.0795546 
-0.017003 -0.441219 -0.122229 -0.456491 
-0.122229 -0.456491 -0.137834 -0.184391 
-0.137834 -0.184391 -0.0356996 -0.1756 
-0.0356996 -0.1756 -0.017003 -0.441219 
0.167503 -0.283883 0.0726188 -0.2948 
0.0726188 -0.2948 0.0620403 -0.167186 
0.0620403 -0.167186 0.155664 -0.159127 
0.155664 -0.159127 0.167503 -0.283883 
