0 0 0 1 0.37645 -0.68752 
0 0 6.5 1 0.352677 -0.163452 
10 0 0 1 -0.350536 -0.606552 
10 0 6.5 1 -0.313337 -0.153447 
10 10 0 1 -0.130585 -0.445155 
10 10 6.5 1 -0.118392 -0.171805 
0 10 0 1 0.300336 -0.476895 
0 10 6.5 1 0.290406 -0.179223 
0 5 10 1 0.306549 0.0105686 
10 5 10 1 -0.183235 0.00210359 
0 6 0 1 0.321196 -0.534619 
0 8 0 1 0.309775 -0.503016 
0 8 5 1 0.30091 -0.248957 
0 6 5 1 0.310874 -0.25365 
0 2 2.5 1 0.345452 -0.439016 
0 4 2.5 1 0.328994 -0.412007 
0 4 5 1 0.323044 -0.259383 
0 2 5 1 0.338246 -0.266542 
0.5 0.5 -0.5 1 0.331501 -0.707823 
0.5 0.5 6 1 0.312484 -0.199603 
10.5 0.5 -0.5 1 -0.366316 -0.626827 
10.5 0.5 6 1 -0.328997 -0.185577 
10.5 10.5 -0.5 1 -0.144497 -0.460659 
10.5 10.5 6 1 -0.131853 -0.191641 
0.5 10.5 -0.5 1 0.276084 -0.493052 
0.5 10.5 6 1 0.26763 -0.200518 
0.5 5.5 9.5 1 0.278624 -0.0197887 
10.5 5.5 9.5 1 -0.197821 -0.0253564 
0.5 6.5 -0.5 1 0.29145 -0.552604 
0.5 8.5 -0.5 1 0.283054 -0.520065 
0.5 8.5 4.5 1 0.275577 -0.270878 
0.5 6.5 4.5 1 0.282835 -0.277589 
0.5 2.5 2 1 0.308474 -0.463894 
0.5 4.5 2 1 0.296567 -0.434879 
0.5 4.5 4.5 1 0.291656 -0.285747 
0.5 2.5 4.5 1 0.302609 -0.295874 
