0 0 0 1 0.26682 -0.171884 
0 0 6.5 1 0.248525 0.181663 
10 0 0 1 -0.0209574 -0.453568 
10 0 6.5 1 -0.0786541 0.195204 
10 10 0 1 -0.567855 -0.304862 
10 10 6.5 1 -0.632932 0.119402 
0 10 0 1 -0.149487 -0.137776 
0 10 6.5 1 -0.177158 0.13667 
0 5 10 1 -0.00551414 0.33225 
10 5 10 1 -0.45506 0.452726 
0 6 0 1 -0.00703402 -0.149447 
0 8 0 1 -0.0815347 -0.143343 
0 8 5 1 -0.101892 0.0759355 
0 6 5 1 -0.0263684 0.0805182 
0 2 2.5 1 0.157807 -0.0381053 
0 4 2.5 1 0.0661422 -0.0370042 
0 4 5 1 0.0570211 0.0855783 
0 2 5 1 0.149572 0.0911942 
0.5 0.5 -0.5 1 0.233456 -0.20366 
0.5 0.5 6 1 0.213644 0.150592 
10.5 0.5 -0.5 1 -0.0853163 -0.514941 
10.5 0.5 6 1 -0.148843 0.136054 
10.5 10.5 -0.5 1 -0.61384 -0.344206 
10.5 10.5 6 1 -0.68175 0.0810287 
0.5 10.5 -0.5 1 -0.177292 -0.162391 
0.5 10.5 6 1 -0.205994 0.112479 
0.5 5.5 9.5 1 -0.0378327 0.305402 
10.5 5.5 9.5 1 -0.515107 0.407254 
0.5 6.5 -0.5 1 -0.036854 -0.176502 
0.5 8.5 -0.5 1 -0.110315 -0.169121 
0.5 8.5 4.5 1 -0.131519 0.0505047 
0.5 6.5 4.5 1 -0.0570997 0.053845 
0.5 2.5 2 1 0.125176 -0.0679145 
0.5 4.5 2 1 0.0347305 -0.0652698 
0.5 4.5 4.5 1 0.0251097 0.0575349 
0.5 2.5 4.5 1 0.1164 0.0616325 
