0 0 0 1 0.0884573 -0.400642 
0 0 6.5 1 0.104789 -0.122016 
10 0 0 1 0.55339 -0.549849 
10 0 6.5 1 0.552808 -0.145806 
10 10 0 1 0.187734 -0.790898 
10 10 6.5 1 0.217829 -0.100444 
0 10 0 1 -0.30797 -0.476367 
0 10 6.5 1 -0.26552 -0.0861399 
0 5 10 1 -0.0372952 0.0570534 
10 5 10 1 0.430624 0.11965 
0 6 0 1 -0.116076 -0.439712 
0 8 0 1 -0.204796 -0.456659 
0 8 5 1 -0.177878 -0.175745 
0 6 5 1 -0.0939619 -0.178383 
0 2 2.5 1 0.0363682 -0.295669 
0 4 2.5 1 -0.0296832 -0.300883 
0 4 5 1 -0.0206866 -0.180688 
0 2 5 1 0.0438509 -0.182717 
0.5 0.5 -0.5 1 0.0891749 -0.431746 
0.5 0.5 6 1 0.106013 -0.142878 
10.5 0.5 -0.5 1 0.57755 -0.602914 
10.5 0.5 6 1 0.575645 -0.177021 
10.5 10.5 -0.5 1 0.198409 -0.906876 
10.5 10.5 6 1 0.229947 -0.150206 
0.5 10.5 -0.5 1 -0.326103 -0.524411 
0.5 10.5 6 1 -0.280761 -0.113802 
0.5 5.5 9.5 1 -0.0411872 0.039902 
10.5 5.5 9.5 1 0.451438 0.0968396 
0.5 6.5 -0.5 1 -0.123643 -0.479234 
0.5 8.5 -0.5 1 -0.216908 -0.500045 
0.5 8.5 4.5 1 -0.188382 -0.205464 
0.5 6.5 4.5 1 -0.100384 -0.206116 
0.5 2.5 2 1 0.0352726 -0.324515 
0.5 4.5 2 1 -0.0333508 -0.331855 
0.5 4.5 4.5 1 -0.0239596 -0.206682 
0.5 2.5 4.5 1 0.0430333 -0.207178 
