0.30288 -0.42552 0.326992 0.00801777 
-0.382201 -0.378735 -0.327972 0.0710571 
-0.254473 -0.260723 -0.225223 0.00585645 
0.152843 -0.291736 0.171258 -0.0309437 
0.30288 -0.42552 -0.382201 -0.378735 
-0.382201 -0.378735 -0.254473 -0.260723 
-0.254473 -0.260723 0.152843 -0.291736 
0.152843 -0.291736 0.30288 -0.42552 
0.326992 0.00801777 0.241073 0.150977 
0.241073 0.150977 0.171258 -0.0309437 
-0.327972 0.0710571 -0.244209 0.201861 
-0.244209 0.201861 -0.225223 0.00585645 
0.241073 0.150977 -0.244209 0.201861 
0.326992 0.00801777 -0.327972 0.0710571 
0.171258 -0.0309437 -0.225223 0.00585645 
0.195672 -0.329926 0.172392 -0.309167 
0.172392 -0.309167 0.187447 -0.0898243 
0.187447 -0.0898243 0.211601 -0.0896511 
0.211601 -0.0896511 0.195672 -0.329926 
0.267746 -0.235551 0.232403 -0.220563 
0.232403 -0.220563 0.240725 -0.0894423 
0.240725 -0.0894423 0.276527 -0.0891856 
0.276527 -0.0891856 0.267746 -0.235551 
