0.327949 -0.545168 0.26399 0.062378 
-0.224898 -0.384922 -0.260212 -0.0114823 
0.112225 -0.248499 0.0856922 0.0127057 
0.562505 -0.292287 0.522991 0.0652929 
0.327949 -0.545168 -0.224898 -0.384922 
-0.224898 -0.384922 0.112225 -0.248499 
0.112225 -0.248499 0.562505 -0.292287 
0.562505 -0.292287 0.327949 -0.545168 
0.26399 0.062378 0.400772 0.303282 
0.400772 0.303282 0.522991 0.0652929 
-0.260212 -0.0114823 -0.0730833 0.166695 
-0.0730833 0.166695 0.0856922 0.0127057 
0.400772 0.303282 -0.0730833 0.166695 
0.26399 0.062378 -0.260212 -0.0114823 
0.522991 0.0652929 0.0856922 0.0127057 
0.496404 -0.363553 0.532418 -0.324725 
0.532418 -0.324725 0.49944 -0.02446 
0.49944 -0.02446 0.460437 -0.0336542 
0.460437 -0.0336542 0.496404 -0.363553 
0.375829 -0.26342 0.432675 -0.227182 
0.432675 -0.227182 0.412974 -0.0448426 
0.412974 -0.0448426 0.353965 -0.0587529 
0.353965 -0.0587529 0.375829 -0.26342 
