0 0 0 1 -0.284454 -0.384521 
0 0 6.5 1 -0.300114 0.268503 
10 0 0 1 -0.24854 -0.102807 
10 0 6.5 1 -0.253782 0.23244 
10 10 0 1 0.221139 -0.0898032 
10 10 6.5 1 0.244163 0.213139 
0 10 0 1 0.557546 -0.314662 
0 10 6.5 1 0.637601 0.225848 
0 5 10 1 0.243198 0.627142 
10 5 10 1 0.0142258 0.410621 
0 6 0 1 0.256633 -0.339628 
0 8 0 1 0.41225 -0.326717 
0 8 5 1 0.462075 0.09281 
0 6 5 1 0.29452 0.0949768 
0 2 2.5 1 -0.0866946 -0.145063 
0 4 2.5 1 0.100987 -0.13807 
0 4 5 1 0.113479 0.097318 
0 2 5 1 -0.0827414 0.0998555 
0.5 0.5 -0.5 1 -0.232848 -0.396538 
0.5 0.5 6 1 -0.24093 0.209558 
10.5 0.5 -0.5 1 -0.222232 -0.118479 
10.5 0.5 6 1 -0.225627 0.204045 
10.5 10.5 -0.5 1 0.231009 -0.104449 
10.5 10.5 6 1 0.253869 0.188068 
0.5 10.5 -0.5 1 0.557197 -0.328429 
0.5 10.5 6 1 0.632614 0.179582 
0.5 5.5 9.5 1 0.263826 0.546267 
10.5 5.5 9.5 1 0.0326572 0.37663 
0.5 6.5 -0.5 1 0.272981 -0.352931 
0.5 8.5 -0.5 1 0.419701 -0.340282 
0.5 8.5 4.5 1 0.467233 0.0537726 
0.5 6.5 4.5 1 0.309955 0.0543899 
0.5 2.5 2 1 -0.0470824 -0.172027 
0.5 4.5 2 1 0.127928 -0.164478 
0.5 4.5 4.5 1 0.14081 0.0550537 
0.5 2.5 4.5 1 -0.0415973 0.0557695 
