0.0729742 -0.376131 0.092317 -0.102844 
0.5288 -0.518622 0.536596 -0.131524 
0.206415 -0.753361 0.242185 -0.0885631 
-0.308859 -0.452891 -0.265458 -0.0653222 
0.0729742 -0.376131 0.5288 -0.518622 
0.5288 -0.518622 0.206415 -0.753361 
0.206415 -0.753361 -0.308859 -0.452891 
-0.308859 -0.452891 0.0729742 -0.376131 
0.092317 -0.102844 -0.0420113 0.0761608 
-0.0420113 0.0761608 -0.265458 -0.0653222 
0.536596 -0.131524 0.434456 0.12723 
0.434456 0.12723 0.242185 -0.0885631 
-0.0420113 0.0761608 0.434456 0.12723 
0.092317 -0.102844 0.536596 -0.131524 
-0.265458 -0.0653222 0.242185 -0.0885631 
-0.122887 -0.415505 -0.2086 -0.432736 
-0.2086 -0.432736 -0.180495 -0.155104 
-0.180495 -0.155104 -0.0991903 -0.15793 
-0.0991903 -0.15793 -0.122887 -0.415505 
0.0247297 -0.27365 -0.0385453 -0.278885 
-0.0385453 -0.278885 -0.0285924 -0.160384 
-0.0285924 -0.160384 0.0332827 -0.162535 
0.0332827 -0.162535 0.0247297 -0.27365 
