0 0 0 1 0.380157 -0.502926 
0 0 6.5 1 0.310881 0.0786214 
10 0 0 1 -0.242075 -0.410516 
10 0 6.5 1 -0.265056 -0.0211184 
10 10 0 1 0.0668471 -0.288617 
10 10 6.5 1 0.0432826 -0.0281809 
0 10 0 1 0.512545 -0.30599 
0 10 6.5 1 0.467549 0.0282849 
0 5 10 1 0.38205 0.261068 
10 5 10 1 -0.0936467 0.134872 
0 6 0 1 0.476006 -0.360345 
0 8 0 1 0.495987 -0.330623 
0 8 5 1 0.458397 -0.0472236 
0 6 5 1 0.435269 -0.0476486 
0 2 2.5 1 0.395554 -0.242035 
0 4 2.5 1 0.428819 -0.219497 
0 4 5 1 0.406995 -0.0481683 
0 2 5 1 0.371639 -0.048818 
0.5 0.5 -0.5 1 0.352076 -0.524878 
0.5 0.5 6 1 0.287917 0.0275534 
10.5 0.5 -0.5 1 -0.237906 -0.428775 
10.5 0.5 6 1 -0.260218 -0.0526455 
10.5 10.5 -0.5 1 0.0618968 -0.304039 
10.5 10.5 6 1 0.0390353 -0.0495992 
0.5 10.5 -0.5 1 0.491832 -0.325195 
0.5 10.5 6 1 0.448906 -0.000732434 
0.5 5.5 9.5 1 0.362492 0.21665 
10.5 5.5 9.5 1 -0.0946861 0.105181 
0.5 6.5 -0.5 1 0.452589 -0.381265 
0.5 8.5 -0.5 1 0.473983 -0.350697 
0.5 8.5 4.5 1 0.438276 -0.0764457 
0.5 6.5 4.5 1 0.414076 -0.0796713 
0.5 2.5 2 1 0.370686 -0.273251 
0.5 4.5 2 1 0.405245 -0.248278 
0.5 4.5 4.5 1 0.384714 -0.083585 
0.5 2.5 4.5 1 0.348341 -0.0884334 
