0 0 0 1 0.291852 -0.280028 
0 0 6.5 1 0.253253 0.065689 
10 0 0 1 0.311948 -0.541748 
10 0 6.5 1 0.232759 0.171062 
10 10 0 1 -0.589347 -0.513827 
10 10 6.5 1 -0.620864 0.0439747 
0 10 0 1 -0.196873 -0.29672 
0 10 6.5 1 -0.221683 0.00795138 
0 5 10 1 -0.0154813 0.204092 
10 5 10 1 -0.271302 0.417504 
0 6 0 1 -0.0164163 -0.290557 
0 8 0 1 -0.1089 -0.293716 
0 8 5 1 -0.129846 -0.0525825 
0 6 5 1 -0.0392999 -0.0433848 
0 2 2.5 1 0.169779 -0.152573 
0 4 2.5 1 0.0683361 -0.159473 
0 4 5 1 0.0559359 -0.0337107 
0 2 5 1 0.156235 -0.0235222 
0.5 0.5 -0.5 1 0.267028 -0.315181 
0.5 0.5 6 1 0.228174 0.0384289 
10.5 0.5 -0.5 1 0.260128 -0.628122 
10.5 0.5 6 1 0.179891 0.119054 
10.5 10.5 -0.5 1 -0.660186 -0.579253 
10.5 10.5 6 1 -0.690268 -0.000638963 
0.5 10.5 -0.5 1 -0.227637 -0.327817 
0.5 10.5 6 1 -0.252308 -0.0170341 
0.5 5.5 9.5 1 -0.0438063 0.181516 
10.5 5.5 9.5 1 -0.335012 0.381997 
0.5 6.5 -0.5 1 -0.0452825 -0.323159 
0.5 8.5 -0.5 1 -0.138781 -0.325547 
0.5 8.5 4.5 1 -0.159666 -0.0794367 
0.5 6.5 4.5 1 -0.0681557 -0.070754 
0.5 2.5 2 1 0.143357 -0.183884 
0.5 4.5 2 1 0.0406104 -0.190088 
0.5 4.5 4.5 1 0.0281876 -0.0616126 
0.5 2.5 4.5 1 0.129757 -0.0519755 
