-0.686 -0.418276 -0.610796 0.12576 
-0.2465 -0.274849 -0.213485 0.0274932 
0.233191 -0.355499 0.259681 -0.00504752 
0.166955 -0.63226 0.223783 0.0902795 
-0.686 -0.418276 -0.2465 -0.274849 
-0.2465 -0.274849 0.233191 -0.355499 
0.233191 -0.355499 0.166955 -0.63226 
0.166955 -0.63226 -0.686 -0.418276 
-0.610796 0.12576 -0.214162 0.42338 
-0.214162 0.42338 0.223783 0.0902795 
-0.213485 0.0274932 0.0221158 0.181223 
0.0221158 0.181223 0.259681 -0.00504752 
-0.214162 0.42338 0.0221158 0.181223 
-0.610796 0.12576 -0.213485 0.0274932 
0.223783 0.0902795 0.259681 -0.00504752 
-0.233066 -0.531905 -0.0452545 -0.579023 
-0.0452545 -0.579023 0.00393649 -0.0518568 
0.00393649 -0.0518568 -0.180272 -0.0356113 
-0.180272 -0.0356113 -0.233066 -0.531905 
-0.521571 -0.226696 -0.372326 -0.251687 
-0.372326 -0.251687 -0.345092 -0.0210757 
-0.345092 -0.0210757 -0.493434 -0.00799336 
-0.493434 -0.00799336 -0.521571 -0.226696 
