0 0 0 1 0.2658 -0.269031 
0 0 6.5 1 0.310427 0.11947 
10 0 0 1 -0.368796 -0.286061 
10 0 6.5 1 -0.335155 0.199741 
10 10 0 1 -0.35737 -0.126119 
10 10 6.5 1 -0.337619 0.158995 
0 10 0 1 0.047422 -0.135264 
0 10 6.5 1 0.0718319 0.113321 
0 5 10 1 0.18205 0.284473 
10 5 10 1 -0.322775 0.375208 
0 6 0 1 0.112741 -0.175275 
0 8 0 1 0.0775483 -0.153718 
0 8 5 1 0.0981617 0.0514376 
0 6 5 1 0.135674 0.0470608 
0 2 2.5 1 0.219036 -0.0991984 
0 4 2.5 1 0.167182 -0.0805074 
0 4 5 1 0.180194 0.0418665 
0 2 5 1 0.233885 0.035602 
0.5 0.5 -0.5 1 0.220804 -0.287952 
0.5 0.5 6 1 0.263281 0.0920453 
10.5 0.5 -0.5 1 -0.408766 -0.309054 
10.5 0.5 6 1 -0.37735 0.163527 
10.5 10.5 -0.5 1 -0.381305 -0.142145 
10.5 10.5 6 1 -0.36233 0.138367 
0.5 10.5 -0.5 1 0.0212268 -0.149189 
0.5 10.5 6 1 0.0448579 0.0958892 
0.5 5.5 9.5 1 0.146956 0.260175 
10.5 5.5 9.5 1 -0.35464 0.344697 
0.5 6.5 -0.5 1 0.0812248 -0.190905 
0.5 8.5 -0.5 1 0.0489315 -0.168452 
0.5 8.5 4.5 1 0.0688411 0.0336008 
0.5 6.5 4.5 1 0.103315 0.0277906 
0.5 2.5 2 1 0.178979 -0.11949 
0.5 4.5 2 1 0.13163 -0.09926 
0.5 4.5 4.5 1 0.14412 0.0209132 
0.5 2.5 4.5 1 0.193178 0.012645 
