-0.381931 -0.370543 -0.406754 -0.0608906 
0.0351107 -0.27805 0.0101321 -0.0239623 
0.324556 -0.37775 0.281569 0.0123044 
-0.292035 -0.576317 -0.336859 -0.0379714 
-0.381931 -0.370543 0.0351107 -0.27805 
0.0351107 -0.27805 0.324556 -0.37775 
0.324556 -0.37775 -0.292035 -0.576317 
-0.292035 -0.576317 -0.381931 -0.370543 
-0.406754 -0.0608906 -0.397864 0.153841 
-0.397864 0.153841 -0.336859 -0.0379714 
0.0101321 -0.0239623 0.100753 0.152752 
0.100753 0.152752 0.281569 0.0123044 
-0.397864 0.153841 0.100753 0.152752 
-0.406754 -0.0608906 0.0101321 -0.0239623 
-0.336859 -0.0379714 0.281569 0.0123044 
-0.340316 -0.465801 -0.319289 -0.513933 
-0.319289 -0.513933 -0.349131 -0.151457 
-0.349131 -0.151457 -0.36651 -0.144822 
-0.36651 -0.144822 -0.340316 -0.465801 
-0.381218 -0.265072 -0.368772 -0.282648 
-0.368772 -0.282648 -0.380369 -0.139531 
-0.380369 -0.139531 -0.391679 -0.135213 
-0.391679 -0.135213 -0.381218 -0.265072 
