-0.543746 -0.45057 -0.524305 -0.0682137 
-0.0787373 -0.360446 -0.0863491 -0.0860903 
0.298506 -0.420102 0.262952 -0.0302802 
-0.248018 -0.617787 -0.2473 0.0338152 
-0.543746 -0.45057 -0.0787373 -0.360446 
-0.0787373 -0.360446 0.298506 -0.420102 
0.298506 -0.420102 -0.248018 -0.617787 
-0.248018 -0.617787 -0.543746 -0.45057 
-0.524305 -0.0682137 -0.412674 0.198963 
-0.412674 0.198963 -0.2473 0.0338152 
-0.0863491 -0.0860903 0.0502057 0.0963236 
0.0502057 0.0963236 0.262952 -0.0302802 
-0.412674 0.198963 0.0502057 0.0963236 
-0.524305 -0.0682137 -0.0863491 -0.0860903 
-0.2473 0.0338152 0.262952 -0.0302802 
-0.406665 -0.528081 -0.33752 -0.567179 
-0.33752 -0.567179 -0.330395 -0.118113 
-0.330395 -0.118113 -0.395721 -0.129291 
-0.395721 -0.129291 -0.406665 -0.528081 
-0.499077 -0.304124 -0.454894 -0.312116 
-0.454894 -0.312116 -0.448505 -0.138322 
-0.448505 -0.138322 -0.492042 -0.145772 
-0.492042 -0.145772 -0.499077 -0.304124 
