0.214193 -0.390528 0.196474 -0.0863965 
0.700988 -0.521942 0.626645 -0.00715542 
-0.049835 -0.702968 -0.056744 0.0550855 
-0.263442 -0.446749 -0.252416 -0.0716494 
0.214193 -0.390528 0.700988 -0.521942 
0.700988 -0.521942 -0.049835 -0.702968 
-0.049835 -0.702968 -0.263442 -0.446749 
-0.263442 -0.446749 0.214193 -0.390528 
0.196474 -0.0863965 -0.008761 0.084532 
-0.008761 0.084532 -0.252416 -0.0716494 
0.626645 -0.00715542 0.320217 0.296426 
0.320217 0.296426 -0.056744 0.0550855 
-0.008761 0.084532 0.320217 0.296426 
0.196474 -0.0863965 0.626645 -0.00715542 
-0.252416 -0.0716494 -0.056744 0.0550855 
-0.0475811 -0.421341 -0.150629 -0.43347 
-0.150629 -0.43347 -0.148151 -0.153569 
-0.148151 -0.153569 -0.0502581 -0.153555 
-0.0502581 -0.153555 -0.0475811 -0.421341 
0.128415 -0.273898 0.0433212 -0.278784 
0.0433212 -0.278784 0.0398949 -0.153541 
0.0398949 -0.153541 0.123191 -0.153529 
0.123191 -0.153529 0.128415 -0.273898 
