0.280523 -0.314081 0.245336 0.00636678 
0.630766 -0.561278 0.551006 0.0695602 
-0.372173 -0.709109 -0.423431 -0.0187738 
-0.220967 -0.375075 -0.248916 -0.0399458 
0.280523 -0.314081 0.630766 -0.561278 
0.630766 -0.561278 -0.372173 -0.709109 
-0.372173 -0.709109 -0.220967 -0.375075 
-0.220967 -0.375075 0.280523 -0.314081 
0.245336 0.00636678 -0.013291 0.15552 
-0.013291 0.15552 -0.248916 -0.0399458 
0.551006 0.0695602 0.0497437 0.364065 
0.0497437 0.364065 -0.423431 -0.0187738 
-0.013291 0.15552 0.0497437 0.364065 
0.245336 0.00636678 0.551006 0.0695602 
-0.248916 -0.0399458 -0.423431 -0.0187738 
-0.0152538 -0.350055 -0.117228 -0.362458 
-0.117228 -0.362458 -0.140015 -0.105984 
-0.140015 -0.105984 -0.0391979 -0.0958978 
-0.0391979 -0.0958978 -0.0152538 -0.350055 
0.170426 -0.200231 0.0723884 -0.211089 
0.0723884 -0.211089 0.0599413 -0.0859791 
0.0599413 -0.0859791 0.157444 -0.0762242 
0.157444 -0.0762242 0.170426 -0.200231 
