0 0 0 1 0.21064 -0.390246 
0 0 6.5 1 0.194022 -0.0869729 
10 0 0 1 0.698063 -0.519678 
10 0 6.5 1 0.625722 -0.00916296 
10 10 0 1 -0.0396822 -0.69852 
10 10 6.5 1 -0.0457031 0.0576392 
0 10 0 1 -0.264911 -0.445439 
0 10 6.5 1 -0.252526 -0.0698331 
0 5 10 1 -0.00911867 0.0847748 
10 5 10 1 0.325863 0.294524 
0 6 0 1 -0.049443 -0.420432 
0 8 0 1 -0.15219 -0.432357 
0 8 5 1 -0.148737 -0.152326 
0 6 5 1 -0.0512021 -0.152768 
0 2 2.5 1 0.125964 -0.273657 
0 4 2.5 1 0.0414539 -0.278239 
0 4 5 1 0.0384591 -0.153174 
0 2 5 1 0.121163 -0.153548 
0.5 0.5 -0.5 1 0.206989 -0.422087 
0.5 0.5 6 1 0.190014 -0.106575 
10.5 0.5 -0.5 1 0.722765 -0.583813 
10.5 0.5 6 1 0.643845 -0.0376325 
10.5 10.5 -0.5 1 -0.0743929 -0.815678 
10.5 10.5 6 1 -0.0759342 0.0214051 
0.5 10.5 -0.5 1 -0.291175 -0.487878 
0.5 10.5 6 1 -0.27638 -0.0933261 
0.5 5.5 9.5 1 -0.0208363 0.0701186 
10.5 5.5 9.5 1 0.32682 0.282219 
0.5 6.5 -0.5 1 -0.0643659 -0.457924 
0.5 8.5 -0.5 1 -0.172293 -0.472178 
0.5 8.5 4.5 1 -0.167621 -0.178511 
0.5 6.5 4.5 1 -0.0654294 -0.177826 
0.5 2.5 2 1 0.119118 -0.301728 
0.5 4.5 2 1 0.0310541 -0.307692 
0.5 4.5 4.5 1 0.0282019 -0.177197 
0.5 2.5 4.5 1 0.114305 -0.176619 
