-0.556097 -0.454922 -0.532306 -0.0664152 
-0.0877666 -0.36515 -0.0932788 -0.0891101 
0.295791 -0.424906 0.262138 -0.0352323 
-0.240264 -0.622985 -0.235982 0.0364734 
-0.556097 -0.454922 -0.0877666 -0.36515 
-0.0877666 -0.36515 0.295791 -0.424906 
0.295791 -0.424906 -0.240264 -0.622985 
-0.240264 -0.622985 -0.556097 -0.454922 
-0.532306 -0.0664152 -0.411041 0.203283 
-0.411041 0.203283 -0.235982 0.0364734 
-0.0932788 -0.0891101 0.0474272 0.0927043 
0.0474272 0.0927043 0.262138 -0.0352323 
-0.411041 0.203283 0.0474272 0.0927043 
-0.532306 -0.0664152 -0.0932788 -0.0891101 
-0.235982 0.0364734 0.262138 -0.0352323 
-0.409443 -0.532961 -0.335635 -0.572235 
-0.335635 -0.572235 -0.325299 -0.11681 
-0.325299 -0.11681 -0.395102 -0.128178 
-0.395102 -0.128178 -0.409443 -0.532961 
-0.506997 -0.305704 -0.459666 -0.313655 
-0.459666 -0.313655 -0.451611 -0.137381 
-0.451611 -0.137381 -0.498294 -0.144983 
-0.498294 -0.144983 -0.506997 -0.305704 
