-0.684247 -0.580559 -0.614987 -0.107068 
-0.182585 -0.442844 -0.16446 -0.144602 
0.264438 -0.538799 0.257228 -0.144689 
-0.118413 -0.85819 -0.0829214 -0.0863905 
-0.684247 -0.580559 -0.182585 -0.442844 
-0.182585 -0.442844 0.264438 -0.538799 
0.264438 -0.538799 -0.118413 -0.85819 
-0.118413 -0.85819 -0.684247 -0.580559 
-0.614987 -0.107068 -0.377842 0.170951 
-0.377842 0.170951 -0.0829214 -0.0863905 
-0.16446 -0.144602 0.023332 0.0218792 
0.023332 0.0218792 0.257228 -0.144689 
-0.377842 0.170951 0.023332 0.0218792 
-0.614987 -0.107068 -0.16446 -0.144602 
-0.0829214 -0.0863905 0.257228 -0.144689 
-0.413635 -0.713337 -0.282691 -0.777586 
-0.282691 -0.777586 -0.242536 -0.235992 
-0.242536 -0.235992 -0.366439 -0.227456 
-0.366439 -0.227456 -0.413635 -0.713337 
-0.581618 -0.408636 -0.493843 -0.43203 
-0.493843 -0.43203 -0.469235 -0.220374 
-0.469235 -0.220374 -0.555895 -0.214404 
-0.555895 -0.214404 -0.581618 -0.408636 
