0.0524377 -0.322441 0.0751574 -0.0571578 
0.49481 -0.449561 0.513186 -0.0869921 
0.232818 -0.66122 0.276332 -0.0373699 
-0.306177 -0.395655 -0.262981 -0.0131719 
0.0524377 -0.322441 0.49481 -0.449561 
0.49481 -0.449561 0.232818 -0.66122 
0.232818 -0.66122 -0.306177 -0.395655 
-0.306177 -0.395655 0.0524377 -0.322441 
0.0751574 -0.0571578 -0.0480567 0.123368 
-0.0480567 0.123368 -0.262981 -0.0131719 
0.513186 -0.0869921 0.438736 0.165262 
0.438736 0.165262 0.276332 -0.0373699 
-0.0480567 0.123368 0.438736 0.165262 
0.0751574 -0.0571578 0.513186 -0.0869921 
-0.262981 -0.0131719 0.276332 -0.0373699 
-0.130103 -0.359708 -0.210918 -0.376207 
-0.210918 -0.376207 -0.182159 -0.104165 
-0.182159 -0.104165 -0.105061 -0.108211 
-0.105061 -0.108211 -0.130103 -0.359708 
0.00948421 -0.223043 -0.0495551 -0.227543 
-0.0495551 -0.227543 -0.0386325 -0.111698 
-0.0386325 -0.111698 0.0191979 -0.114733 
0.0191979 -0.114733 0.00948421 -0.223043 
