0.19606 -0.391778 0.183976 -0.0916626 
0.685348 -0.517485 0.621502 -0.0227337 
-3.15708e-06 -0.691778 -0.00246633 0.0581478 
-0.270856 -0.444022 -0.253129 -0.0660584 
0.19606 -0.391778 0.685348 -0.517485 
0.685348 -0.517485 -3.15708e-06 -0.691778 
-3.15708e-06 -0.691778 -0.270856 -0.444022 
-0.270856 -0.444022 0.19606 -0.391778 
0.183976 -0.0916626 -0.0107969 0.0831196 
-0.0107969 0.0831196 -0.253129 -0.0660584 
0.621502 -0.0227337 0.347493 0.280635 
0.347493 0.280635 -0.00246633 0.0581478 
-0.0107969 0.0831196 0.347493 0.280635 
0.183976 -0.0916626 0.621502 -0.0227337 
-0.253129 -0.0660584 -0.00246633 0.0581478 
-0.057163 -0.420111 -0.158616 -0.431463 
-0.158616 -0.431463 -0.151288 -0.150727 
-0.151288 -0.150727 -0.0552328 -0.152761 
-0.0552328 -0.152761 -0.057163 -0.420111 
0.115835 -0.275499 0.0336782 -0.279089 
0.0336782 -0.279089 0.0324332 -0.154616 
0.0324332 -0.154616 0.112763 -0.156316 
0.112763 -0.156316 0.115835 -0.275499 
