0 0 0 1 0.0589155 -0.342274 
0 0 6.5 1 0.0806627 -0.0744015 
10 0 0 1 0.505642 -0.475003 
10 0 6.5 1 0.520767 -0.104523 
10 10 0 1 0.224149 -0.695752 
10 10 6.5 1 0.265199 -0.0583656 
0 10 0 1 -0.307546 -0.417286 
0 10 6.5 1 -0.26408 -0.0331021 
0 5 10 1 -0.0461682 0.105361 
10 5 10 1 0.43741 0.149378 
0 6 0 1 -0.128078 -0.38055 
0 8 0 1 -0.210559 -0.397434 
0 8 5 1 -0.181876 -0.123537 
0 6 5 1 -0.103351 -0.127054 
0 2 2.5 1 0.0142683 -0.241962 
0 4 2.5 1 -0.0461836 -0.246802 
0 4 5 1 -0.0355228 -0.130092 
0 2 5 1 0.0236545 -0.132742 
0.5 0.5 -0.5 1 0.0607246 -0.371711 
0.5 0.5 6 1 0.0831035 -0.0947816 
10.5 0.5 -0.5 1 0.528055 -0.52201 
10.5 0.5 6 1 0.543066 -0.133996 
10.5 10.5 -0.5 1 0.241793 -0.797233 
10.5 10.5 6 1 0.284867 -0.106168 
0.5 10.5 -0.5 1 -0.321967 -0.463759 
0.5 10.5 6 1 -0.276036 -0.060671 
0.5 5.5 9.5 1 -0.0479176 0.0881557 
10.5 5.5 9.5 1 0.460633 0.126353 
0.5 6.5 -0.5 1 -0.1332 -0.418356 
0.5 8.5 -0.5 1 -0.21963 -0.439144 
0.5 8.5 4.5 1 -0.189525 -0.15281 
0.5 6.5 4.5 1 -0.107403 -0.15424 
0.5 2.5 2 1 0.0146754 -0.269677 
0.5 4.5 2 1 -0.0479288 -0.276668 
0.5 4.5 4.5 1 -0.0368686 -0.155468 
0.5 2.5 4.5 1 0.0243704 -0.156535 
