-0.345348 -0.283598 -0.375731 0.00864501 
0.0604269 -0.205167 0.0355029 0.0445509 
0.320353 -0.302128 0.282532 0.0865951 
-0.300958 -0.465421 -0.353078 0.037138 
-0.345348 -0.283598 0.0604269 -0.205167 
0.0604269 -0.205167 0.320353 -0.302128 
0.320353 -0.302128 -0.300958 -0.465421 
-0.300958 -0.465421 -0.345348 -0.283598 
-0.375731 0.00864501 -0.3882 0.219251 
-0.3882 0.219251 -0.353078 0.037138 
0.0355029 0.0445509 0.11581 0.225496 
0.11581 0.225496 0.282532 0.0865951 
-0.3882 0.219251 0.11581 0.225496 
-0.375731 0.00864501 0.0355029 0.0445509 
-0.353078 0.037138 0.282532 0.0865951 
-0.324664 -0.36832 -0.314302 -0.410765 
-0.314302 -0.410765 -0.349339 -0.0731667 
-0.349339 -0.0731667 -0.355808 -0.0684172 
-0.355808 -0.0684172 -0.324664 -0.36832 
-0.352436 -0.184255 -0.346939 -0.199697 
-0.346939 -0.199697 -0.360972 -0.0646247 
-0.360972 -0.0646247 -0.365192 -0.0615265 
-0.365192 -0.0615265 -0.352436 -0.184255 
