0.247294 -0.402148 0.219712 -0.0889058 
0.722191 -0.575366 0.631821 -0.0128542 
-0.153072 -0.787239 -0.169905 -0.0108069 
-0.248181 -0.470605 -0.250959 -0.10066 
0.247294 -0.402148 0.722191 -0.575366 
0.722191 -0.575366 -0.153072 -0.787239 
-0.153072 -0.787239 -0.248181 -0.470605 
-0.248181 -0.470605 0.247294 -0.402148 
0.219712 -0.0889058 -0.00591338 0.0733796 
-0.00591338 0.0733796 -0.250959 -0.10066 
0.631821 -0.0128542 0.258288 0.287237 
0.258288 0.287237 -0.169905 -0.0108069 
-0.00591338 0.0733796 0.258288 0.287237 
0.219712 -0.0889058 0.631821 -0.0128542 
-0.250959 -0.10066 -0.169905 -0.0108069 
-0.0301641 -0.440483 -0.135412 -0.455024 
-0.135412 -0.455024 -0.142561 -0.176701 
-0.142561 -0.176701 -0.0416505 -0.171669 
-0.0416505 -0.171669 -0.0301641 -0.440483 
0.151109 -0.2857 0.060492 -0.294123 
0.060492 -0.294123 0.0530206 -0.166948 
0.0530206 -0.166948 0.142014 -0.16251 
0.142014 -0.16251 0.151109 -0.2857 
