0.277618 -0.259498 
0.243925 0.0618304 
0.581088 -0.49335 
0.510655 0.144639 
-0.415989 -0.609927 
-0.475611 0.0497796 
-0.22068 -0.313483 
-0.251657 0.0132638 
-0.0191786 0.210477 
-0.00921934 0.440359 
-0.0194745 -0.291685 
-0.119759 -0.302549 
-0.144053 -0.0516744 
-0.044193 -0.0416513 
0.166402 -0.145667 
0.0675796 -0.155979 
0.0550426 -0.0316908 
0.153659 -0.0217926 
0.262947 -0.293808 
0.228453 0.0363132 
0.567754 -0.576268 
0.493689 0.0973428 
-0.486298 -0.702264 
-0.548281 -0.00440039 
-0.249182 -0.349825 
-0.280808 -0.0139825 
-0.0417661 0.188828 
-0.0547174 0.408777 
-0.0423392 -0.327201 
-0.145424 -0.338476 
-0.170244 -0.080631 
-0.0676069 -0.0702443 
0.148734 -0.176943 
0.0471926 -0.187633 
0.0343707 -0.0599244 
0.135695 -0.0496705 
