0.280784 -0.323987 
0.245415 -0.00358754 
0.639808 -0.572845 
0.558315 0.0566898 
-0.363253 -0.727106 
-0.412837 -0.0302863 
-0.221277 -0.386339 
-0.248509 -0.0493686 
-0.0122425 0.145779 
0.0611185 0.351062 
-0.014677 -0.360681 
-0.116977 -0.373386 
-0.139383 -0.115678 
-0.0383898 -0.105595 
0.170969 -0.210072 
0.0731044 -0.221024 
0.0607134 -0.0957012 
0.15798 -0.0859906 
0.268373 -0.359392 
0.232228 -0.0291137 
0.635948 -0.659489 
0.549946 0.00933016 
-0.433545 -0.833244 
-0.483287 -0.0880196 
-0.249748 -0.425444 
-0.277227 -0.0775337 
-0.0331012 0.124258 
0.023353 0.3197 
-0.0363596 -0.398241 
-0.14199 -0.411707 
-0.164681 -0.145684 
-0.0604446 -0.13501 
0.155312 -0.242208 
0.0543972 -0.253797 
0.0417837 -0.124542 
0.142062 -0.114274 
