0.280914 -0.333439 
0.245404 -0.0130644 
0.648487 -0.583524 
0.565323 0.0446881 
-0.354291 -0.74419 
-0.402203 -0.0408456 
-0.221683 -0.397118 
-0.248161 -0.0582698 
-0.0112539 0.136553 
0.0723213 0.338967 
-0.0142074 -0.370831 
-0.116826 -0.383833 
-0.138823 -0.124866 
-0.0376619 -0.114797 
0.171402 -0.219444 
0.0737187 -0.230481 
0.0613975 -0.104936 
0.15842 -0.0952788 
0.268862 -0.368999 
0.232578 -0.038569 
0.646156 -0.670619 
0.558304 -0.00257045 
-0.424463 -0.852642 
-0.472155 -0.0990433 
-0.250156 -0.436672 
-0.276808 -0.0865609 
-0.0318314 0.115078 
0.0358608 0.307745 
-0.0356981 -0.40871 
-0.141735 -0.422536 
-0.163975 -0.155021 
-0.0594948 -0.144322 
0.156067 -0.251697 
0.0552835 -0.263414 
0.0427498 -0.133852 
0.14283 -0.123604 
