0.280742 -0.350823 
0.245082 -0.0304567 
0.664647 -0.601923 
0.578374 0.0234704 
-0.336243 -0.77514 
-0.380824 -0.0587962 
-0.222794 -0.417018 
-0.24765 -0.0743447 
-0.00947695 0.119772 
0.0941636 0.31768 
-0.0136123 -0.389519 
-0.116841 -0.403089 
-0.137936 -0.141565 
-0.0364667 -0.131556 
0.17191 -0.236625 
0.0746168 -0.2478 
0.0624771 -0.121797 
0.158988 -0.112278 
0.269391 -0.38665 
0.23296 -0.0558844 
0.665305 -0.689694 
0.573963 -0.0234457 
-0.406045 -0.888096 
-0.449651 -0.117728 
-0.251275 -0.457436 
-0.276153 -0.102845 
-0.0294973 0.098424 
0.0603188 0.286874 
-0.0347228 -0.427995 
-0.141544 -0.442518 
-0.162795 -0.171975 
-0.0578583 -0.161262 
0.157208 -0.269071 
0.0567186 -0.281012 
0.0443863 -0.150823 
0.144041 -0.140649 
