0.280425 -0.358684 
0.244757 -0.0383201 
0.67208 -0.609523 
0.584385 0.0143182 
-0.327155 -0.788784 
-0.370081 -0.0660588 
-0.223502 -0.426048 
-0.247489 -0.0814491 
-0.00869652 0.112268 
0.104783 0.308552 
-0.0134953 -0.397975 
-0.117013 -0.411813 
-0.137614 -0.149005 
-0.0360068 -0.139049 
0.171972 -0.244368 
0.0748901 -0.255592 
0.0628629 -0.12936 
0.159104 -0.11993 
0.269416 -0.394621 
0.232978 -0.0636899 
0.674189 -0.697504 
0.581231 -0.0323494 
-0.3967 -0.903893 
-0.438277 -0.125241 
-0.251987 -0.466875 
-0.275918 -0.11003 
-0.0284405 0.0910043 
0.0722464 0.278029 
-0.0344171 -0.436725 
-0.141613 -0.45158 
-0.162325 -0.179519 
-0.0571787 -0.16882 
0.157581 -0.276887 
0.0572571 -0.288919 
0.0450472 -0.158418 
0.144473 -0.148302 
