0.278481 -0.378642 
0.243073 -0.0583792 
0.691533 -0.625448 
0.600219 -0.00715576 
-0.299612 -0.821269 
-0.337633 -0.0804713 
-0.226217 -0.449027 
-0.247369 -0.0987288 
-0.00681339 0.0934992 
0.135334 0.287386 
-0.0138938 -0.419416 
-0.118193 -0.433962 
-0.137136 -0.167387 
-0.0351994 -0.157695 
0.171341 -0.263928 
0.0749683 -0.275199 
0.0633685 -0.148323 
0.158732 -0.139255 
0.26846 -0.414785 
0.232288 -0.0834853 
0.697784 -0.71347 
0.600628 -0.0527429 
-0.368047 -0.942229 
-0.403635 -0.139847 
-0.254711 -0.490956 
-0.275561 -0.127426 
-0.0257347 0.0725799 
0.106714 0.258039 
-0.0342527 -0.458859 
-0.142481 -0.474616 
-0.161398 -0.198091 
-0.0557134 -0.187549 
0.157857 -0.296551 
0.0581186 -0.308751 
0.0463665 -0.177367 
0.145023 -0.167527 
