0.27499 -0.392914 
0.240285 -0.0730559 
0.70642 -0.630874 
0.61263 -0.0198996 
-0.271572 -0.839771 
-0.304826 -0.083544 
-0.229744 -0.465369 
-0.247726 -0.109719 
-0.00561668 0.0804146 
0.163826 0.275288 
-0.0154093 -0.434601 
-0.120329 -0.449662 
-0.137353 -0.179617 
-0.0352387 -0.170388 
0.16945 -0.277774 
0.0739197 -0.288904 
0.0628862 -0.161519 
0.157251 -0.15299 
0.265899 -0.429058 
0.230441 -0.0977517 
0.716429 -0.717977 
0.616264 -0.0639016 
-0.338318 -0.965305 
-0.368151 -0.142157 
-0.258223 -0.508164 
-0.275648 -0.138321 
-0.023721 0.0599914 
0.139082 0.247612 
-0.0352051 -0.474504 
-0.144292 -0.490968 
-0.161146 -0.210301 
-0.0550911 -0.200128 
0.156837 -0.310306 
0.0578373 -0.322477 
0.0466828 -0.190365 
0.14443 -0.180989 
