0.269972 -0.401606 
0.236419 -0.0826163 
0.716609 -0.626491 
0.621649 -0.0249241 
-0.242933 -0.843785 
-0.271625 -0.0759061 
-0.233915 -0.474951 
-0.248425 -0.114548 
-0.0050476 0.0727257 
0.190231 0.271211 
-0.0179602 -0.443517 
-0.123303 -0.45885 
-0.138159 -0.185817 
-0.0360471 -0.177285 
0.166334 -0.286054 
0.0717999 -0.296827 
0.0614716 -0.169137 
0.1547 -0.161348 
0.261752 -0.437534 
0.227465 -0.106757 
0.729925 -0.711721 
0.628149 -0.0668959 
-0.307335 -0.972252 
-0.331769 -0.132751 
-0.262341 -0.518327 
-0.276028 -0.142829 
-0.0223354 0.0529481 
0.16929 0.245645 
-0.0371853 -0.483617 
-0.146915 -0.500533 
-0.161451 -0.216257 
-0.0552276 -0.206703 
0.154559 -0.318292 
0.0564726 -0.330201 
0.0460557 -0.197593 
0.142735 -0.188898 
