0.258576 -0.405514 
0.227909 -0.0891791 
0.723788 -0.602457 
0.629942 -0.0210177 
-0.193703 -0.821963 
-0.215429 -0.0446337 
-0.241721 -0.477452 
-0.249896 -0.110871 
-0.00518326 0.0698169 
0.229896 0.277198 
-0.0240857 -0.446158 
-0.129633 -0.461335 
-0.140391 -0.184684 
-0.0387282 -0.177861 
0.158779 -0.289387 
0.0662569 -0.299065 
0.0573925 -0.17141 
0.148412 -0.165302 
0.251681 -0.440644 
0.220335 -0.11214 
0.741549 -0.682836 
0.640431 -0.0589817 
-0.252689 -0.951342 
-0.269217 -0.0966155 
-0.269921 -0.521148 
-0.276828 -0.138153 
-0.0211 0.0513787 
0.215045 0.255747 
-0.0423248 -0.48602 
-0.152569 -0.503036 
-0.162758 -0.21426 
-0.0567499 -0.20633 
0.14833 -0.320735 
0.0521718 -0.331664 
0.0432755 -0.198848 
0.137811 -0.191776 
