0.255909 -0.405066 
0.225954 -0.0894346 
0.723924 -0.59601 
0.630746 -0.0191347 
-0.183637 -0.814278 
-0.204081 -0.03654 
-0.243339 -0.476306 
-0.250184 -0.108762 
-0.00532807 0.0703588 
0.237244 0.279544 
-0.0255282 -0.445226 
-0.131038 -0.460282 
-0.140917 -0.183119 
-0.0394108 -0.176713 
0.156975 -0.288846 
0.0649061 -0.298236 
0.0563734 -0.170669 
0.146906 -0.164956 
0.249262 -0.439984 
0.218642 -0.112136 
0.742418 -0.675241 
0.641923 -0.0562624 
-0.241324 -0.943288 
-0.256461 -0.0873454 
-0.271468 -0.519978 
-0.276958 -0.135789 
-0.0209683 0.0522135 
0.223566 0.258945 
-0.043563 -0.484968 
-0.153823 -0.501906 
-0.163084 -0.212468 
-0.0571938 -0.204945 
0.146782 -0.31997 
0.0510681 -0.330628 
0.0425152 -0.197862 
0.136569 -0.19118 
