0.253134 -0.40432 
0.223932 -0.0894427 
0.723685 -0.589271 
0.631312 -0.0170892 
-0.173506 -0.805819 
-0.192707 -0.0281187 
-0.244958 -0.474741 
-0.250459 -0.106319 
-0.00550079 0.0711661 
0.244419 0.282059 
-0.0270265 -0.443929 
-0.132474 -0.458838 
-0.141456 -0.181228 
-0.0401287 -0.175262 
0.15509 -0.288016 
0.0634906 -0.2971 
0.0553011 -0.169643 
0.145333 -0.164341 
0.246729 -0.439015 
0.216878 -0.11188 
0.742863 -0.66732 
0.643145 -0.0533852 
-0.229829 -0.934309 
-0.24364 -0.0777085 
-0.273008 -0.518365 
-0.277068 -0.133078 
-0.0208636 0.0533174 
0.231897 0.262304 
-0.0448544 -0.483532 
-0.155101 -0.500364 
-0.163418 -0.210338 
-0.0576704 -0.203246 
0.145151 -0.318906 
0.0498995 -0.329273 
0.0417016 -0.196583 
0.135258 -0.190309 
