0.25026 -0.40333 
0.221849 -0.0892507 
0.723098 -0.582353 
0.631664 -0.0149676 
-0.163316 -0.79675 
-0.181313 -0.0194983 
-0.246574 -0.472818 
-0.250718 -0.103598 
-0.00569716 0.0721896 
0.25143 0.284653 
-0.0285738 -0.442328 
-0.133934 -0.457064 
-0.142006 -0.179069 
-0.0408768 -0.173562 
0.153132 -0.28695 
0.0620172 -0.29571 
0.0541817 -0.168384 
0.143701 -0.163509 
0.244092 -0.437792 
0.215049 -0.111423 
0.742913 -0.659197 
0.64412 -0.0504436 
-0.218212 -0.924584 
-0.230763 -0.0678473 
-0.274536 -0.516374 
-0.277153 -0.13008 
-0.0207818 0.0546387 
0.240047 0.265726 
-0.0461922 -0.481776 
-0.156398 -0.498474 
-0.163756 -0.20793 
-0.0581748 -0.201291 
0.143445 -0.317598 
0.0486729 -0.327654 
0.0408407 -0.195066 
0.133885 -0.189216 
