0.244247 -0.400827 
0.217528 -0.0884549 
0.720993 -0.568416 
0.631805 -0.0108293 
-0.142783 -0.777456 
-0.15849 -0.00217077 
-0.249777 -0.468167 
-0.251179 -0.097563 
-0.00614619 0.0746871 
0.265001 0.289725 
-0.0317919 -0.438454 
-0.136905 -0.452782 
-0.143118 -0.174181 
-0.0424457 -0.169638 
0.149027 -0.28432 
0.0589208 -0.292393 
0.0518229 -0.165385 
0.14028 -0.161394 
0.238538 -0.434805 
0.211225 -0.110101 
0.741952 -0.642828 
0.645423 -0.0447264 
-0.194662 -0.903655 
-0.204885 -0.0480189 
-0.277536 -0.511537 
-0.277244 -0.123472 
-0.0206721 0.057727 
0.255845 0.272382 
-0.0489831 -0.477555 
-0.159026 -0.493917 
-0.164431 -0.202525 
-0.0592491 -0.196846 
0.139834 -0.314472 
0.0460698 -0.323862 
0.0389989 -0.191541 
0.130977 -0.186575 
