0.237935 -0.397977 
0.21304 -0.0874163 
0.717826 -0.555031 
0.631333 -0.0073445 
-0.122107 -0.757746 
-0.135669 0.0144508 
-0.252922 -0.462889 
-0.251558 -0.0911283 
-0.00665154 0.0774634 
0.278033 0.294098 
-0.0351411 -0.434089 
-0.139919 -0.447945 
-0.144234 -0.168917 
-0.0440881 -0.165385 
0.144709 -0.281377 
0.0556601 -0.288727 
0.0493346 -0.16209 
0.136689 -0.159009 
0.232669 -0.431464 
0.207219 -0.108556 
0.739773 -0.627052 
0.646007 -0.0397835 
-0.170778 -0.882026 
-0.178913 -0.0289636 
-0.280443 -0.506033 
-0.277225 -0.116462 
-0.0206162 0.0610724 
0.271034 0.278196 
-0.0518948 -0.472819 
-0.161674 -0.488772 
-0.16509 -0.196742 
-0.0603881 -0.192073 
0.136002 -0.311034 
0.0433021 -0.319717 
0.0370271 -0.187728 
0.12789 -0.183676 
