0.231382 -0.395174 
0.208423 -0.0864773 
0.713799 -0.542935 
0.630389 -0.00505504 
-0.101366 -0.738923 
-0.112912 0.0294558 
-0.255997 -0.457514 
-0.251859 -0.0847501 
-0.00719958 0.0801553 
0.290591 0.297189 
-0.0385918 -0.429706 
-0.142955 -0.443055 
-0.145345 -0.163723 
-0.045786 -0.161222 
0.14022 -0.278516 
0.052268 -0.285132 
0.0467439 -0.158897 
0.132964 -0.15673 
0.226541 -0.428185 
0.203073 -0.107146 
0.736595 -0.612681 
0.646031 -0.0361967 
-0.146678 -0.861179 
-0.152941 -0.0116965 
-0.283246 -0.500421 
-0.277102 -0.109531 
-0.0206016 0.0642939 
0.285681 0.282542 
-0.0548984 -0.468064 
-0.164322 -0.48357 
-0.165727 -0.191051 
-0.061575 -0.187415 
0.131991 -0.307701 
0.0404023 -0.315661 
0.0349522 -0.184045 
0.124662 -0.180913 
