0.228028 -0.393903 
0.206076 -0.0861409 
0.711517 -0.537566 
0.629777 -0.00450019 
-0.0909993 -0.730217 
-0.101579 0.0360997 
-0.25751 -0.454946 
-0.251986 -0.0817146 
-0.00748824 0.0813668 
0.29671 0.298099 
-0.0403495 -0.427644 
-0.144478 -0.440736 
-0.145899 -0.161282 
-0.0466533 -0.159295 
0.137921 -0.27723 
0.0505297 -0.283481 
0.0454155 -0.157451 
0.131059 -0.155736 
0.223394 -0.426687 
0.200957 -0.106592 
0.734693 -0.606237 
0.645873 -0.0350634 
-0.134588 -0.851476 
-0.139983 -0.00401541 
-0.284611 -0.497741 
-0.277008 -0.106236 
-0.0206087 0.0657504 
0.292818 0.283998 
-0.0564293 -0.465826 
-0.165645 -0.481102 
-0.166039 -0.188376 
-0.0621844 -0.185257 
0.129928 -0.306192 
0.0389098 -0.313793 
0.0338812 -0.182371 
0.123003 -0.179694 
