0.22463 -0.392771 
0.203707 -0.0859379 
0.709081 -0.532736 
0.629089 -0.0044 
-0.0806504 -0.722159 
-0.0902865 0.0420545 
-0.259008 -0.452536 
-0.252101 -0.0788459 
-0.00778724 0.08244 
0.302728 0.298516 
-0.0421271 -0.425735 
-0.146006 -0.438572 
-0.146454 -0.159007 
-0.0475329 -0.157529 
0.13559 -0.276093 
0.0487655 -0.281985 
0.0440666 -0.15616 
0.129128 -0.154888 
0.220199 -0.425338 
0.198815 -0.106186 
0.732609 -0.600381 
0.645621 -0.0344356 
-0.122492 -0.842458 
-0.127059 0.00290028 
-0.285954 -0.495228 
-0.276898 -0.103122 
-0.0206263 0.067053 
0.299839 0.284903 
-0.0579783 -0.463749 
-0.166968 -0.478799 
-0.166348 -0.185882 
-0.0628048 -0.183273 
0.12783 -0.304845 
0.0373909 -0.312093 
0.0327892 -0.180865 
0.121316 -0.178635 
