0.22119 -0.391812 
0.201316 -0.0858971 
0.706506 -0.528496 
0.628333 -0.00479114 
-0.0703317 -0.714866 
-0.0790442 0.047245 
-0.260493 -0.450336 
-0.252208 -0.0761871 
-0.00809777 0.0833432 
0.308651 0.298398 
-0.0439245 -0.424023 
-0.147539 -0.436612 
-0.147013 -0.156939 
-0.0484258 -0.155961 
0.133228 -0.275139 
0.0469761 -0.280683 
0.0426973 -0.155058 
0.127173 -0.15422 
0.216959 -0.424175 
0.196649 -0.105957 
0.730362 -0.595172 
0.645285 -0.0343523 
-0.110408 -0.83426 
-0.114182 0.00896645 
-0.287278 -0.492938 
-0.276774 -0.100235 
-0.0206556 0.0681682 
0.306747 0.28521 
-0.0595455 -0.461882 
-0.168292 -0.476712 
-0.166657 -0.183611 
-0.0634375 -0.181505 
0.1257 -0.303695 
0.0358463 -0.3106 
0.0316762 -0.179565 
0.119603 -0.177771 
