0.21771 -0.391056 
0.198905 -0.0860432 
0.703805 -0.524887 
0.627517 -0.00570257 
-0.0600557 -0.70844 
-0.0678605 0.0516066 
-0.26197 -0.448393 
-0.252311 -0.073777 
-0.0084216 0.0840484 
0.31448 0.297711 
-0.0457421 -0.422547 
-0.149079 -0.434899 
-0.147577 -0.155116 
-0.0493335 -0.154627 
0.130836 -0.274399 
0.0451615 -0.279606 
0.0413071 -0.154176 
0.125194 -0.153759 
0.213676 -0.42323 
0.194461 -0.105932 
0.727964 -0.590654 
0.644873 -0.034844 
-0.0983527 -0.827 
-0.101361 0.0141107 
-0.288587 -0.490921 
-0.276644 -0.0976174 
-0.0206987 0.0690667 
0.313546 0.284883 
-0.0611316 -0.460266 
-0.169619 -0.474887 
-0.16697 -0.181604 
-0.0640842 -0.179989 
0.123538 -0.302776 
0.0342758 -0.30935 
0.0305415 -0.178503 
0.117863 -0.177132 
