0.214193 -0.390528 
0.196474 -0.0863965 
0.700988 -0.521942 
0.626645 -0.00715542 
-0.049835 -0.702968 
-0.056744 0.0550855 
-0.263442 -0.446749 
-0.252416 -0.0716494 
-0.008761 0.084532 
0.320217 0.296426 
-0.0475811 -0.421341 
-0.150629 -0.43347 
-0.148151 -0.153569 
-0.0502581 -0.153555 
0.128415 -0.273898 
0.0433212 -0.278784 
0.0398949 -0.153541 
0.123191 -0.153529 
0.210352 -0.422527 
0.192249 -0.106133 
0.725429 -0.58686 
0.644392 -0.0359328 
-0.0863421 -0.820778 
-0.0886087 0.0182729 
-0.289884 -0.489221 
-0.27651 -0.095304 
-0.020758 0.0697235 
0.320237 0.283893 
-0.0627378 -0.458937 
-0.170951 -0.473364 
-0.16729 -0.179895 
-0.0647473 -0.178754 
0.121344 -0.302113 
0.0326789 -0.308373 
0.029384 -0.177706 
0.116098 -0.176741 
