0.207051 -0.390225 
0.191548 -0.0877837 
0.695035 -0.518107 
0.624748 -0.0117306 
-0.02961 -0.69515 
-0.0347466 0.0592365 
-0.266384 -0.444493 
-0.252648 -0.0683512 
-0.00949767 0.0847624 
0.331416 0.291995 
-0.0513298 -0.419842 
-0.153766 -0.431584 
-0.14934 -0.151408 
-0.0521684 -0.152285 
0.123482 -0.27369 
0.0395582 -0.277988 
0.0369976 -0.153089 
0.119108 -0.15383 
0.203586 -0.421926 
0.187754 -0.10727 
0.719978 -0.581523 
0.643234 -0.0399482 
-0.062521 -0.811761 
-0.0633483 0.0234719 
-0.292463 -0.486922 
-0.276257 -0.0917085 
-0.0209369 0.0702365 
0.333296 0.27985 
-0.0660183 -0.457252 
-0.173647 -0.471354 
-0.167966 -0.177477 
-0.0661336 -0.177224 
0.116859 -0.301637 
0.0293997 -0.307327 
0.0269929 -0.176993 
0.112484 -0.176781 
