0.203425 -0.390472 
0.189051 -0.0888352 
0.691906 -0.517227 
0.623722 -0.0148562 
-0.0196311 -0.692893 
-0.0238827 0.0598575 
-0.267863 -0.443933 
-0.252786 -0.0672213 
-0.00990133 0.084485 
0.336874 0.288833 
-0.0532437 -0.419588 
-0.15536 -0.431171 
-0.149963 -0.15083 
-0.0531601 -0.152119 
0.120968 -0.274006 
0.0376319 -0.278044 
0.0355079 -0.153299 
0.117025 -0.154385 
0.200144 -0.422052 
0.185468 -0.108226 
0.717072 -0.579988 
0.642558 -0.042877 
-0.0507425 -0.809072 
-0.0508608 0.0244507 
-0.293752 -0.486378 
-0.276149 -0.0904702 
-0.0210633 0.0700667 
0.339662 0.276781 
-0.0676972 -0.456936 
-0.175016 -0.470914 
-0.168331 -0.176809 
-0.0668634 -0.176964 
0.114566 -0.30185 
0.0277136 -0.307289 
0.0257545 -0.177106 
0.110632 -0.177235 
