0.199761 -0.390991 
0.186527 -0.0901293 
0.688678 -0.517027 
0.622641 -0.0185296 
-0.00975802 -0.691769 
-0.0131199 0.0594937 
-0.269352 -0.443773 
-0.252945 -0.0664551 
-0.0103332 0.0839374 
0.342234 0.285043 
-0.0551873 -0.419676 
-0.156976 -0.431129 
-0.150611 -0.150602 
-0.0541805 -0.152277 
0.118419 -0.27461 
0.0356727 -0.27841 
0.0339874 -0.153808 
0.114911 -0.155214 
0.19666 -0.422467 
0.183153 -0.109444 
0.714048 -0.579197 
0.641816 -0.0464076 
-0.0390726 -0.807632 
-0.0384816 0.0243312 
-0.295048 -0.486262 
-0.276059 -0.089624 
-0.021219 0.0696038 
0.345914 0.273018 
-0.0694055 -0.456987 
-0.176404 -0.470869 
-0.168719 -0.176517 
-0.0676221 -0.177052 
0.112236 -0.302371 
0.0259933 -0.307585 
0.0244838 -0.17754 
0.108747 -0.177986 
