0.192318 -0.392823 
0.181393 -0.0934276 
0.681913 -0.51857 
0.620299 -0.0274438 
0.00962135 -0.692905 
0.00806978 0.0558338 
-0.272378 -0.44468 
-0.253344 -0.0660308 
-0.0112959 0.0820362 
0.352643 0.275629 
-0.0591732 -0.420888 
-0.160283 -0.432171 
-0.151996 -0.151204 
-0.0563205 -0.153566 
0.113212 -0.276667 
0.0316457 -0.280073 
0.0308423 -0.155717 
0.11058 -0.157685 
0.189568 -0.424149 
0.178427 -0.112649 
0.707638 -0.579739 
0.640114 -0.0551902 
-0.0161189 -0.808495 
-0.014085 0.0208194 
-0.297674 -0.487343 
-0.275956 -0.0891281 
-0.0216338 0.0678023 
0.358062 0.263464 
-0.0729207 -0.458193 
-0.17925 -0.471984 
-0.169581 -0.177073 
-0.0692404 -0.178276 
0.107459 -0.304325 
0.0224395 -0.309174 
0.0218335 -0.179368 
0.104867 -0.180364 
