0.188535 -0.394114 
0.178776 -0.0954115 
0.67837 -0.520243 
0.619026 -0.0326286 
0.0191036 -0.695117 
0.0184805 0.0525768 
-0.27392 -0.44574 
-0.253592 -0.0663662 
-0.0118339 0.0806966 
0.357681 0.270051 
-0.0612203 -0.421996 
-0.161979 -0.433244 
-0.152739 -0.152025 
-0.0574465 -0.154683 
0.110549 -0.2781 
0.0295729 -0.281351 
0.0292118 -0.1571 
0.108358 -0.159308 
0.185955 -0.425392 
0.17601 -0.114616 
0.704246 -0.580996 
0.639141 -0.0603812 
-0.00486384 -0.810745 
-0.00208567 0.0174689 
-0.299011 -0.488533 
-0.275951 -0.0894725 
-0.0219002 0.0664779 
0.363945 0.257722 
-0.0747324 -0.459333 
-0.180714 -0.473131 
-0.170063 -0.177911 
-0.0701067 -0.179398 
0.105007 -0.305737 
0.0206009 -0.310448 
0.0204479 -0.180745 
0.102867 -0.181971 
