0.184709 -0.395631 
0.176122 -0.0975974 
0.674712 -0.522454 
0.617674 -0.0382499 
0.0284323 -0.698364 
0.0287579 0.0484127 
-0.275484 -0.447188 
-0.253877 -0.0670524 
-0.0124142 0.079115 
0.362599 0.263933 
-0.0633061 -0.423417 
-0.163707 -0.434665 
-0.153521 -0.153174 
-0.0586137 -0.156096 
0.107843 -0.27978 
0.0274574 -0.282906 
0.027539 -0.158749 
0.106095 -0.161168 
0.182296 -0.426877 
0.173553 -0.116802 
0.700721 -0.582842 
0.638077 -0.0660527 
0.00622485 -0.81414 
0.00976929 0.0131032 
-0.300365 -0.49014 
-0.275981 -0.0901973 
-0.0222105 0.0648891 
0.369693 0.251383 
-0.0765831 -0.460808 
-0.182208 -0.474653 
-0.170582 -0.179105 
-0.0710148 -0.18084 
0.102509 -0.307416 
0.0187179 -0.312021 
0.0190181 -0.182409 
0.100823 -0.183835 
