0.176922 -0.399236 
0.170693 -0.102485 
0.667027 -0.528261 
0.614701 -0.050619 
0.0465849 -0.707685 
0.0488828 0.0375588 
-0.278682 -0.451151 
-0.254567 -0.0693992 
-0.0137133 0.0753049 
0.372046 0.250244 
-0.0675991 -0.427099 
-0.167263 -0.438455 
-0.155208 -0.156373 
-0.0610807 -0.159723 
0.102294 -0.283786 
0.0230908 -0.28675 
0.0240573 -0.162753 
0.101435 -0.165507 
0.174832 -0.430466 
0.168509 -0.121743 
0.693249 -0.588051 
0.635641 -0.0786399 
0.0278514 -0.824052 
0.0330128 0.00154081 
-0.303133 -0.494503 
-0.276157 -0.0927079 
-0.0229747 0.0609998 
0.380752 0.237087 
-0.0804065 -0.464663 
-0.18529 -0.478715 
-0.171743 -0.182471 
-0.0729665 -0.184594 
0.0973694 -0.311474 
0.0148106 -0.315961 
0.0160167 -0.186507 
0.0965941 -0.188239 
