0.164891 -0.405568 
0.162212 -0.110668 
0.654474 -0.53938 
0.60944 -0.0711587 
0.0724058 -0.72731 
0.0778896 0.0159602 
-0.283643 -0.459236 
-0.255913 -0.0749172 
-0.0160408 0.0683811 
0.38513 0.226864 
-0.0743457 -0.434193 
-0.172843 -0.445979 
-0.15806 -0.162963 
-0.0651324 -0.1667 
0.0936114 -0.29092 
0.0161852 -0.293858 
0.0184705 -0.170062 
0.0940853 -0.173103 
0.163262 -0.436867 
0.160582 -0.130115 
0.680875 -0.598516 
0.631079 -0.0997385 
0.0587377 -0.845121 
0.0665944 -0.0217876 
-0.307416 -0.503367 
-0.27672 -0.0986702 
-0.024513 0.0538119 
0.396126 0.212452 
-0.0864498 -0.472148 
-0.190145 -0.486798 
-0.173803 -0.189485 
-0.0762516 -0.191915 
0.0892796 -0.3188 
0.00858072 -0.323342 
0.0111359 -0.194092 
0.0898694 -0.196054 
