0.160788 -0.407762 
0.15929 -0.113481 
0.649992 -0.543412 
0.607439 -0.0782814 
0.0806039 -0.734888 
0.0872185 0.00767193 
-0.285329 -0.462317 
-0.256441 -0.0771368 
-0.0169225 0.0658867 
0.389172 0.218559 
-0.076672 -0.436801 
-0.174761 -0.448796 
-0.159095 -0.16548 
-0.0665771 -0.169281 
0.0906199 -0.293439 
0.0137886 -0.296424 
0.0165089 -0.172693 
0.0915356 -0.175775 
0.159306 -0.439102 
0.157838 -0.133015 
0.676415 -0.602371 
0.629281 -0.107091 
0.0685778 -0.853266 
0.0774172 -0.030797 
-0.308866 -0.506743 
-0.276983 -0.101084 
-0.025135 0.0511964 
0.400894 0.203657 
-0.0885415 -0.474911 
-0.191817 -0.489832 
-0.174572 -0.192181 
-0.0774422 -0.194643 
0.0864805 -0.321407 
0.00640587 -0.326024 
0.00940596 -0.196845 
0.0875229 -0.198825 
