0.156641 -0.409922 
0.156319 -0.11627 
0.645353 -0.547464 
0.605302 -0.0854259 
0.0885866 -0.742756 
0.0963684 -0.000999763 
-0.287023 -0.465497 
-0.257004 -0.0794695 
-0.0178572 0.0633654 
0.393043 0.210116 
-0.0790326 -0.439443 
-0.176703 -0.451678 
-0.160169 -0.168079 
-0.0680668 -0.171912 
0.0875811 -0.295954 
0.0113467 -0.299009 
0.0144989 -0.175349 
0.0889365 -0.178447 
0.155303 -0.441308 
0.155042 -0.135899 
0.671778 -0.606253 
0.627331 -0.114479 
0.0781761 -0.861715 
0.0880439 -0.0402457 
-0.310318 -0.510232 
-0.277278 -0.103629 
-0.0258115 0.0485403 
0.405472 0.194696 
-0.0906672 -0.477718 
-0.19351 -0.492941 
-0.175379 -0.194975 
-0.0786784 -0.197436 
0.0836316 -0.324017 
0.00418422 -0.328736 
0.00762572 -0.199632 
0.0851244 -0.201604 
