0.152452 -0.411997 
0.1533 -0.11899 
0.640556 -0.551447 
0.603025 -0.0925188 
0.0963491 -0.750767 
0.105335 -0.00994825 
-0.28872 -0.468715 
-0.257599 -0.0818635 
-0.0188441 0.0608612 
0.396737 0.201612 
-0.0814236 -0.442064 
-0.178663 -0.454566 
-0.161278 -0.170707 
-0.0695991 -0.174545 
0.0844971 -0.298415 
0.00886213 -0.301562 
0.012442 -0.177979 
0.0862893 -0.18107 
0.151254 -0.443431 
0.152196 -0.138722 
0.666963 -0.610069 
0.625223 -0.121824 
0.0875261 -0.870301 
0.098469 -0.0500157 
-0.311767 -0.513767 
-0.277602 -0.106253 
-0.0265416 0.0458894 
0.409853 0.185651 
-0.0928225 -0.480508 
-0.195218 -0.496063 
-0.17622 -0.197811 
-0.0799575 -0.20024 
0.080735 -0.326578 
0.00191842 -0.331423 
0.00579713 -0.202403 
0.0826753 -0.204343 
