0.14396 -0.415689 
0.147124 -0.124046 
0.630483 -0.558847 
0.598029 -0.10625 
0.111202 -0.766604 
0.122704 -0.0282235 
-0.292088 -0.474996 
-0.258862 -0.0866126 
-0.0209664 0.0560892 
0.403574 0.184738 
-0.0862762 -0.447004 
-0.182614 -0.460107 
-0.163585 -0.175831 
-0.0727774 -0.1796 
0.0782057 -0.302969 
0.00377886 -0.30636 
0.0081995 -0.182962 
0.08086 -0.185978 
0.143036 -0.44722 
0.146356 -0.143995 
0.656794 -0.617117 
0.620517 -0.136064 
0.105462 -0.887188 
0.118697 -0.0700204 
-0.314616 -0.520693 
-0.278312 -0.111498 
-0.0281542 0.0407971 
0.418003 0.167655 
-0.0972009 -0.485789 
-0.198654 -0.502077 
-0.177985 -0.203376 
-0.0826295 -0.205659 
0.0748118 -0.331342 
-0.00273075 -0.336497 
0.00200679 -0.207685 
0.0776352 -0.209495 
