-0.500095 -0.330542 
-0.480912 0.300873 
-0.252847 -0.117206 
-0.234482 0.204316 
0.233843 -0.158138 
0.269585 0.161921 
0.445887 -0.4101 
0.533012 0.215597 
0.0579629 0.635589 
0.0329352 0.365526 
0.0674957 -0.378277 
0.256692 -0.394189 
0.312336 0.080135 
0.112858 0.0969118 
-0.298827 -0.114303 
-0.104625 -0.130635 
-0.0866206 0.113689 
-0.2861 0.130466 
-0.433623 -0.357682 
-0.410938 0.238346 
-0.224285 -0.137109 
-0.205426 0.174998 
0.249642 -0.176967 
0.284964 0.133754 
0.465309 -0.433283 
0.549126 0.157601 
0.100884 0.552231 
0.0551504 0.331192 
0.105738 -0.403043 
0.285524 -0.418163 
0.339743 0.0301196 
0.150697 0.046019 
-0.240947 -0.153149 
-0.0566469 -0.168649 
-0.0383489 0.0619183 
-0.227395 0.0778178 
