-0.490789 -0.33776 
-0.473882 0.295061 
-0.25291 -0.117664 
-0.235573 0.204461 
0.233276 -0.156359 
0.26872 0.162625 
0.452518 -0.410493 
0.540064 0.210199 
0.0675207 0.630705 
0.0323113 0.366262 
0.077423 -0.381571 
0.265339 -0.39606 
0.321025 0.0750589 
0.122514 0.091354 
-0.289146 -0.120766 
-0.0945074 -0.136245 
-0.0768253 0.107717 
-0.276997 0.124149 
-0.424746 -0.363888 
-0.404013 0.232825 
-0.224424 -0.137294 
-0.206524 0.175229 
0.24875 -0.174867 
0.283784 0.134691 
0.47078 -0.432741 
0.554934 0.153129 
0.109514 0.547518 
0.0543505 0.331981 
0.114578 -0.405355 
0.293011 -0.419074 
0.347249 0.0259339 
0.15929 0.0412702 
-0.231914 -0.158754 
-0.0474297 -0.173361 
-0.0294115 0.0566672 
-0.218859 0.072125 
