-0.481264 -0.34498 
-0.466593 0.289052 
-0.252934 -0.11823 
-0.236652 0.204473 
0.23269 -0.154596 
0.267791 0.163305 
0.458972 -0.410654 
0.546848 0.204964 
0.0770596 0.625648 
0.0316419 0.366897 
0.0872953 -0.384693 
0.273858 -0.397724 
0.329551 0.0701245 
0.132105 0.0858727 
-0.279323 -0.127219 
-0.0843497 -0.141776 
-0.0669847 0.101752 
-0.267741 0.117764 
-0.415694 -0.370084 
-0.396883 0.227151 
-0.22453 -0.137582 
-0.207613 0.175336 
0.24784 -0.172786 
0.282544 0.135606 
0.476093 -0.431995 
0.560494 0.148827 
0.118095 0.542685 
0.0535033 0.332677 
0.123356 -0.407507 
0.300378 -0.419796 
0.354593 0.0218952 
0.167804 0.036612 
-0.222776 -0.164332 
-0.0381977 -0.177986 
-0.0204587 0.0514449 
-0.210211 0.0663951 
