-0.451443 -0.365616 
-0.443199 0.271105 
-0.252769 -0.120078 
-0.239782 0.204252 
0.230851 -0.14896 
0.264679 0.165695 
0.477422 -0.408928 
0.565752 0.191355 
0.105569 0.610766 
0.0294046 0.368743 
0.11661 -0.392103 
0.298737 -0.400596 
0.354229 0.0572581 
0.160523 0.07102 
-0.249044 -0.14541 
-0.0536509 -0.156826 
-0.0372044 0.0850676 
-0.239079 0.0994098 
-0.38754 -0.387639 
-0.374272 0.21038 
-0.224636 -0.138591 
-0.210801 0.175429 
0.245053 -0.166233 
0.278519 0.138699 
0.491239 -0.427762 
0.575842 0.137962 
0.143567 0.528696 
0.0507224 0.33474 
0.149357 -0.412152 
0.321845 -0.420028 
0.375755 0.0116604 
0.192917 0.0242224 
-0.194768 -0.17988 
-0.0104137 -0.190355 
0.00649509 0.0370307 
-0.183618 0.0500926 
