-0.461582 -0.359009 
-0.451248 0.276948 
-0.252864 -0.119484 
-0.238758 0.204316 
0.231473 -0.150938 
0.265765 0.164792 
0.47141 -0.409947 
0.559676 0.195438 
0.0960835 0.615547 
0.0301845 0.368084 
0.106886 -0.390045 
0.290549 -0.400072 
0.346144 0.0611213 
0.151107 0.0755974 
-0.259266 -0.139648 
-0.0639192 -0.152169 
-0.0471723 0.0903143 
-0.248777 0.105278 
-0.397084 -0.382052 
-0.382009 0.215812 
-0.224636 -0.138276 
-0.209754 0.175385 
0.245988 -0.16851 
0.279906 0.137565 
0.486309 -0.429575 
0.570932 0.141149 
0.13512 0.533153 
0.0516853 0.334006 
0.140741 -0.410985 
0.314785 -0.420348 
0.368837 0.0146642 
0.184613 0.0279888 
-0.204199 -0.174993 
-0.0196892 -0.186577 
-0.00250515 0.0415227 
-0.192587 0.055271 
