-0.44112 -0.371826 
-0.434908 0.265564 
-0.252635 -0.12059 
-0.240784 0.204267 
0.230224 -0.14683 
0.263551 0.166764 
0.483316 -0.407378 
0.571622 0.187849 
0.115036 0.606334 
0.0285948 0.369513 
0.126288 -0.393647 
0.30683 -0.40059 
0.362184 0.0539453 
0.169883 0.0669496 
-0.238702 -0.150736 
-0.0433514 -0.160999 
-0.0271991 0.0802772 
-0.229245 0.0939406 
-0.377849 -0.392846 
-0.366342 0.205257 
-0.224601 -0.138826 
-0.211833 0.17555 
0.244118 -0.163816 
0.277094 0.139993 
0.49607 -0.425465 
0.580568 0.135325 
0.151973 0.524598 
0.0497279 0.335585 
0.157924 -0.412844 
0.328819 -0.419222 
0.38255 0.00917831 
0.201159 0.0209415 
-0.185249 -0.184349 
-0.00112581 -0.193672 
0.0155095 0.0329809 
-0.174549 0.0453062 
