-0.387174 -0.394191 
-0.390179 0.246214 
-0.251452 -0.12056 
-0.245505 0.207099 
0.227095 -0.132858 
0.257392 0.175851 
0.51139 -0.390034 
0.598369 0.181531 
0.162017 0.593231 
0.0241584 0.376588 
0.174038 -0.391594 
0.346098 -0.390798 
0.400243 0.0481944 
0.215899 0.0570269 
-0.185496 -0.167922 
0.00846233 -0.171915 
0.0232333 0.0662582 
-0.178332 0.0759158 
-0.327553 -0.410694 
-0.324118 0.187732 
-0.223975 -0.137537 
-0.216763 0.178833 
0.239486 -0.148608 
0.269494 0.150055 
0.519103 -0.405212 
0.601899 0.132666 
0.193362 0.512967 
0.0443461 0.342954 
0.200125 -0.407277 
0.362645 -0.406225 
0.414935 0.00690923 
0.241503 0.0143746 
-0.136568 -0.197772 
0.0454062 -0.200928 
0.0607021 0.0221572 
-0.127949 0.0302777 
