-0.398229 -0.391096 
-0.399521 0.248646 
-0.251746 -0.121021 
-0.244593 0.206032 
0.227718 -0.136175 
0.258686 0.173435 
0.50593 -0.394893 
0.593329 0.181113 
0.152679 0.594329 
0.0250952 0.374616 
0.164574 -0.39346 
0.338388 -0.39419 
0.392842 0.0477104 
0.206803 0.0574015 
-0.196304 -0.165978 
-0.00192503 -0.171266 
0.013111 0.0674911 
-0.188715 0.0780045 
-0.33782 -0.408415 
-0.332872 0.189866 
-0.224151 -0.138228 
-0.215801 0.177695 
0.240403 -0.152141 
0.27107 0.14747 
0.514617 -0.410535 
0.597902 0.131627 
0.185175 0.513831 
0.0454746 0.340941 
0.191767 -0.409732 
0.356002 -0.41014 
0.40865 0.00583792 
0.233547 0.0141794 
-0.146423 -0.196487 
0.0360995 -0.200908 
0.05166 0.022844 
-0.137411 0.0318508 
