-0.353432 -0.398618 
-0.361188 0.24443 
-0.250471 -0.117437 
-0.248196 0.212277 
0.225221 -0.121113 
0.25333 0.185182 
0.527387 -0.371059 
0.61268 0.18831 
0.189764 0.595568 
0.0211836 0.384605 
0.202144 -0.381236 
0.368829 -0.37602 
0.421847 0.0550794 
0.24283 0.0613936 
-0.152738 -0.168508 
0.0395946 -0.168617 
0.053596 0.0680683 
-0.146756 0.075135 
-0.296313 -0.413019 
-0.297119 0.186491 
-0.223366 -0.133815 
-0.219624 0.184139 
0.236745 -0.136323 
0.264604 0.159794 
0.532276 -0.385224 
0.613197 0.140919 
0.217589 0.515696 
0.0407903 0.351009 
0.224935 -0.395533 
0.382241 -0.390256 
0.433254 0.0151643 
0.265016 0.0200662 
-0.106783 -0.19675 
0.0732465 -0.196124 
0.0877532 0.0252311 
-0.0992811 0.0306807 
