-0.376014 -0.396497 
-0.380667 0.244663 
-0.251139 -0.119819 
-0.246407 0.208481 
0.226473 -0.129246 
0.256069 0.178607 
0.516784 -0.384442 
0.603272 0.182861 
0.171315 0.59304 
0.0231956 0.378898 
0.183457 -0.388943 
0.353741 -0.386644 
0.407544 0.0495729 
0.224939 0.0575512 
-0.174625 -0.169013 
0.0188496 -0.171706 
0.0333602 0.0659215 
-0.16787 0.0747136 
-0.317205 -0.412239 
-0.315232 0.186425 
-0.223783 -0.136581 
-0.217718 0.180274 
0.238572 -0.144797 
0.267892 0.152964 
0.52354 -0.39922 
0.605778 0.134555 
0.201497 0.512963 
0.0431904 0.345292 
0.20844 -0.404099 
0.369232 -0.401609 
0.42113 0.00881165 
0.249403 0.0154071 
-0.12667 -0.198262 
0.0547036 -0.200151 
0.069736 0.0223075 
-0.118434 0.0295345 
