-0.342035 -0.398394 
-0.351249 0.245831 
-0.250128 -0.115774 
-0.249093 0.21472 
0.224585 -0.11659 
0.25191 0.189008 
0.532596 -0.363287 
0.617188 0.192426 
0.198897 0.598345 
0.0201291 0.388024 
0.211404 -0.376179 
0.376269 -0.369562 
0.428846 0.0592124 
0.251672 0.0647317 
-0.141743 -0.166873 
0.0499368 -0.165714 
0.0636874 0.0705878 
-0.136128 0.0768124 
-0.285793 -0.412222 
-0.287916 0.187934 
-0.223151 -0.131987 
-0.220584 0.18659 
0.235826 -0.131657 
0.262914 0.163719 
0.536575 -0.377238 
0.616739 0.14539 
0.225532 0.51848 
0.0395407 0.354408 
0.233106 -0.390147 
0.38866 -0.38353 
0.43918 0.0196162 
0.272722 0.0237074 
-0.096813 -0.194715 
0.0824786 -0.192857 
0.0967217 0.0280332 
-0.0896644 0.0326142 
