-0.330585 -0.397305 
-0.341198 0.248279 
-0.249787 -0.113792 
-0.249997 0.217537 
0.223937 -0.111769 
0.250452 0.193187 
0.53774 -0.354818 
0.621562 0.197447 
0.207955 0.602142 
0.0190377 0.391824 
0.220603 -0.370335 
0.383637 -0.362358 
0.435737 0.0642503 
0.260435 0.0690086 
-0.13073 -0.164309 
0.0602473 -0.161907 
0.0737486 0.0740759 
-0.125467 0.0794833 
-0.275236 -0.410627 
-0.278633 0.190344 
-0.22294 -0.129858 
-0.221554 0.189395 
0.234898 -0.126714 
0.26119 0.16798 
0.540824 -0.368617 
0.620166 0.150697 
0.233394 0.522216 
0.0382538 0.35817 
0.241221 -0.38404 
0.395016 -0.376123 
0.44501 0.0249026 
0.280352 0.0282152 
-0.0868382 -0.191825 
0.0916746 -0.188758 
0.105652 0.0317299 
-0.0800346 0.0354656 
