-0.296017 -0.388934 
-0.310492 0.261919 
-0.248824 -0.105986 
-0.252802 0.228194 
0.22188 -0.0956566 
0.245813 0.20771 
0.552726 -0.325559 
0.633828 0.217601 
0.234563 0.619498 
0.0155039 0.405419 
0.247756 -0.348331 
0.405241 -0.336572 
0.455693 0.084498 
0.286164 0.0872352 
-0.0976798 -0.151168 
0.0908972 -0.145253 
0.103646 0.090182 
-0.093412 0.0933637 
-0.243452 -0.40117 
-0.250419 0.203359 
-0.222379 -0.121727 
-0.224572 0.199895 
0.232018 -0.110349 
0.255772 0.182632 
0.553213 -0.339252 
0.629708 0.171308 
0.256394 0.538964 
0.0341316 0.371539 
0.265161 -0.36164 
0.413656 -0.350098 
0.461859 0.0454816 
0.30271 0.0467015 
-0.0569808 -0.178156 
0.118962 -0.171665 
0.132126 0.048009 
-0.051173 0.049414 
