-0.307566 -0.392556 
-0.320807 0.256335 
-0.249129 -0.108887 
-0.251847 0.224284 
0.22259 -0.101284 
0.247408 0.202557 
0.547812 -0.335915 
0.62989 0.21008 
0.225801 0.612751 
0.0167291 0.400536 
0.238786 -0.356378 
0.39813 -0.345827 
0.449169 0.0769329 
0.27769 0.0802949 
-0.108687 -0.156434 
0.0807372 -0.151647 
0.0937389 0.0839015 
-0.104098 0.0877803 
-0.254057 -0.405082 
-0.259873 0.19807 
-0.222549 -0.124717 
-0.223543 0.196058 
0.233 -0.116042 
0.257624 0.177455 
0.54915 -0.349587 
0.626659 0.163699 
0.248837 0.532489 
0.0355532 0.366751 
0.257256 -0.369755 
0.407521 -0.359373 
0.456358 0.0378734 
0.295355 0.0397459 
-0.0669125 -0.183522 
0.109925 -0.178133 
0.123364 0.0417461 
-0.0607782 0.0438877 
