-0.272884 -0.379355 
-0.289681 0.276042 
-0.248282 -0.0993744 
-0.254791 0.236995 
0.22036 -0.0837529 
0.242453 0.218812 
0.562262 -0.303281 
0.641198 0.234752 
0.251691 0.635614 
0.012891 0.416113 
0.265408 -0.330322 
0.419148 -0.316317 
0.468304 0.101806 
0.302746 0.10346 
-0.075742 -0.138168 
0.110997 -0.130149 
0.123227 0.105254 
-0.072097 0.107205 
-0.222252 -0.391225 
-0.231417 0.216623 
-0.222113 -0.114998 
-0.226714 0.208485 
0.229965 -0.0983691 
0.25191 0.19373 
0.561092 -0.31717 
0.635364 0.188457 
0.271117 0.554336 
0.031126 0.381991 
0.280706 -0.343677 
0.425647 -0.329974 
0.472468 0.0626869 
0.317077 0.0627542 
-0.0372267 -0.165181 
0.136812 -0.156622 
0.149406 0.0628269 
-0.0320616 0.0629055 
