-0.24975 -0.366975 
-0.268692 0.293731 
-0.247857 -0.0918633 
-0.256903 0.246905 
0.218668 -0.071196 
0.238832 0.230739 
0.571329 -0.27931 
0.647804 0.254217 
0.268186 0.654708 
0.0100369 0.427808 
0.28261 -0.310136 
0.432563 -0.294126 
0.480246 0.121553 
0.318757 0.122364 
-0.0539725 -0.122243 
0.130731 -0.112349 
0.142414 0.123251 
-0.0509314 0.124222 
-0.201113 -0.378757 
-0.212351 0.233112 
-0.22197 -0.107445 
-0.228991 0.218103 
0.227752 -0.0858028 
0.2478 0.205589 
0.568566 -0.29358 
0.640344 0.207715 
0.285222 0.572451 
0.0278792 0.393377 
0.295833 -0.323762 
0.437197 -0.308118 
0.482472 0.0821082 
0.330907 0.0812416 
-0.0176798 -0.149562 
0.154297 -0.139144 
0.166287 0.0803003 
-0.0131517 0.0792743 
