-0.238197 -0.359882 
-0.258151 0.303725 
-0.247695 -0.0878538 
-0.25801 0.252181 
0.217745 -0.0647653 
0.236911 0.236905 
0.575655 -0.266858 
0.650782 0.264601 
0.276155 0.66513 
0.00851156 0.43392 
0.291016 -0.299393 
0.439056 -0.282472 
0.485931 0.132138 
0.326515 0.132622 
-0.0431742 -0.113353 
0.140433 -0.102615 
0.151829 0.133152 
-0.0404314 0.133735 
-0.19058 -0.371719 
-0.202815 0.242388 
-0.221951 -0.103442 
-0.230184 0.223204 
0.226573 -0.0793897 
0.24564 0.2117 
0.572118 -0.281377 
0.642545 0.217933 
0.292006 0.582314 
0.0261574 0.399313 
0.303213 -0.313229 
0.442778 -0.296697 
0.487213 0.0924593 
0.33759 0.0912105 
-0.00800621 -0.140923 
0.162876 -0.129659 
0.17455 0.0898497 
-0.00379767 0.0883611 
