-0.21514 -0.34425 
-0.237008 0.32553 
-0.247479 -0.0795302 
-0.260326 0.263138 
0.215717 -0.0518121 
0.232826 0.249395 
0.583818 -0.241396 
0.656012 0.28618 
0.291452 0.68714 
0.00525381 0.446409 
0.307379 -0.276984 
0.451551 -0.258424 
0.496654 0.154267 
0.341464 0.154279 
-0.0217939 -0.0941282 
0.159454 -0.0818969 
0.170237 0.154293 
-0.0196485 0.154308 
-0.16961 -0.356374 
-0.18377 0.262553 
-0.222027 -0.0951786 
-0.232683 0.233766 
0.224042 -0.0665099 
0.241089 0.224048 
0.578788 -0.25651 
0.646295 0.239087 
0.30496 0.603112 
0.0225064 0.411418 
0.317557 -0.291368 
0.453492 -0.273229 
0.496107 0.114008 
0.350425 0.112163 
0.0110992 -0.122373 
0.179657 -0.109589 
0.190659 0.110139 
0.0146603 0.10791 
