-0.226659 -0.352281 
-0.247588 0.314361 
-0.247569 -0.083728 
-0.259151 0.257609 
0.216762 -0.0582889 
0.23491 0.243141 
0.579823 -0.254194 
0.653524 0.275289 
0.283916 0.675983 
0.00691765 0.44014 
0.299276 -0.288315 
0.44539 -0.270544 
0.491405 0.143076 
0.334089 0.143293 
-0.0324451 -0.103951 
0.150011 -0.0924344 
0.161107 0.143533 
-0.0300005 0.143797 
-0.180077 -0.364233 
-0.193286 0.252235 
-0.22197 -0.0993387 
-0.231415 0.228442 
0.225338 -0.0729442 
0.243405 0.21787 
0.57553 -0.268996 
0.644534 0.228422 
0.29859 0.592573 
0.024367 0.405346 
0.310458 -0.302405 
0.448214 -0.285043 
0.491763 0.103123 
0.3441 0.101549 
0.00158946 -0.131832 
0.171333 -0.119779 
0.182677 0.0998273 
0.00547608 0.0979377 
