-0.203641 -0.335876 
-0.226417 0.337114 
-0.247425 -0.0753079 
-0.261532 0.268711 
0.214604 -0.0453823 
0.230656 0.255612 
0.587628 -0.228547 
0.65823 0.297167 
0.298745 0.698467 
0.00351952 0.452667 
0.315314 -0.265484 
0.457526 -0.246194 
0.501663 0.165608 
0.348628 0.165474 
-0.0112284 -0.08398 
0.16875 -0.0710987 
0.179205 0.165325 
-0.00938479 0.165159 
-0.15918 -0.348224 
-0.174272 0.273233 
-0.222123 -0.0910076 
-0.233987 0.239121 
0.222683 -0.0601328 
0.238691 0.230181 
0.581879 -0.243997 
0.647813 0.249828 
0.311102 0.613808 
0.0205751 0.417473 
0.324498 -0.280197 
0.458601 -0.261336 
0.500231 0.125016 
0.356552 0.122954 
0.0205154 -0.112636 
0.187839 -0.0991788 
0.198482 0.120685 
0.0237462 0.118177 
