-0.180716 -0.318463 
-0.205215 0.361006 
-0.247416 -0.0669938 
-0.264024 0.279749 
0.212163 -0.0328615 
0.226044 0.267704 
0.594634 -0.203033 
0.6618 0.318981 
0.312546 0.721059 
-0.000157858 0.464888 
0.330636 -0.242336 
0.468872 -0.221756 
0.510902 0.188308 
0.362264 0.188042 
0.00961515 -0.0631221 
0.186861 -0.0491275 
0.196611 0.187745 
0.0108423 0.187412 
-0.138445 -0.331394 
-0.155348 0.295201 
-0.222422 -0.0828303 
-0.236688 0.249694 
0.21976 -0.047741 
0.233637 0.24209 
0.587505 -0.219208 
0.65007 0.271126 
0.322643 0.635147 
0.016502 0.429277 
0.337868 -0.257786 
0.468263 -0.237635 
0.507771 0.147003 
0.368163 0.144656 
0.0390385 -0.092714 
0.203735 -0.0780764 
0.213614 0.142057 
0.0415901 0.139164 
