-0.192166 -0.327248 
-0.215818 0.348985 
-0.247404 -0.0711115 
-0.262766 0.274269 
0.21342 -0.0390486 
0.228396 0.261735 
0.591237 -0.215731 
0.660164 0.308137 
0.305782 0.709822 
0.00171517 0.458849 
0.32307 -0.253904 
0.463304 -0.233942 
0.506416 0.176992 
0.355565 0.176766 
-0.000756311 -0.073609 
0.177889 -0.0601406 
0.188001 0.176515 
0.000781618 0.176234 
-0.148791 -0.339868 
-0.164797 0.284157 
-0.222255 -0.0868746 
-0.235323 0.24445 
0.221257 -0.0538602 
0.236208 0.236214 
0.584788 -0.231536 
0.649076 0.260543 
0.317 0.624531 
0.0185733 0.423447 
0.331272 -0.268974 
0.463528 -0.249443 
0.504124 0.136049 
0.362469 0.13382 
0.0298307 -0.102717 
0.195868 -0.0886421 
0.206138 0.131361 
0.0327253 0.128633 
