-0.157892 -0.300826 
-0.184007 0.384924 
-0.247521 -0.0592142 
-0.266589 0.290212 
0.209422 -0.0211318 
0.221068 0.278943 
0.60074 -0.178342 
0.664128 0.339836 
0.325204 0.742576 
-0.00409922 0.476264 
0.345158 -0.219607 
0.479333 -0.197944 
0.51902 0.210294 
0.3749 0.21008 
0.03003 -0.0422475 
0.204267 -0.0273683 
0.213236 0.209841 
0.0306154 0.20957 
-0.117884 -0.314475 
-0.136541 0.317127 
-0.22285 -0.0752195 
-0.239486 0.259674 
0.216549 -0.0361602 
0.228232 0.253144 
0.592315 -0.195275 
0.651207 0.291483 
0.333119 0.655514 
0.0121613 0.440244 
0.350491 -0.235863 
0.477115 -0.21461 
0.514288 0.168266 
0.378845 0.165803 
0.0571076 -0.0728734 
0.218951 -0.05726 
0.227995 0.163061 
0.0589486 0.159988 
