-0.169291 -0.309622 
-0.194611 0.373035 
-0.247456 -0.0630095 
-0.2653 0.285086 
0.210831 -0.0268721 
0.223602 0.27346 
0.597805 -0.190541 
0.663124 0.329584 
0.319024 0.732027 
-0.00209714 0.470716 
0.338002 -0.230872 
0.474218 -0.209726 
0.515107 0.199445 
0.368713 0.199185 
0.0198793 -0.0526304 
0.195657 -0.0381669 
0.205026 0.198895 
0.0207893 0.198567 
-0.128142 -0.322898 
-0.145929 0.306236 
-0.222622 -0.0789274 
-0.238078 0.25479 
0.218191 -0.0418245 
0.230978 0.247753 
0.590017 -0.207094 
0.650783 0.281474 
0.32802 0.645521 
0.0143636 0.434898 
0.344277 -0.24672 
0.472795 -0.225996 
0.511162 0.157777 
0.373625 0.155353 
0.0481326 -0.0827312 
0.211432 -0.0675819 
0.220903 0.152661 
0.0503333 0.149655 
