-0.146521 -0.292182 
-0.173406 0.396523 
-0.247605 -0.0556646 
-0.267884 0.295061 
0.207937 -0.0156917 
0.218443 0.284095 
0.603429 -0.166521 
0.664801 0.349626 
0.331076 0.752556 
-0.00615955 0.481462 
0.352098 -0.208634 
0.484208 -0.186498 
0.522632 0.220742 
0.380816 0.220609 
0.0400618 -0.0320884 
0.212684 -0.0168415 
0.221231 0.220459 
0.0403141 0.22029 
-0.107672 -0.306223 
-0.127187 0.327738 
-0.223102 -0.0717611 
-0.240907 0.264281 
0.214834 -0.0307972 
0.225399 0.258207 
0.594389 -0.183833 
0.651333 0.301049 
0.337932 0.664991 
0.00989921 0.445248 
0.356503 -0.225304 
0.481215 -0.203563 
0.517139 0.178368 
0.383815 0.1759 
0.0659586 -0.0632467 
0.226285 -0.0472123 
0.234883 0.173143 
0.0674306 0.170043 
