-0.135176 -0.283795 
-0.162809 0.407678 
-0.247702 -0.0524172 
-0.269175 0.299565 
0.206376 -0.0106018 
0.215732 0.288858 
0.605866 -0.155162 
0.665138 0.358849 
0.336632 0.76182 
-0.00827257 0.486242 
0.358812 -0.198047 
0.488835 -0.175477 
0.525937 0.230683 
0.386454 0.230658 
0.0499696 -0.0222683 
0.220901 -0.0066956 
0.229006 0.230629 
0.0498796 0.230596 
-0.097506 -0.29824 
-0.117868 0.337933 
-0.223372 -0.0686062 
-0.242332 0.268548 
0.213046 -0.025784 
0.222482 0.262886 
0.596234 -0.172847 
0.651156 0.310075 
0.342454 0.673818 
0.00758271 0.449845 
0.362307 -0.215129 
0.485087 -0.192936 
0.519711 0.187984 
0.388529 0.185536 
0.0746815 -0.0539572 
0.233429 -0.03754 
0.241561 0.182794 
0.0757746 0.179701 
