-0.112565 -0.268217 
-0.141632 0.428062 
-0.247911 -0.0470509 
-0.27171 0.307273 
0.203035 -0.00166524 
0.21006 0.296994 
0.609958 -0.13415 
0.664795 0.375195 
0.346775 0.777651 
-0.0126296 0.494287 
0.371546 -0.178388 
0.497325 -0.15505 
0.531604 0.248638 
0.396874 0.248877 
0.0693976 -0.00409596 
0.236713 0.0120299 
0.243867 0.249148 
0.0685925 0.249459 
-0.0773091 -0.283471 
-0.0993368 0.356534 
-0.223944 -0.0634201 
-0.245161 0.27581 
0.209259 -0.0169917 
0.216411 0.270883 
0.599215 -0.152538 
0.649885 0.326136 
0.350609 0.68902 
0.00281228 0.457572 
0.373269 -0.196267 
0.492133 -0.173263 
0.524 0.205378 
0.39717 0.203025 
0.0917308 -0.0368049 
0.247127 -0.0197124 
0.254268 0.200373 
0.0920346 0.197363 
