-0.123857 -0.275772 
-0.152218 0.41824 
-0.247806 -0.0495278 
-0.270453 0.303657 
0.204741 -0.00591079 
0.212936 0.293175 
0.608043 -0.144346 
0.665136 0.367403 
0.341866 0.77023 
-0.0104317 0.490538 
0.365297 -0.187936 
0.493209 -0.164967 
0.528928 0.240015 
0.391808 0.240116 
0.0597494 -0.0129006 
0.228912 0.00296261 
0.236552 0.24023 
0.0593071 0.240361 
-0.0873851 -0.290624 
-0.108585 0.347576 
-0.223655 -0.0658085 
-0.243753 0.272412 
0.211187 -0.0211672 
0.219485 0.267128 
0.597844 -0.162391 
0.650673 0.318467 
0.34668 0.681868 
0.00521802 0.453974 
0.367896 -0.205423 
0.488728 -0.182811 
0.521998 0.197018 
0.392981 0.194611 
0.083273 -0.0451094 
0.240377 -0.0283415 
0.248024 0.191906 
0.0839768 0.188846 
