-0.0788418 -0.249348 
-0.109923 0.451716 
-0.248147 -0.0426069 
-0.275247 0.314662 
0.197528 0.00797619 
0.201017 0.304985 
0.614126 -0.107976 
0.661777 0.393166 
0.359559 0.792827 
-0.0193687 0.501677 
0.388871 -0.15393 
0.508119 -0.129603 
0.537751 0.269393 
0.410338 0.270033 
0.0975306 0.0179111 
0.258834 0.0347388 
0.264397 0.270766 
0.0955707 0.271614 
-0.0473422 -0.265704 
-0.0718058 0.378082 
-0.224776 -0.0591995 
-0.249213 0.282645 
0.203106 -0.00751955 
0.206791 0.278764 
0.601899 -0.127252 
0.64573 0.344031 
0.36063 0.704022 
-0.00456806 0.464645 
0.388077 -0.17285 
0.500933 -0.148784 
0.528305 0.225613 
0.408155 0.223429 
0.116291 -0.0160944 
0.266175 0.0018843 
0.271686 0.220949 
0.11533 0.218108 
