-0.0900577 -0.254911 
-0.120484 0.444927 
-0.248089 -0.0435423 
-0.274118 0.312832 
0.199423 0.00531714 
0.204094 0.302942 
0.612998 -0.115902 
0.663108 0.388149 
0.355618 0.789052 
-0.0171073 0.499909 
0.383334 -0.161312 
0.504779 -0.137299 
0.536011 0.263405 
0.406137 0.263922 
0.0882896 0.011406 
0.251675 0.0280058 
0.25779 0.264512 
0.0867259 0.265192 
-0.0572888 -0.270925 
-0.0809479 0.371902 
-0.224512 -0.0600696 
-0.247901 0.28098 
0.205214 -0.0101305 
0.210057 0.276742 
0.60124 -0.13491 
0.647407 0.338987 
0.357579 0.700191 
-0.00208973 0.462958 
0.383359 -0.179912 
0.498234 -0.156185 
0.527149 0.219749 
0.404754 0.217514 
0.10824 -0.0222093 
0.260026 -0.00451843 
0.266099 0.214982 
0.107711 0.212091 
