-0.101299 -0.261231 
-0.131054 0.437002 
-0.248007 -0.0450392 
-0.272935 0.310351 
0.201261 0.00209098 
0.207111 0.300264 
0.611609 -0.124647 
0.664117 0.382136 
0.351358 0.783962 
-0.0148578 0.497429 
0.377559 -0.169488 
0.501182 -0.145803 
0.533964 0.256463 
0.40165 0.256843 
0.0789116 0.00403954 
0.244301 0.0204082 
0.250946 0.257276 
0.0777328 0.257774 
-0.0672773 -0.276875 
-0.0901247 0.364683 
-0.224232 -0.0614913 
-0.246547 0.278685 
0.207267 -0.0132997 
0.213266 0.274102 
0.600347 -0.143357 
0.648795 0.333 
0.354241 0.695161 
0.000373471 0.460584 
0.378424 -0.18774 
0.495302 -0.164365 
0.525715 0.212981 
0.401094 0.210687 
0.100053 -0.029141 
0.253677 -0.0117431 
0.260294 0.208096 
0.0999463 0.205145 
