-0.0676508 -0.244626 
-0.0993734 0.457259 
-0.248174 -0.0422752 
-0.276313 0.315794 
0.19558 0.0100352 
0.197889 0.306359 
0.615001 -0.100921 
0.660135 0.397129 
0.363189 0.795205 
-0.0216318 0.50269 
0.394173 -0.147407 
0.511205 -0.122771 
0.539191 0.274361 
0.414258 0.275104 
0.106634 0.0234715 
0.265779 0.0405322 
0.270771 0.275958 
0.104267 0.276949 
-0.0374364 -0.261289 
-0.0626978 0.383125 
-0.225016 -0.0589213 
-0.250473 0.283634 
0.200947 -0.00549859 
0.203476 0.280133 
0.602328 -0.120434 
0.643775 0.34808 
0.363402 0.706579 
-0.00705181 0.465605 
0.39258 -0.166614 
0.503402 -0.142215 
0.529191 0.230514 
0.411302 0.228367 
0.124207 -0.0108729 
0.272127 0.00739582 
0.277059 0.225923 
0.122804 0.223114 
