-0.0120706 -0.235903 
-0.0468426 0.463571 
-0.247579 -0.0508126 
-0.280349 0.309719 
0.185295 0.010518 
0.181796 0.302357 
0.615908 -0.0799641 
0.647867 0.399962 
0.377116 0.784581 
-0.0326155 0.495416 
0.417372 -0.129264 
0.523123 -0.103004 
0.542333 0.282512 
0.429973 0.283242 
0.150146 0.0349658 
0.297465 0.0535402 
0.299341 0.28409 
0.145586 0.285089 
0.011527 -0.253386 
-0.0176418 0.388853 
-0.225616 -0.0674925 
-0.255665 0.277258 
0.189641 -0.00502495 
0.186478 0.2764 
0.601359 -0.100121 
0.630386 0.352245 
0.373508 0.69874 
-0.0192021 0.458525 
0.412096 -0.1493 
0.512581 -0.123189 
0.530002 0.239229 
0.423558 0.236857 
0.16187 -0.000126568 
0.299111 0.0198544 
0.300928 0.234123 
0.158118 0.23094 
