-0.0231355 -0.235499 
-0.0573123 0.465331 
-0.247818 -0.0476656 
-0.279743 0.31258 
0.1874 0.011781 
0.185042 0.304653 
0.616147 -0.0821725 
0.650795 0.40171 
0.374842 0.789766 
-0.0304964 0.498574 
0.413147 -0.13086 
0.521173 -0.104951 
0.542193 0.283181 
0.427307 0.284001 
0.141703 0.0349829 
0.291512 0.0531853 
0.294041 0.284953 
0.1376 0.28607 
0.00180556 -0.252928 
-0.0265906 0.390459 
-0.225598 -0.0643739 
-0.254802 0.28012 
0.191947 -0.00378623 
0.189902 0.278602 
0.601928 -0.102276 
0.633483 0.353608 
0.371936 0.70312 
-0.0168407 0.46158 
0.408565 -0.150817 
0.511133 -0.125069 
0.530273 0.239663 
0.421531 0.237406 
0.15458 -9.70596e-05 
0.294061 0.0194867 
0.296525 0.234811 
0.151314 0.231797 
