-0.0342265 -0.236207 
-0.0678027 0.465547 
-0.247991 -0.0452563 
-0.279029 0.314601 
0.189489 0.0123543 
0.188285 0.306194 
0.61619 -0.0853854 
0.653508 0.402298 
0.37233 0.793422 
-0.0283288 0.500871 
0.408724 -0.133493 
0.519018 -0.107918 
0.541827 0.282691 
0.424417 0.283553 
0.133133 0.0338127 
0.285375 0.0516837 
0.288543 0.284552 
0.12948 0.28572 
-0.00795034 -0.253523 
-0.0355701 0.390661 
-0.225523 -0.0619745 
-0.253844 0.282173 
0.194238 -0.00322378 
0.193324 0.28007 
0.602324 -0.105398 
0.636391 0.353868 
0.370156 0.706092 
-0.0144353 0.463807 
0.404858 -0.153327 
0.509503 -0.127927 
0.530344 0.238998 
0.419305 0.236817 
0.147174 -0.0011842 
0.288846 0.0180351 
0.291946 0.234316 
0.144386 0.231418 
