0.00997621 -0.240107 
-0.0259781 0.455432 
-0.246885 -0.0593471 
-0.281211 0.301467 
0.181065 0.00592246 
0.175331 0.295517 
0.614907 -0.0785474 
0.641464 0.393058 
0.381029 0.769754 
-0.036673 0.486539 
0.425276 -0.129192 
0.526468 -0.102167 
0.542009 0.277745 
0.434694 0.278139 
0.16667 0.0313471 
0.308855 0.0508056 
0.309393 0.278599 
0.161169 0.279143 
0.0308694 -0.257519 
0.000163632 0.381424 
-0.225461 -0.075913 
-0.257078 0.269097 
0.185013 -0.00953163 
0.17966 0.269807 
0.599757 -0.0986977 
0.623712 0.346277 
0.376103 0.68586 
-0.0237588 0.449947 
0.418671 -0.149253 
0.514984 -0.122364 
0.528931 0.235106 
0.427077 0.232376 
0.176118 -0.00355793 
0.308752 0.017331 
0.309251 0.229219 
0.171379 0.225524 
