0.0428148 -0.254808 
0.00507452 0.432196 
-0.245262 -0.0776775 
-0.281578 0.282937 
0.174772 -0.00600063 
0.165833 0.279871 
0.61236 -0.0836399 
0.630861 0.37474 
0.385613 0.737268 
-0.0422005 0.467107 
0.435951 -0.136657 
0.530326 -0.108294 
0.540326 0.262492 
0.440505 0.261988 
0.190615 0.0172239 
0.324802 0.0383953 
0.323278 0.261396 
0.183656 0.260691 
0.0596364 -0.27167 
0.0266317 0.360187 
-0.224712 -0.0939308 
-0.258366 0.250926 
0.178131 -0.0212263 
0.169635 0.254665 
0.596439 -0.103522 
0.612844 0.329712 
0.378914 0.657006 
-0.0300708 0.431181 
0.427499 -0.156441 
0.517574 -0.128226 
0.52629 0.221201 
0.431259 0.217609 
0.196748 -0.0169002 
0.322222 0.0056688 
0.320708 0.213431 
0.190495 0.208509 
