0.0860597 -0.28856 
0.0458209 0.383773 
-0.242024 -0.111568 
-0.280346 0.248036 
0.166706 -0.030349 
0.153835 0.250213 
0.607726 -0.102294 
0.615845 0.337932 
0.390147 0.678639 
-0.048344 0.431326 
0.44851 -0.159144 
0.533946 -0.128638 
0.536678 0.229343 
0.446581 0.226988 
0.221156 -0.0158397 
0.344368 0.00831775 
0.340065 0.224204 
0.21219 0.220861 
0.0975007 -0.303984 
0.0613957 0.315771 
-0.222748 -0.127175 
-0.258516 0.216853 
0.169289 -0.0451274 
0.156932 0.225873 
0.59097 -0.121444 
0.597655 0.295679 
0.381399 0.604086 
-0.0373211 0.396604 
0.437837 -0.17809 
0.519727 -0.147798 
0.521604 0.19036 
0.435442 0.185069 
0.223082 -0.0481767 
0.338748 -0.0227813 
0.334546 0.178872 
0.214783 0.171517 
