0.0645253 -0.269846 
0.0255598 0.410148 
-0.243788 -0.0933767 
-0.281198 0.2668 
0.170679 -0.017069 
0.159721 0.266169 
0.610167 -0.0914392 
0.623407 0.357868 
0.388046 0.709784 
-0.0454549 0.450468 
0.44243 -0.146284 
0.532306 -0.116897 
0.538641 0.247518 
0.44373 0.24617 
0.206071 0.00250565 
0.334795 0.0250778 
0.331881 0.244582 
0.198115 0.242682 
0.0786442 -0.286075 
0.0440983 0.33999 
-0.223861 -0.109335 
-0.258658 0.235161 
0.17365 -0.0320878 
0.163171 0.241375 
0.593805 -0.110999 
0.605284 0.314183 
0.380282 0.632291 
-0.0338706 0.415107 
0.432836 -0.165704 
0.518792 -0.136492 
0.524057 0.207327 
0.433502 0.202955 
0.210068 -0.030812 
0.330659 -0.00690742 
0.327797 0.197851 
0.202793 0.191815 
