0.117953 -0.322176 
0.0756788 0.338214 
-0.238932 -0.142761 
-0.278291 0.215952 
0.160999 -0.0537217 
0.145472 0.222891 
0.603825 -0.123212 
0.604595 0.303726 
0.392917 0.627154 
-0.0520096 0.398949 
0.457047 -0.183317 
0.535972 -0.150997 
0.53347 0.197502 
0.450374 0.193422 
0.243128 -0.0486668 
0.358067 -0.0218703 
0.351705 0.188577 
0.232631 0.18273 
0.125448 -0.33618 
0.0869479 0.273793 
-0.220674 -0.157765 
-0.257589 0.185561 
0.163004 -0.0681005 
0.148036 0.199282 
0.586544 -0.141648 
0.586349 0.263685 
0.382822 0.557126 
-0.0418537 0.365271 
0.444862 -0.201422 
0.520784 -0.169391 
0.517745 0.160435 
0.437982 0.153581 
0.242075 -0.0793283 
0.350348 -0.0514748 
0.344171 0.14552 
0.232243 0.135902 
