0.0967504 -0.299111 
0.0558517 0.369258 
-0.241046 -0.121494 
-0.279757 0.237804 
0.16477 -0.037723 
0.150984 0.241505 
0.606447 -0.108715 
0.612069 0.327019 
0.391109 0.66199 
-0.0496524 0.420959 
0.451425 -0.166623 
0.534669 -0.135528 
0.535631 0.219254 
0.4479 0.216347 
0.228566 -0.0261667 
0.349016 -0.00115846 
0.344022 0.212904 
0.219091 0.208764 
0.106865 -0.314084 
0.0699707 0.302417 
-0.222104 -0.136908 
-0.258295 0.206874 
0.16716 -0.0523719 
0.153904 0.217405 
0.589508 -0.127638 
0.593855 0.285499 
0.381897 0.588941 
-0.0389156 0.386576 
0.440235 -0.185302 
0.520117 -0.154444 
0.520331 0.180902 
0.436328 0.175109 
0.229482 -0.0579651 
0.34268 -0.0317751 
0.337814 0.168316 
0.220671 0.160237 
