0.128453 -0.334503 
0.08546 0.321952 
-0.237812 -0.153993 
-0.277434 0.204465 
0.159163 -0.0622529 
0.142809 0.213092 
0.602499 -0.131145 
0.600919 0.29152 
0.39378 0.609211 
-0.0530669 0.387438 
0.459766 -0.192376 
0.536567 -0.159429 
0.532374 0.186015 
0.451546 0.181327 
0.250279 -0.0606438 
0.362478 -0.0329234 
0.355439 0.175752 
0.239269 0.169014 
0.134656 -0.348002 
0.0953378 0.258763 
-0.219903 -0.168785 
-0.257121 0.174354 
0.160975 -0.0764941 
0.145195 0.189731 
0.585056 -0.149331 
0.582662 0.252212 
0.383265 0.54068 
-0.0432053 0.35412 
0.447101 -0.210183 
0.521075 -0.177553 
0.516449 0.149591 
0.438762 0.142188 
0.248268 -0.0907215 
0.354091 -0.0620107 
0.347267 0.133469 
0.237926 0.123049 
