0.138876 -0.34723 
0.0951423 0.305374 
-0.236663 -0.165547 
-0.276507 0.192697 
0.157357 -0.0710738 
0.140206 0.203041 
0.601171 -0.13944 
0.597294 0.279056 
0.394622 0.591075 
-0.0540505 0.375682 
0.462428 -0.201801 
0.537129 -0.168225 
0.531277 0.174238 
0.452682 0.168936 
0.257342 -0.0729711 
0.366816 -0.0443169 
0.359107 0.162624 
0.245818 0.154982 
0.1438 -0.36022 
0.103653 0.243416 
-0.219107 -0.180126 
-0.256589 0.162869 
0.158976 -0.0851776 
0.142413 0.179927 
0.583572 -0.157374 
0.579027 0.240472 
0.383701 0.52402 
-0.0444853 0.342722 
0.449295 -0.21931 
0.521342 -0.186078 
0.51516 0.138451 
0.439517 0.130494 
0.254389 -0.102465 
0.357776 -0.0728878 
0.350313 0.12111 
0.243541 0.109878 
