0.149215 -0.360254 
0.104717 0.288611 
-0.235496 -0.177363 
-0.275523 0.180719 
0.155576 -0.0801341 
0.13766 0.192793 
0.599843 -0.148022 
0.593725 0.266418 
0.395447 0.572863 
-0.0549673 0.363746 
0.465034 -0.211513 
0.537664 -0.177307 
0.530183 0.162257 
0.453784 0.156343 
0.264313 -0.0855471 
0.371081 -0.055957 
0.362708 0.149293 
0.252276 0.140745 
0.152874 -0.37274 
0.111885 0.227872 
-0.218296 -0.191728 
-0.256004 0.151173 
0.157003 -0.0941026 
0.139686 0.169924 
0.582092 -0.165709 
0.575449 0.228543 
0.384132 0.507254 
-0.0457002 0.331144 
0.451445 -0.228726 
0.521589 -0.194892 
0.513879 0.127097 
0.44025 0.118587 
0.260437 -0.114463 
0.361403 -0.0840181 
0.353308 0.108538 
0.249084 0.0964914 
