0.179643 -0.400093 
0.132704 0.23849 
-0.231991 -0.213758 
-0.272342 0.144244 
0.150338 -0.108248 
0.130309 0.161427 
0.595868 -0.174782 
0.583363 0.228261 
0.397826 0.51883 
-0.0573931 0.327537 
0.472517 -0.241555 
0.539096 -0.205514 
0.526928 0.125934 
0.456894 0.118257 
0.284636 -0.123761 
0.38342 -0.0914352 
0.373102 0.109072 
0.271056 0.0978862 
0.179595 -0.411155 
0.136001 0.181226 
-0.215874 -0.227512 
-0.254043 0.115507 
0.15119 -0.121837 
0.131795 0.139255 
0.577687 -0.191774 
0.565061 0.192389 
0.385396 0.457317 
-0.0490276 0.295963 
0.457616 -0.257943 
0.522201 -0.222351 
0.510097 0.0925431 
0.442311 0.0824391 
0.278091 -0.151047 
0.37191 -0.118059 
0.361972 0.0704641 
0.265236 0.056045 
