0.159462 -0.373474 
0.114175 0.271794 
-0.23432 -0.189379 
-0.274492 0.168603 
0.153816 -0.0893836 
0.135165 0.182405 
0.598517 -0.156821 
0.590213 0.253688 
0.396257 0.554683 
-0.0558245 0.351699 
0.467586 -0.221429 
0.538171 -0.186599 
0.529094 0.150159 
0.454854 0.143641 
0.27119 -0.0982703 
0.375272 -0.0677508 
0.366243 0.135861 
0.258638 0.126413 
0.161871 -0.385466 
0.120026 0.21225 
-0.217479 -0.203534 
-0.255377 0.139335 
0.155051 -0.10322 
0.137012 0.159775 
0.58062 -0.174265 
0.571929 0.216503 
0.38456 0.490484 
-0.046857 0.319448 
0.45355 -0.238355 
0.521816 -0.203924 
0.512609 0.115609 
0.440961 0.106553 
0.266407 -0.126621 
0.364969 -0.095314 
0.356252 0.0958457 
0.254551 0.0829911 
