0.208977 -0.43896 
0.15938 0.191067 
-0.228724 -0.250258 
-0.269075 0.108422 
0.145125 -0.136723 
0.123262 0.130243 
0.591841 -0.20163 
0.573464 0.191268 
0.399995 0.467679 
-0.0595138 0.292054 
0.479411 -0.271324 
0.540202 -0.23364 
0.523659 0.0906553 
0.459645 0.0814584 
0.303931 -0.160694 
0.394979 -0.125916 
0.382794 0.0704175 
0.288817 0.056916 
0.205365 -0.448867 
0.159049 0.136832 
-0.213702 -0.263495 
-0.252015 0.0803797 
0.145404 -0.149998 
0.124204 0.108683 
0.573257 -0.218054 
0.555129 0.157154 
0.386541 0.40979 
-0.0520547 0.261397 
0.463281 -0.287053 
0.52254 -0.249874 
0.506338 0.058801 
0.44409 0.0473185 
0.294872 -0.186623 
0.381756 -0.151339 
0.370057 0.0336622 
0.280543 0.0171501 
