0.189557 -0.413288 
0.141755 0.222237 
-0.23086 -0.225996 
-0.271246 0.13214 
0.148607 -0.117764 
0.127936 0.150944 
0.594539 -0.183809 
0.580018 0.215711 
0.398579 0.501346 
-0.0581219 0.315548 
0.474888 -0.251608 
0.539508 -0.214991 
0.525847 0.113963 
0.457858 0.105744 
0.291192 -0.136337 
0.387368 -0.10315 
0.376419 0.0958995 
0.2771 0.0838936 
0.188304 -0.423927 
0.143816 0.166043 
-0.215107 -0.239564 
-0.253359 0.103652 
0.149268 -0.131239 
0.12924 0.128987 
0.576221 -0.200594 
0.561706 0.180455 
0.385798 0.441099 
-0.0500583 0.284295 
0.459568 -0.267753 
0.522351 -0.231608 
0.508848 0.0811134 
0.442942 0.0705187 
0.283792 -0.163133 
0.375274 -0.129343 
0.364739 0.0579473 
0.270443 0.0427887 
