0.199339 -0.426276 
0.150651 0.206396 
-0.229767 -0.238183 
-0.270153 0.120178 
0.146872 -0.127271 
0.12559 0.140534 
0.593199 -0.192779 
0.576721 0.203359 
0.399304 0.48427 
-0.0588257 0.303702 
0.477188 -0.261554 
0.539879 -0.224389 
0.524759 0.102181 
0.458777 0.0934537 
0.297627 -0.148677 
0.391224 -0.11467 
0.379652 0.0829883 
0.283023 0.0702076 
0.196898 -0.436528 
0.151502 0.151213 
-0.214379 -0.251578 
-0.252679 0.0919216 
0.147342 -0.140641 
0.126712 0.118781 
0.574746 -0.209374 
0.558398 0.16869 
0.386182 0.425232 
-0.0510643 0.272755 
0.461459 -0.277479 
0.522467 -0.240803 
0.507597 0.0698447 
0.443538 0.0587888 
0.289389 -0.175019 
0.378558 -0.140461 
0.367437 0.0456548 
0.275548 0.029796 
