0.218461 -0.451249 
0.167933 0.17634 
-0.227741 -0.262161 
-0.268022 0.0969351 
0.143358 -0.146075 
0.120947 0.120119 
0.590457 -0.210306 
0.570239 0.179493 
0.400645 0.451639 
-0.0601953 0.280659 
0.481546 -0.280848 
0.540468 -0.242684 
0.522539 0.0794469 
0.460453 0.0698244 
0.310095 -0.172308 
0.398626 -0.136814 
0.385838 0.05826 
0.294474 0.0440997 
0.213694 -0.460858 
0.166447 0.122986 
-0.213086 -0.275257 
-0.251377 0.0690859 
0.143447 -0.159266 
0.121706 0.0987374 
0.571745 -0.226579 
0.551892 0.145902 
0.386867 0.394839 
-0.0530383 0.250274 
0.465024 -0.296408 
0.522563 -0.25876 
0.505063 0.0480416 
0.444592 0.0361719 
0.300232 -0.197867 
0.384858 -0.161907 
0.372592 0.0220392 
0.285419 0.00492821 
