0.236912 -0.474297 
0.184468 0.149022 
-0.226 -0.285224 
-0.266034 0.0749966 
0.139731 -0.164311 
0.116318 0.100535 
0.587573 -0.226918 
0.563849 0.15709 
0.401786 0.421444 
-0.061574 0.258818 
0.485516 -0.298916 
0.540792 -0.259921 
0.520202 0.0581979 
0.461859 0.0478756 
0.32196 -0.194028 
0.405554 -0.157304 
0.391593 0.0354439 
0.305334 0.0201828 
0.229888 -0.483468 
0.180754 0.0972084 
-0.212078 -0.298097 
-0.250222 0.0474649 
0.139442 -0.17737 
0.116715 0.0794671 
0.568613 -0.242957 
0.545474 0.124441 
0.38739 0.366634 
-0.0550204 0.228918 
0.468238 -0.314229 
0.522416 -0.275759 
0.502427 0.0275864 
0.445408 0.0150782 
0.310541 -0.218993 
0.390734 -0.181856 
0.37737 0.000152881 
0.294777 -0.0179652 
