0.227777 -0.463056 
0.176299 0.162301 
-0.22683 -0.273835 
-0.267005 0.085775 
0.141563 -0.155284 
0.118635 0.110203 
0.589038 -0.218752 
0.567037 0.168086 
0.401245 0.43621 
-0.0608791 0.269565 
0.483585 -0.290065 
0.540668 -0.251462 
0.52139 0.0686112 
0.461195 0.0586121 
0.316108 -0.183442 
0.402154 -0.147298 
0.388774 0.0465822 
0.299983 0.031833 
0.221872 -0.472417 
0.173686 0.109754 
-0.212541 -0.286808 
-0.250776 0.0580966 
0.141463 -0.168403 
0.119213 0.088986 
0.5702 -0.234896 
0.548677 0.134983 
0.387153 0.380437 
-0.054024 0.239433 
0.46668 -0.305486 
0.522525 -0.267406 
0.503763 0.0376204 
0.445035 0.0254075 
0.305458 -0.208679 
0.387854 -0.172099 
0.375033 0.0108501 
0.290167 -0.00679837 
