0.245854 -0.484897 
0.192428 0.136569 
-0.225261 -0.296277 
-0.265118 0.0646506 
0.137854 -0.173119 
0.113989 0.091149 
0.586051 -0.234761 
0.560663 0.146546 
0.402259 0.407384 
-0.0622881 0.248458 
0.48733 -0.307348 
0.540829 -0.268012 
0.518966 0.0482507 
0.462436 0.0376625 
0.327639 -0.204002 
0.408815 -0.166778 
0.394285 0.0248977 
0.310518 0.00920803 
0.237728 -0.493938 
0.187643 0.0854114 
-0.211706 -0.309071 
-0.249723 0.0372397 
0.137376 -0.186132 
0.114204 0.0702158 
0.566972 -0.250718 
0.542273 0.114315 
0.387567 0.353474 
-0.0560355 0.218769 
0.469687 -0.322585 
0.522227 -0.283772 
0.501047 0.0179823 
0.445703 0.00523078 
0.315468 -0.228746 
0.393489 -0.191123 
0.379592 -0.0100011 
0.299238 -0.028515 
