0.25459 -0.494786 
0.200171 0.124998 
-0.224622 -0.306945 
-0.264266 0.0547826 
0.135924 -0.181674 
0.111639 0.0820784 
0.584462 -0.24224 
0.55747 0.136485 
0.402656 0.394064 
-0.0630292 0.238521 
0.489014 -0.315313 
0.540767 -0.275692 
0.517671 0.0388067 
0.462916 0.0280135 
0.333135 -0.213309 
0.411926 -0.17567 
0.39684 0.0149885 
0.315525 -0.00104042 
0.245381 -0.503759 
0.194341 0.074417 
-0.211434 -0.319685 
-0.249288 0.0274653 
0.135259 -0.194655 
0.111673 0.0612635 
0.565267 -0.258139 
0.539065 0.104639 
0.387677 0.340991 
-0.057077 0.209022 
0.471016 -0.330509 
0.521945 -0.291404 
0.499613 0.00884551 
0.445909 -0.00409442 
0.32023 -0.237887 
0.396107 -0.199853 
0.381691 -0.0195674 
0.30354 -0.0383978 
