0.279427 -0.519599 
0.222003 0.095966 
-0.223375 -0.336208 
-0.262154 0.0284277 
0.129738 -0.205532 
0.104399 0.0570135 
0.579172 -0.262176 
0.547735 0.109442 
0.403298 0.358762 
-0.0654814 0.211536 
0.493176 -0.33603 
0.539877 -0.295922 
0.513328 0.0137703 
0.463676 0.00275205 
0.34841 -0.236789 
0.420253 -0.19847 
0.403586 -0.0105823 
0.32938 -0.027049 
0.267086 -0.528768 
0.213202 0.0466496 
-0.21129 -0.348945 
-0.248429 0.0012199 
0.128514 -0.218504 
0.10389 0.0364562 
0.559653 -0.278054 
0.529287 0.0785462 
0.387512 0.307842 
-0.0604273 0.182471 
0.474169 -0.351309 
0.520435 -0.311662 
0.494879 -0.015483 
0.445895 -0.0286328 
0.33341 -0.261198 
0.403034 -0.222435 
0.387149 -0.0444036 
0.315397 -0.0636656 
