0.271389 -0.512187 
0.214967 0.104667 
-0.223672 -0.326949 
-0.262778 0.0366386 
0.131873 -0.197905 
0.106851 0.064989 
0.581034 -0.255973 
0.551016 0.117916 
0.403183 0.369739 
-0.0646199 0.220037 
0.491949 -0.329686 
0.540303 -0.289676 
0.514862 0.0215456 
0.463546 0.0105355 
0.343531 -0.229738 
0.417656 -0.191546 
0.4015 -0.00277692 
0.324965 -0.019198 
0.260072 -0.521223 
0.207129 0.0550058 
-0.21122 -0.339659 
-0.248635 0.00942343 
0.130835 -0.210865 
0.106523 0.0443621 
0.561619 -0.271833 
0.532582 0.0867362 
0.387658 0.31816 
-0.0592669 0.190849 
0.473268 -0.344902 
0.52106 -0.305377 
0.496538 -0.00790876 
0.446014 -0.0210498 
0.329211 -0.254148 
0.40089 -0.21554 
0.385479 -0.0367947 
0.311629 -0.0560028 
