0.287208 -0.526098 
0.228788 0.0882628 
-0.223202 -0.34493 
-0.261614 0.0208246 
0.127521 -0.212806 
0.1019 0.0494391 
0.577198 -0.267911 
0.544405 0.101521 
0.403303 0.34858 
-0.0663937 0.203552 
0.494229 -0.341781 
0.539309 -0.301644 
0.511696 0.00658163 
0.46367 -0.00437618 
0.353063 -0.243032 
0.42266 -0.20469 
0.405497 -0.0176493 
0.333581 -0.0340583 
0.273864 -0.535471 
0.219051 0.039217 
-0.211486 -0.357721 
-0.248308 -0.00640518 
0.126111 -0.225804 
0.10121 0.0289354 
0.55758 -0.28383 
0.525944 0.070878 
0.387266 0.298264 
-0.0616379 0.174587 
0.474907 -0.357157 
0.519674 -0.317451 
0.493125 -0.0225039 
0.44565 -0.0355997 
0.337402 -0.267493 
0.405002 -0.22867 
0.388658 -0.0513205 
0.318971 -0.0705434 
