0.308902 -0.539906 
0.247585 0.0711087 
-0.223461 -0.367635 
-0.260522 0.00180813 
0.120323 -0.232383 
0.0940745 0.0292072 
0.570506 -0.282226 
0.534041 0.0810638 
0.402605 0.322695 
-0.0694686 0.182774 
0.496246 -0.355372 
0.536652 -0.315572 
0.506128 -0.0114564 
0.462769 -0.0218235 
0.365584 -0.256823 
0.428649 -0.219054 
0.410118 -0.0344121 
0.34483 -0.0500223 
0.292679 -0.5503 
0.235201 0.0224646 
-0.212856 -0.380765 
-0.248479 -0.025661 
0.118361 -0.245546 
0.0928427 0.00877259 
0.550617 -0.298408 
0.515546 0.0510078 
0.385866 0.273897 
-0.0656063 0.153986 
0.476043 -0.371234 
0.516484 -0.331741 
0.487225 -0.0402226 
0.444081 -0.0527786 
0.348054 -0.281752 
0.409759 -0.243328 
0.392152 -0.0678911 
0.328452 -0.0864295 
