0.301955 -0.536263 
0.241583 0.075848 
-0.223243 -0.36066 
-0.260797 0.00750661 
0.122818 -0.22624 
0.0967414 0.0355319 
0.572873 -0.277938 
0.537565 0.0873393 
0.402961 0.330564 
-0.0683848 0.189169 
0.495772 -0.351455 
0.537705 -0.311472 
0.508103 -0.00602582 
0.463223 -0.0166572 
0.361657 -0.253048 
0.426865 -0.21498 
0.408769 -0.0295567 
0.341311 -0.0455368 
0.286669 -0.54625 
0.230055 0.0271342 
-0.212267 -0.373649 
-0.248332 -0.0198544 
0.12104 -0.239334 
0.0956903 0.0150889 
0.55307 -0.294011 
0.51908 0.0571142 
0.386447 0.281306 
-0.0642248 0.160342 
0.475852 -0.367124 
0.517707 -0.327494 
0.489305 -0.0348697 
0.444749 -0.0476681 
0.344731 -0.277772 
0.408371 -0.239117 
0.391166 -0.0630593 
0.325503 -0.0819202 
