0.315554 -0.542592 
0.25332 0.0673121 
-0.22381 -0.374004 
-0.260334 -0.0032498 
0.117727 -0.238138 
0.0913452 0.0232999 
0.567992 -0.286037 
0.53044 0.0753127 
0.402122 0.315549 
-0.0706129 0.176905 
0.496513 -0.358682 
0.535423 -0.319137 
0.504028 -0.0163236 
0.462155 -0.0263611 
0.369257 -0.259793 
0.430215 -0.22243 
0.41127 -0.0385588 
0.348113 -0.0536981 
0.298416 -0.553457 
0.240106 0.0186802 
-0.213579 -0.387305 
-0.248715 -0.030854 
0.115583 -0.251384 
0.0899324 0.00285984 
0.548023 -0.302348 
0.511935 0.0454017 
0.385166 0.26717 
-0.0670485 0.148137 
0.476037 -0.374767 
0.515093 -0.335477 
0.485024 -0.0450379 
0.443261 -0.0572908 
0.351141 -0.284971 
0.410942 -0.246876 
0.392955 -0.0720505 
0.331183 -0.090174 
