0.333686 -0.545124 
0.268929 0.0611327 
-0.225631 -0.389488 
-0.260271 -0.0146918 
0.109316 -0.253123 
0.0827673 0.00799294 
0.559527 -0.294768 
0.51914 0.0609667 
0.399907 0.298073 
-0.0744071 0.162318 
0.496023 -0.365165 
0.530636 -0.326795 
0.496948 -0.0277896 
0.459331 -0.0364774 
0.378726 -0.264153 
0.433568 -0.228625 
0.413527 -0.0470561 
0.356536 -0.0602186 
0.313947 -0.557751 
0.25338 0.0122496 
-0.216534 -0.403466 
-0.249938 -0.0428491 
0.106623 -0.266691 
0.0808095 -0.0125366 
0.539347 -0.311567 
0.500615 0.0313701 
0.382346 0.250742 
-0.0717384 0.133509 
0.474798 -0.382068 
0.509864 -0.343769 
0.47767 -0.0564784 
0.439873 -0.0674834 
0.358968 -0.290316 
0.413231 -0.253771 
0.394243 -0.0807693 
0.338063 -0.0971269 
