0.339114 -0.544255 
0.27361 0.0606156 
-0.226484 -0.393482 
-0.260403 -0.0173305 
0.106301 -0.257395 
0.0797772 0.0036459 
0.556389 -0.296857 
0.515204 0.0570507 
0.39892 0.293413 
-0.0757875 0.158394 
0.495425 -0.366273 
0.528666 -0.328424 
0.494326 -0.0306758 
0.458064 -0.0388066 
0.381365 -0.26423 
0.434237 -0.229503 
0.413884 -0.0487128 
0.358873 -0.0610475 
0.318557 -0.557568 
0.257333 0.0115741 
-0.217772 -0.407736 
-0.250505 -0.0457155 
0.103425 -0.271091 
0.0776365 -0.0169344 
0.536149 -0.313845 
0.496674 0.0275266 
0.381171 0.246376 
-0.0734187 0.129543 
0.473971 -0.383491 
0.507763 -0.345641 
0.474965 -0.0593904 
0.438433 -0.0698782 
0.361097 -0.290783 
0.413573 -0.25493 
0.394301 -0.0825478 
0.339922 -0.0981593 
