0.349051 -0.540289 
0.282226 0.0614623 
-0.228532 -0.399852 
-0.260868 -0.0210306 
0.099959 -0.264957 
0.0736071 -0.00404305 
0.549642 -0.299998 
0.507087 0.0502892 
0.396597 0.285515 
-0.0787057 0.151788 
0.493582 -0.367153 
0.524171 -0.330511 
0.4887 -0.0352911 
0.455057 -0.0421776 
0.385888 -0.262654 
0.434919 -0.229773 
0.414026 -0.0505764 
0.362872 -0.0610474 
0.326929 -0.555091 
0.264561 0.0120329 
-0.2206 -0.414725 
-0.25185 -0.049923 
0.096716 -0.278936 
0.0710978 -0.024749 
0.529294 -0.317393 
0.488547 0.0208767 
0.378491 0.239007 
-0.0769402 0.12282 
0.471702 -0.38504 
0.503024 -0.348249 
0.469186 -0.0640916 
0.435102 -0.07342 
0.364652 -0.290052 
0.413639 -0.255813 
0.393879 -0.0847023 
0.343012 -0.0986242 
