0.353569 -0.537341 
0.286179 0.0626594 
-0.229715 -0.402298 
-0.261188 -0.0221725 
0.0966356 -0.268297 
0.0704313 -0.00743869 
0.546039 -0.301131 
0.502911 0.0473563 
0.395275 0.282157 
-0.0802364 0.149036 
0.492346 -0.367025 
0.521652 -0.331059 
0.485706 -0.0371161 
0.453329 -0.0433272 
0.387783 -0.261136 
0.434944 -0.229283 
0.413825 -0.0509057 
0.364547 -0.0603591 
0.330699 -0.552931 
0.267853 0.0130143 
-0.222178 -0.417509 
-0.252616 -0.0513398 
0.0932082 -0.282428 
0.067736 -0.028217 
0.525642 -0.318737 
0.484367 0.0179877 
0.376998 0.235891 
-0.0787746 0.119998 
0.470267 -0.385261 
0.500394 -0.349069 
0.46612 -0.0659711 
0.433222 -0.074668 
0.366089 -0.288979 
0.413373 -0.255645 
0.393412 -0.0851921 
0.344257 -0.0981866 
