0.357795 -0.533861 
0.289908 0.0642532 
-0.230994 -0.404304 
-0.261559 -0.0229039 
0.0932142 -0.271379 
0.0671988 -0.0105753 
0.542288 -0.302031 
0.498665 0.0446598 
0.393857 0.279108 
-0.0818095 0.146603 
0.490909 -0.366592 
0.518961 -0.331343 
0.482599 -0.0386881 
0.451461 -0.0441969 
0.389445 -0.259231 
0.434768 -0.228463 
0.413453 -0.0509212 
0.366018 -0.0593131 
0.334202 -0.550258 
0.270942 0.014387 
-0.223858 -0.419869 
-0.253436 -0.0523567 
0.0896016 -0.285667 
0.0643162 -0.0314306 
0.521846 -0.319852 
0.480116 0.0153302 
0.375412 0.233076 
-0.080653 0.117487 
0.46864 -0.385183 
0.497596 -0.349628 
0.462943 -0.0676015 
0.431206 -0.0756402 
0.36731 -0.287526 
0.412917 -0.255152 
0.392783 -0.0853725 
0.345313 -0.0973965 
