0.361739 -0.529943 
0.293426 0.0661506 
-0.232362 -0.405918 
-0.261973 -0.0232756 
0.0896984 -0.274236 
0.0639129 -0.0134856 
0.538396 -0.302746 
0.494354 0.0421509 
0.392351 0.276305 
-0.0834206 0.144446 
0.489278 -0.365916 
0.516103 -0.331417 
0.479386 -0.0400613 
0.449461 -0.0448477 
0.390886 -0.257019 
0.4344 -0.227382 
0.41292 -0.0506924 
0.367297 -0.0579896 
0.337445 -0.547158 
0.27384 0.0160643 
-0.225633 -0.421851 
-0.254305 -0.053022 
0.0858995 -0.288685 
0.0608413 -0.0344212 
0.517912 -0.320782 
0.475798 0.0128579 
0.373743 0.230499 
-0.0825711 0.115248 
0.466827 -0.384862 
0.494638 -0.349977 
0.459663 -0.0690342 
0.429064 -0.0763944 
0.368323 -0.285767 
0.41228 -0.2544 
0.392002 -0.0853091 
0.346189 -0.0963287 
