0.368824 -0.521189 
0.299883 0.0704752 
-0.23534 -0.408184 
-0.262909 -0.0231592 
0.0823989 -0.279408 
0.0571954 -0.0187665 
0.53022 -0.303822 
0.485567 0.037498 
0.389117 0.271174 
-0.086739 0.14079 
0.485474 -0.364085 
0.509923 -0.331157 
0.472678 -0.0424331 
0.445104 -0.0457429 
0.393145 -0.252011 
0.433134 -0.224728 
0.411416 -0.0497866 
0.369326 -0.054839 
0.343192 -0.540045 
0.279111 0.0199765 
-0.229441 -0.424881 
-0.256164 -0.0535059 
0.0782233 -0.294186 
0.0537406 -0.0398677 
0.509657 -0.322279 
0.466993 0.00827899 
0.370189 0.225815 
-0.0865099 0.111422 
0.462681 -0.383732 
0.488269 -0.350259 
0.452824 -0.0715185 
0.424435 -0.0774864 
0.369769 -0.281648 
0.410502 -0.252387 
0.390024 -0.08472 
0.34745 -0.0936697 
