0.377642 -0.507324 
0.308334 0.0768728 
-0.240309 -0.410052 
-0.264496 -0.0217063 
0.0708434 -0.286363 
0.0468116 -0.0258801 
0.517106 -0.30532 
0.472088 0.030694 
0.383865 0.263723 
-0.0918951 0.136287 
0.478576 -0.361128 
0.499642 -0.330616 
0.462051 -0.0458866 
0.437841 -0.0470071 
0.39518 -0.244315 
0.430088 -0.220615 
0.408246 -0.0483769 
0.371244 -0.0500895 
0.350148 -0.528542 
0.285899 0.0259043 
-0.235698 -0.427924 
-0.259174 -0.0529471 
0.0660899 -0.301629 
0.042766 -0.0472237 
0.49643 -0.324354 
0.453468 0.00161573 
0.364466 0.219058 
-0.0926136 0.106671 
0.455309 -0.381753 
0.477723 -0.350466 
0.441999 -0.0750903 
0.416778 -0.07898 
0.370672 -0.275171 
0.406743 -0.249144 
0.386182 -0.0836987 
0.34829 -0.0895426 
