0.37199 -0.516559 
0.30285 0.0727121 
-0.236936 -0.408949 
-0.263418 -0.0227861 
0.0786235 -0.281796 
0.0537714 -0.0212089 
0.525953 -0.304286 
0.481105 0.0352549 
0.387409 0.268718 
-0.0884379 0.139202 
0.483322 -0.363062 
0.506621 -0.330939 
0.469201 -0.0435435 
0.442769 -0.0461131 
0.39399 -0.249385 
0.432258 -0.223301 
0.410469 -0.0492532 
0.370101 -0.0531776 
0.34572 -0.536223 
0.281509 0.0220322 
-0.23146 -0.426037 
-0.257143 -0.0534343 
0.0742573 -0.296739 
0.050122 -0.0423928 
0.505352 -0.322944 
0.462519 0.00607712 
0.368324 0.223586 
-0.0885222 0.109749 
0.460366 -0.383048 
0.484876 -0.350301 
0.449282 -0.0726771 
0.421967 -0.0779443 
0.370226 -0.279449 
0.409383 -0.251266 
0.388849 -0.0843306 
0.347857 -0.0922351 
