0.374925 -0.511903 
0.305662 0.0748745 
-0.238594 -0.409551 
-0.263949 -0.0222819 
0.0747703 -0.284102 
0.050309 -0.023568 
0.521578 -0.304768 
0.47661 0.0330025 
0.385655 0.266254 
-0.0901577 0.137716 
0.481019 -0.362054 
0.50319 -0.33074 
0.465655 -0.0446769 
0.440344 -0.0465145 
0.394663 -0.246791 
0.431239 -0.221907 
0.409408 -0.0487604 
0.370736 -0.051568 
0.348034 -0.532356 
0.283768 0.0240366 
-0.233547 -0.427032 
-0.258147 -0.0532289 
0.0702114 -0.299207 
0.0464626 -0.0448331 
0.50094 -0.32362 
0.458008 0.00387113 
0.366413 0.221352 
-0.0905579 0.10818 
0.457906 -0.382367 
0.481358 -0.350352 
0.445671 -0.0738505 
0.419411 -0.0784229 
0.370523 -0.277263 
0.408126 -0.250162 
0.387564 -0.0839683 
0.348133 -0.0908342 
