0.388499 -0.489069 
0.320087 0.0816076 
-0.249579 -0.413254 
-0.267388 -0.0197679 
0.0502387 -0.298278 
0.0289044 -0.0379334 
0.493609 -0.310753 
0.44936 0.0168499 
0.374714 0.248254 
-0.100755 0.128553 
0.464688 -0.359818 
0.480511 -0.332974 
0.443469 -0.0547563 
0.424513 -0.0527328 
0.395891 -0.236368 
0.422806 -0.218014 
0.401334 -0.0502586 
0.372345 -0.0471641 
0.358197 -0.513535 
0.295097 0.0305035 
-0.247242 -0.432968 
-0.264535 -0.0523262 
0.0444759 -0.314264 
0.023823 -0.0595967 
0.472721 -0.330492 
0.430578 -0.0118251 
0.354498 0.20493 
-0.103104 0.0986304 
0.440681 -0.381701 
0.45816 -0.353765 
0.423041 -0.0839108 
0.402786 -0.0847773 
0.369646 -0.268694 
0.398343 -0.24755 
0.378196 -0.0858292 
0.347714 -0.0871331 
