0.390225 -0.486964 
0.322203 0.0810335 
-0.251554 -0.414457 
-0.267991 -0.0199379 
0.0459448 -0.301018 
0.0252531 -0.040657 
0.488743 -0.312658 
0.444836 0.0133747 
0.372899 0.244301 
-0.102552 0.126631 
0.461651 -0.360591 
0.476475 -0.334364 
0.439697 -0.0573793 
0.42175 -0.0548525 
0.395747 -0.236134 
0.421123 -0.218664 
0.399806 -0.0517629 
0.37236 -0.0478987 
0.359392 -0.511934 
0.296724 0.0300183 
-0.249692 -0.434498 
-0.265647 -0.0527171 
0.039972 -0.317126 
0.0199561 -0.0623645 
0.467803 -0.332489 
0.426005 -0.0151869 
0.352509 0.201281 
-0.105236 0.0966719 
0.437497 -0.382653 
0.454032 -0.355283 
0.419183 -0.0864776 
0.399883 -0.0868533 
0.369166 -0.268646 
0.396439 -0.248318 
0.376452 -0.0873094 
0.347402 -0.0878749 
