0.386643 -0.491795 
0.317907 0.0815971 
-0.247642 -0.412315 
-0.266793 -0.0198491 
0.0544782 -0.295698 
0.0325342 -0.0353512 
0.49843 -0.309169 
0.453899 0.0200491 
0.376543 0.251872 
-0.098965 0.130305 
0.467651 -0.359453 
0.484489 -0.331945 
0.447231 -0.0524636 
0.427254 -0.0509916 
0.395955 -0.237133 
0.424427 -0.217822 
0.402827 -0.0491916 
0.372276 -0.0469405 
0.356879 -0.515705 
0.293413 0.0304443 
-0.244838 -0.431685 
-0.263437 -0.0521703 
0.0489225 -0.311554 
0.0276656 -0.0569628 
0.47759 -0.328799 
0.435159 -0.00872775 
0.356496 0.208257 
-0.100983 0.100429 
0.443792 -0.381131 
0.462227 -0.352586 
0.426886 -0.0816581 
0.405664 -0.0830594 
0.370047 -0.269235 
0.400184 -0.247211 
0.379903 -0.0847604 
0.347973 -0.0868687 
