0.391831 -0.485547 
0.324265 0.0798303 
-0.253568 -0.415976 
-0.268606 -0.0204009 
0.0415978 -0.303945 
0.0215806 -0.0435448 
0.483837 -0.314912 
0.44033 0.00960043 
0.371103 0.239987 
-0.104358 0.124513 
0.45855 -0.36181 
0.472388 -0.336146 
0.435922 -0.0603597 
0.418973 -0.0573815 
0.395533 -0.236478 
0.419387 -0.219811 
0.398248 -0.0537399 
0.372329 -0.0491855 
0.360475 -0.510965 
0.2983 0.0289442 
-0.252186 -0.436325 
-0.266773 -0.0533836 
0.0354122 -0.320164 
0.016065 -0.0652888 
0.462842 -0.334815 
0.421445 -0.0188359 
0.350536 0.197283 
-0.107379 0.0945263 
0.434245 -0.384024 
0.44985 -0.357172 
0.415316 -0.0893852 
0.396961 -0.0893179 
0.368618 -0.269137 
0.394481 -0.249551 
0.374676 -0.0892362 
0.347045 -0.0891349 
