0.397231 -0.487714 
0.3321 0.0681367 
-0.262054 -0.426052 
-0.271235 -0.0258468 
0.0236858 -0.317922 
0.00666487 -0.0570757 
0.463906 -0.327797 
0.422532 -0.00878077 
0.364165 0.218769 
-0.111708 0.113663 
0.445613 -0.371671 
0.455627 -0.347655 
0.420853 -0.0762136 
0.407795 -0.0720019 
0.394107 -0.244293 
0.412029 -0.229922 
0.391831 -0.0668529 
0.371869 -0.0604145 
0.363834 -0.514343 
0.304214 0.0181573 
-0.26265 -0.447416 
-0.271489 -0.0594553 
0.0166191 -0.334482 
0.000245462 -0.078882 
0.442643 -0.347808 
0.403367 -0.0365992 
0.342837 0.177453 
-0.116103 0.0836687 
0.42068 -0.394218 
0.43267 -0.368882 
0.399825 -0.104782 
0.385161 -0.103476 
0.365858 -0.277142 
0.386211 -0.259702 
0.367353 -0.101889 
0.345268 -0.0999214 
