0.396021 -0.485926 
0.330195 0.0721299 
-0.259863 -0.422862 
-0.270543 -0.0238935 
0.0282433 -0.314057 
0.0104306 -0.0533715 
0.46893 -0.32397 
0.426946 -0.00367555 
0.36586 0.224687 
-0.109847 0.116762 
0.448919 -0.368422 
0.459872 -0.344091 
0.424612 -0.0716383 
0.410595 -0.0676452 
0.394539 -0.241328 
0.413923 -0.226529 
0.393457 -0.0627632 
0.372027 -0.0566584 
0.363129 -0.51234 
0.302787 0.0218674 
-0.259955 -0.444008 
-0.27027 -0.0573747 
0.0214013 -0.330548 
0.00424156 -0.0751749 
0.447741 -0.343982 
0.407861 -0.0316656 
0.344731 0.183007 
-0.113894 0.0867544 
0.424148 -0.390927 
0.437026 -0.365302 
0.403698 -0.100345 
0.388124 -0.0992648 
0.366625 -0.274188 
0.388337 -0.256345 
0.369211 -0.0979524 
0.345757 -0.096325 
