0.400335 -0.498252 
0.337621 0.0518532 
-0.268969 -0.438619 
-0.27352 -0.034279 
0.00967389 -0.331092 
-0.00481456 -0.069537 
0.448679 -0.341712 
0.409411 -0.0261186 
0.359216 0.198584 
-0.117443 0.102732 
0.43543 -0.384613 
0.442684 -0.361125 
0.4096 -0.0923841 
0.399372 -0.0878866 
0.392533 -0.257313 
0.406148 -0.243616 
0.386869 -0.0823886 
0.371237 -0.0755148 
0.365437 -0.525186 
0.308299 0.00292561 
-0.271102 -0.460487 
-0.275373 -0.0681514 
0.00191602 -0.347792 
-0.0119416 -0.0913004 
0.427162 -0.361615 
0.389968 -0.0533595 
0.33726 0.158419 
-0.122893 0.0728376 
0.409987 -0.407128 
0.419366 -0.382275 
0.388195 -0.120448 
0.376218 -0.118813 
0.363267 -0.289908 
0.379611 -0.273118 
0.36167 -0.116826 
0.343625 -0.114363 
