0.401957 -0.50948 
0.341116 0.0375783 
-0.273911 -0.449556 
-0.275275 -0.0420524 
2.53956e-05 -0.341149 
-0.0126527 -0.0789209 
0.438375 -0.3529 
0.400727 -0.0392398 
0.355992 0.183239 
-0.121435 0.0941248 
0.428401 -0.395783 
0.433862 -0.372302 
0.402086 -0.105075 
0.393707 -0.10069 
0.391233 -0.269296 
0.402038 -0.255543 
0.383465 -0.0953296 
0.37066 -0.0886282 
0.366067 -0.536353 
0.310834 -0.0105 
-0.277091 -0.471633 
-0.278209 -0.0760053 
-0.00820651 -0.357887 
-0.0202644 -0.100615 
0.416665 -0.372649 
0.381069 -0.0660496 
0.33359 0.143882 
-0.1276 0.0643429 
0.4026 -0.418154 
0.410282 -0.393301 
0.380402 -0.132735 
0.370181 -0.131168 
0.361278 -0.301553 
0.375004 -0.28473 
0.357764 -0.129264 
0.342361 -0.126902 
