0.403178 -0.523767 
0.344419 0.0208684 
-0.279166 -0.462459 
-0.277271 -0.0514382 
-0.00989562 -0.352107 
-0.0206735 -0.0890456 
0.427913 -0.365402 
0.392045 -0.05341 
0.352775 0.166609 
-0.125606 0.0845834 
0.421144 -0.408745 
0.424851 -0.38501 
0.394516 -0.119077 
0.387957 -0.115032 
0.389689 -0.283646 
0.397735 -0.269454 
0.379938 -0.110087 
0.369914 -0.103905 
0.366302 -0.550392 
0.313173 -0.0262635 
-0.283408 -0.484643 
-0.281293 -0.0854008 
-0.0186109 -0.368842 
-0.0287792 -0.110641 
0.405992 -0.38494 
0.372151 -0.0797582 
0.329908 0.128083 
-0.132492 0.0549476 
0.39497 -0.430887 
0.400991 -0.405789 
0.372534 -0.146289 
0.36404 -0.145006 
0.359038 -0.315448 
0.370191 -0.298235 
0.353721 -0.143448 
0.340916 -0.141515 
