0.403621 -0.531927 
0.34598 0.0117168 
-0.281921 -0.469586 
-0.27837 -0.0566758 
-0.0149656 -0.357868 
-0.0247619 -0.0943338 
0.42261 -0.372061 
0.387689 -0.0608127 
0.351152 0.157897 
-0.12777 0.0795174 
0.417414 -0.415801 
0.42026 -0.391847 
0.390695 -0.126487 
0.385033 -0.12269 
0.388808 -0.291596 
0.395495 -0.277051 
0.378112 -0.11805 
0.36946 -0.112248 
0.366255 -0.558365 
0.314252 -0.0349116 
-0.286699 -0.491788 
-0.28294 -0.0906187 
-0.0239256 -0.374587 
-0.0331176 -0.11587 
0.400578 -0.391474 
0.36767 -0.0869207 
0.328046 0.119792 
-0.135019 0.0499656 
0.391051 -0.4378 
0.396255 -0.412493 
0.368557 -0.15346 
0.360916 -0.152395 
0.357808 -0.323133 
0.367692 -0.3056 
0.351631 -0.151102 
0.34011 -0.149497 
