0.403773 -0.579869 
0.352541 -0.0395247 
-0.297068 -0.510263 
-0.285024 -0.0867802 
-0.0414959 -0.388187 
-0.0461058 -0.121845 
0.395134 -0.407636 
0.365482 -0.0994204 
0.34257 0.112116 
-0.139513 0.0525051 
0.397494 -0.454692 
0.396201 -0.428916 
0.370941 -0.165864 
0.369637 -0.163952 
0.382993 -0.336622 
0.383104 -0.319239 
0.368042 -0.161613 
0.366048 -0.158689 
0.364028 -0.604904 
0.31842 -0.0834319 
-0.304568 -0.532245 
-0.292354 -0.120421 
-0.0517022 -0.404705 
-0.055735 -0.143002 
0.372507 -0.426285 
0.344781 -0.124267 
0.318223 0.0761393 
-0.148598 0.0234579 
0.370159 -0.475761 
0.371442 -0.448723 
0.347977 -0.191544 
0.344475 -0.192185 
0.350251 -0.366549 
0.35399 -0.346408 
0.340217 -0.192963 
0.334931 -0.19393 
