0.400836 -0.621001 
0.355759 -0.0825059 
-0.310752 -0.545085 
-0.291748 -0.112384 
-0.0641561 -0.411671 
-0.0643514 -0.142842 
0.37169 -0.435509 
0.346831 -0.12935 
0.334698 0.0760107 
-0.150117 0.0313632 
0.379647 -0.486152 
0.375288 -0.458408 
0.353976 -0.196951 
0.355969 -0.197026 
0.376145 -0.374335 
0.371319 -0.353895 
0.358405 -0.197116 
0.361453 -0.19723 
0.359337 -0.644595 
0.319792 -0.124139 
-0.32046 -0.566622 
-0.301305 -0.145615 
-0.0753715 -0.427925 
-0.0750149 -0.163634 
0.348574 -0.453449 
0.32555 -0.153165 
0.309336 0.0417015 
-0.160683 0.00277805 
0.351551 -0.506331 
0.349924 -0.477425 
0.330328 -0.221545 
0.329961 -0.224015 
0.342068 -0.402792 
0.341181 -0.37982 
0.329515 -0.227019 
0.328961 -0.23075 
