0.399608 -0.630758 
0.356217 -0.0928168 
-0.314345 -0.553464 
-0.293598 -0.118468 
-0.0700037 -0.41702 
-0.0690704 -0.147587 
0.365598 -0.441887 
0.342008 -0.136263 
0.33254 0.0675422 
-0.15293 0.026541 
0.374883 -0.49345 
0.369797 -0.465202 
0.349533 -0.204175 
0.35232 -0.204767 
0.374072 -0.383278 
0.368065 -0.362045 
0.355727 -0.205491 
0.359989 -0.206396 
0.357703 -0.653983 
0.319807 -0.133888 
-0.324608 -0.574868 
-0.303713 -0.151585 
-0.0814709 -0.433201 
-0.0799928 -0.168284 
0.342363 -0.459646 
0.320581 -0.159824 
0.306927 0.0336372 
-0.163866 -0.00192683 
0.346606 -0.513401 
0.344286 -0.484017 
0.325717 -0.228499 
0.326105 -0.231447 
0.339678 -0.411363 
0.337682 -0.387657 
0.326578 -0.235033 
0.327166 -0.239487 
