0.398174 -0.640075 
0.356526 -0.102776 
-0.317987 -0.561538 
-0.295503 -0.124285 
-0.0759147 -0.422053 
-0.0738466 -0.152037 
0.359414 -0.447904 
0.337117 -0.142841 
0.330299 0.0594169 
-0.155802 0.0220068 
0.369996 -0.500369 
0.364199 -0.471626 
0.345007 -0.211058 
0.348574 -0.212164 
0.371848 -0.391846 
0.364684 -0.369832 
0.352936 -0.213517 
0.358391 -0.215209 
0.355878 -0.662935 
0.319681 -0.143293 
-0.328805 -0.582807 
-0.306175 -0.157286 
-0.0876331 -0.43816 
-0.0850275 -0.172639 
0.33606 -0.465484 
0.315545 -0.166151 
0.304437 0.0259094 
-0.167108 -0.00634462 
0.341541 -0.520093 
0.338545 -0.490242 
0.321023 -0.235115 
0.322155 -0.238539 
0.337145 -0.419563 
0.33406 -0.395132 
0.323532 -0.242703 
0.325243 -0.247876 
