0.396532 -0.64884 
0.356682 -0.112297 
-0.321666 -0.569219 
-0.297453 -0.129764 
-0.0818825 -0.426719 
-0.0786752 -0.156146 
0.353139 -0.4535 
0.332157 -0.149032 
0.327974 0.0516938 
-0.158729 0.0178118 
0.364986 -0.506834 
0.358496 -0.477615 
0.340396 -0.217543 
0.34473 -0.219154 
0.369472 -0.399952 
0.361173 -0.377177 
0.350029 -0.221124 
0.356657 -0.223588 
0.353862 -0.671343 
0.319414 -0.152268 
-0.333039 -0.590352 
-0.308683 -0.16265 
-0.0938511 -0.442751 
-0.0901142 -0.176654 
0.32967 -0.470901 
0.310442 -0.172095 
0.301865 0.0185761 
-0.170404 -0.0104246 
0.33636 -0.526335 
0.332703 -0.496033 
0.316247 -0.241337 
0.31811 -0.245227 
0.33447 -0.427306 
0.330316 -0.40217 
0.320377 -0.249959 
0.323192 -0.255838 
