0.387928 -0.676296 
0.355791 -0.144349 
-0.336452 -0.594271 
-0.305497 -0.146911 
-0.106156 -0.440703 
-0.0983946 -0.168303 
0.327212 -0.47055 
0.311675 -0.168958 
0.317838 0.0259233 
-0.170844 0.0054132 
0.343808 -0.526788 
0.334718 -0.495984 
0.321156 -0.238398 
0.328416 -0.241826 
0.358486 -0.426114 
0.345904 -0.400699 
0.337292 -0.246016 
0.348388 -0.251254 
0.343951 -0.69752 
0.316948 -0.182269 
-0.350039 -0.614894 
-0.318951 -0.179362 
-0.119112 -0.456446 
-0.110856 -0.188449 
0.303318 -0.48728 
0.289406 -0.191084 
0.290781 -0.00572647 
-0.183986 -0.0223943 
0.314562 -0.545456 
0.308416 -0.513658 
0.29638 -0.261195 
0.301041 -0.26676 
0.322395 -0.452114 
0.314189 -0.424542 
0.306708 -0.273527 
0.31375 -0.281934 
