0.390374 -0.670765 
0.356238 -0.137394 
-0.332777 -0.589025 
-0.303473 -0.143473 
-0.100046 -0.438004 
-0.093418 -0.165989 
0.333805 -0.46719 
0.316885 -0.164792 
0.320493 0.0314948 
-0.167768 0.00776158 
0.349261 -0.522812 
0.340795 -0.492343 
0.326077 -0.234048 
0.332627 -0.237062 
0.361446 -0.420665 
0.349896 -0.39583 
0.340635 -0.240748 
0.350648 -0.245355 
0.346694 -0.69228 
0.317768 -0.175803 
-0.345812 -0.609766 
-0.316373 -0.176026 
-0.112758 -0.453815 
-0.105626 -0.186221 
0.310011 -0.48408 
0.29475 -0.187143 
0.293666 -0.000506843 
-0.180545 -0.0201471 
0.320159 -0.541676 
0.314612 -0.510194 
0.301452 -0.257084 
0.305433 -0.262269 
0.325609 -0.446985 
0.318383 -0.419946 
0.310274 -0.268575 
0.316288 -0.27641 
