0.37645 -0.68752 
0.352677 -0.163452 
-0.350536 -0.606552 
-0.313337 -0.153447 
-0.130585 -0.445155 
-0.118392 -0.171805 
0.300336 -0.476895 
0.290406 -0.179223 
0.306549 0.0105686 
-0.183235 0.00210359 
0.321196 -0.534619 
0.309775 -0.503016 
0.30091 -0.248957 
0.310874 -0.25365 
0.345452 -0.439016 
0.328994 -0.412007 
0.323044 -0.259383 
0.338246 -0.266542 
0.331501 -0.707823 
0.312484 -0.199603 
-0.366316 -0.626827 
-0.328997 -0.185577 
-0.144497 -0.460659 
-0.131853 -0.191641 
0.276084 -0.493052 
0.26763 -0.200518 
0.278624 -0.0197887 
-0.197821 -0.0253564 
0.29145 -0.552604 
0.283054 -0.520065 
0.275577 -0.270878 
0.282835 -0.277589 
0.308474 -0.463894 
0.296567 -0.434879 
0.291656 -0.285747 
0.302609 -0.295874 
