0.37323 -0.687351 
0.351614 -0.165823 
-0.353815 -0.60717 
-0.315168 -0.153049 
-0.136632 -0.444539 
-0.123369 -0.171112 
0.293547 -0.476571 
0.285022 -0.180062 
0.303597 0.00861569 
-0.186309 0.00295356 
0.315405 -0.534391 
0.30344 -0.50274 
0.295754 -0.249744 
0.306361 -0.254641 
0.341954 -0.439808 
0.324589 -0.412609 
0.319314 -0.260621 
0.335487 -0.268087 
0.328093 -0.707491 
0.311121 -0.201584 
-0.370138 -0.627396 
-0.331374 -0.185125 
-0.150776 -0.459995 
-0.137076 -0.190882 
0.269218 -0.492604 
0.262128 -0.201168 
0.275468 -0.0214491 
-0.201251 -0.0244366 
0.285555 -0.552234 
0.27663 -0.519657 
0.270294 -0.271469 
0.278172 -0.278358 
0.304788 -0.46445 
0.292008 -0.435272 
0.287746 -0.286731 
0.299629 -0.297123 
