0.366497 -0.683274 
0.349233 -0.167498 
-0.359967 -0.605211 
-0.318586 -0.14959 
-0.148571 -0.441111 
-0.133233 -0.167728 
0.279975 -0.473534 
0.274241 -0.179565 
0.297599 0.00710306 
-0.192367 0.00681582 
0.30376 -0.531191 
0.290744 -0.499641 
0.285405 -0.24898 
0.297264 -0.254138 
0.334773 -0.438318 
0.315659 -0.411004 
0.311735 -0.260432 
0.329789 -0.268285 
0.321043 -0.703168 
0.308185 -0.202544 
-0.377369 -0.625393 
-0.33588 -0.181596 
-0.163174 -0.456489 
-0.147424 -0.187381 
0.255504 -0.489343 
0.251121 -0.20032 
0.269082 -0.0224153 
-0.208015 -0.0204584 
0.273724 -0.548786 
0.263773 -0.516321 
0.259706 -0.270341 
0.268794 -0.277447 
0.297268 -0.462541 
0.282798 -0.433293 
0.279833 -0.286077 
0.293524 -0.296781 
