0.369906 -0.685937 
0.350462 -0.167176 
-0.356964 -0.606731 
-0.316921 -0.15177 
-0.14263 -0.443193 
-0.128319 -0.169756 
0.286756 -0.475452 
0.27963 -0.180178 
0.30061 0.0074575 
-0.189356 0.0045199 
0.309588 -0.53325 
0.297092 -0.501616 
0.290582 -0.249753 
0.301821 -0.254806 
0.338389 -0.439578 
0.320139 -0.412277 
0.31554 -0.260973 
0.332663 -0.268671 
0.3246 -0.70594 
0.309684 -0.202568 
-0.373828 -0.626925 
-0.333672 -0.183804 
-0.157006 -0.458608 
-0.142269 -0.189465 
0.262353 -0.491368 
0.256621 -0.201104 
0.272284 -0.0223277 
-0.204652 -0.0228082 
0.279641 -0.550962 
0.270198 -0.51841 
0.265 -0.271292 
0.273488 -0.278313 
0.301047 -0.464002 
0.287413 -0.434745 
0.283801 -0.286844 
0.296596 -0.297429 
