0.363024 -0.679372 
0.347942 -0.166787 
-0.362811 -0.602603 
-0.320153 -0.146497 
-0.154441 -0.438289 
-0.138103 -0.165023 
0.273218 -0.47082 
0.268864 -0.178223 
0.294574 0.00755482 
-0.195334 0.00984873 
0.297935 -0.52822 
0.284413 -0.496817 
0.280235 -0.247424 
0.292703 -0.252638 
0.331121 -0.43603 
0.311164 -0.408793 
0.307912 -0.258998 
0.326877 -0.266929 
0.317441 -0.699183 
0.306639 -0.201509 
-0.380748 -0.62279 
-0.337987 -0.178489 
-0.16927 -0.453637 
-0.152534 -0.184627 
0.248683 -0.486529 
0.245637 -0.198815 
0.265871 -0.0217097 
-0.211332 -0.0173799 
0.267818 -0.545709 
0.257369 -0.513395 
0.254423 -0.268618 
0.264103 -0.27576 
0.293466 -0.460071 
0.278177 -0.430916 
0.275855 -0.284431 
0.290427 -0.295182 
