0.359507 -0.674253 
0.346605 -0.165052 
-0.365485 -0.598908 
-0.321612 -0.142489 
-0.160233 -0.434733 
-0.142921 -0.161644 
0.266498 -0.467322 
0.26351 -0.176158 
0.291546 0.0088087 
-0.19825 0.0136202 
0.29213 -0.52435 
0.27811 -0.493157 
0.275083 -0.245093 
0.288151 -0.250313 
0.327451 -0.432728 
0.306669 -0.405655 
0.304085 -0.256678 
0.323944 -0.264611 
0.313814 -0.694007 
0.30506 -0.199471 
-0.383954 -0.619119 
-0.339984 -0.17448 
-0.175285 -0.450056 
-0.157589 -0.181204 
0.241903 -0.482939 
0.240179 -0.196595 
0.262663 -0.0202149 
-0.214596 -0.0135716 
0.261938 -0.541744 
0.251001 -0.509641 
0.249163 -0.266129 
0.259426 -0.273259 
0.289657 -0.456605 
0.273565 -0.427627 
0.271881 -0.281913 
0.287318 -0.292638 
