0.352423 -0.660518 
0.343848 -0.158592 
-0.370281 -0.58832 
-0.324179 -0.131754 
-0.171545 -0.425466 
-0.152375 -0.152897 
0.253222 -0.458043 
0.252912 -0.169911 
0.28552 0.0136743 
-0.203904 0.0233552 
0.280639 -0.514003 
0.26565 -0.48341 
0.26488 -0.238164 
0.279121 -0.243254 
0.320117 -0.423182 
0.297737 -0.396686 
0.29647 -0.249455 
0.31807 -0.257175 
0.306559 -0.680224 
0.301859 -0.192468 
-0.389804 -0.608634 
-0.343618 -0.163786 
-0.187035 -0.440758 
-0.167512 -0.172387 
0.228519 -0.473501 
0.229383 -0.190062 
0.256292 -0.0149051 
-0.220939 -0.00378942 
0.250317 -0.531242 
0.238422 -0.499733 
0.238757 -0.258912 
0.250163 -0.265881 
0.282079 -0.446782 
0.264423 -0.418394 
0.263995 -0.274334 
0.281121 -0.284799 
