0.348896 -0.652005 
0.342458 -0.15393 
-0.372389 -0.581486 
-0.325276 -0.125064 
-0.17705 -0.419795 
-0.157 -0.147558 
0.24669 -0.452317 
0.247687 -0.165767 
0.282543 0.0172464 
-0.206632 0.0292925 
0.274981 -0.507592 
0.259519 -0.477381 
0.259851 -0.233612 
0.274667 -0.238569 
0.316486 -0.417011 
0.293329 -0.390918 
0.292709 -0.244606 
0.315157 -0.252118 
0.30297 -0.67172 
0.300265 -0.187564 
-0.392435 -0.601878 
-0.345246 -0.157137 
-0.192756 -0.435081 
-0.172368 -0.167021 
0.221938 -0.467705 
0.224063 -0.185787 
0.253149 -0.0111295 
-0.224009 0.00215806 
0.244603 -0.524768 
0.232238 -0.493637 
0.233631 -0.254229 
0.245599 -0.261053 
0.27834 -0.440495 
0.25992 -0.412514 
0.260107 -0.269326 
0.278061 -0.279564 
