0.338593 -0.620719 
0.338405 -0.134767 
-0.37752 -0.555389 
-0.327793 -0.100085 
-0.192899 -0.398988 
-0.170418 -0.127958 
0.227643 -0.431218 
0.232407 -0.149595 
0.27386 0.0321631 
-0.214388 0.0511099 
0.258509 -0.483937 
0.241654 -0.455149 
0.245163 -0.215989 
0.261672 -0.220317 
0.305903 -0.393507 
0.280487 -0.36901 
0.281743 -0.22558 
0.306666 -0.232115 
0.292553 -0.640553 
0.295659 -0.167783 
-0.399112 -0.576108 
-0.349339 -0.132366 
-0.209238 -0.414287 
-0.18647 -0.147377 
0.202762 -0.446437 
0.208512 -0.169267 
0.243994 0.00432852 
-0.232778 0.0239528 
0.22799 -0.500976 
0.214238 -0.471246 
0.218676 -0.236264 
0.232302 -0.242429 
0.267483 -0.416725 
0.24683 -0.390333 
0.248797 -0.249892 
0.269173 -0.259111 
