0.335303 -0.608648 
0.337132 -0.126847 
-0.378835 -0.545034 
-0.328376 -0.0902724 
-0.197951 -0.390916 
-0.174733 -0.120334 
0.221507 -0.423027 
0.227468 -0.143076 
0.271075 0.0384074 
-0.216827 0.059612 
0.253221 -0.474757 
0.235908 -0.446517 
0.240428 -0.208928 
0.257492 -0.212982 
0.302519 -0.384214 
0.276369 -0.360354 
0.278226 -0.217907 
0.303956 -0.224019 
0.289246 -0.628546 
0.294219 -0.159688 
-0.400935 -0.565889 
-0.350443 -0.122648 
-0.214497 -0.406228 
-0.191009 -0.139749 
0.196587 -0.4382 
0.203487 -0.162646 
0.241057 0.0107316 
-0.235552 0.03243 
0.222662 -0.491766 
0.208452 -0.462574 
0.213856 -0.229104 
0.228028 -0.234986 
0.264022 -0.407367 
0.242639 -0.381605 
0.245175 -0.242103 
0.266342 -0.25089 
