0.332108 -0.595906 
0.335916 -0.11827 
-0.379958 -0.533973 
-0.328837 -0.0798066 
-0.202885 -0.38235 
-0.178969 -0.112226 
0.215488 -0.414338 
0.222615 -0.136062 
0.268353 0.0452132 
-0.219195 0.0686649 
0.248047 -0.465031 
0.230278 -0.437366 
0.235783 -0.201351 
0.253399 -0.205104 
0.299224 -0.374308 
0.272347 -0.351122 
0.274792 -0.209662 
0.30132 -0.215314 
0.28604 -0.615877 
0.292842 -0.15095 
-0.402563 -0.554975 
-0.351423 -0.112288 
-0.219636 -0.39768 
-0.195468 -0.131642 
0.190531 -0.42947 
0.19855 -0.155535 
0.238187 0.0176863 
-0.238254 0.0414498 
0.217453 -0.482014 
0.202785 -0.453388 
0.209129 -0.221434 
0.223844 -0.227009 
0.260654 -0.397403 
0.238548 -0.372309 
0.241638 -0.233751 
0.263592 -0.242069 
