0.320445 -0.540184 
0.331744 -0.0788984 
-0.382692 -0.484388 
-0.329587 -0.0327228 
-0.221494 -0.344181 
-0.195169 -0.0758274 
0.19266 -0.375723 
0.204118 -0.103987 
0.258178 0.0770186 
-0.228038 0.109453 
0.228603 -0.421982 
0.209014 -0.39677 
0.218175 -0.166929 
0.237981 -0.169317 
0.287059 -0.330076 
0.257324 -0.309811 
0.261974 -0.172211 
0.29164 -0.175788 
0.274388 -0.560486 
0.288075 -0.111043 
-0.407285 -0.506055 
-0.354234 -0.0657291 
-0.239049 -0.359615 
-0.21255 -0.0952945 
0.167564 -0.390726 
0.179723 -0.123129 
0.227434 0.0499993 
-0.248422 0.0820287 
0.197881 -0.438904 
0.181385 -0.412688 
0.191206 -0.186697 
0.208079 -0.190887 
0.248235 -0.353006 
0.223274 -0.330797 
0.228437 -0.195943 
0.253487 -0.202164 
