0.323181 -0.554631 
0.332673 -0.0893464 
-0.382252 -0.497405 
-0.329547 -0.0451364 
-0.217004 -0.3542 
-0.191223 -0.0854291 
0.198176 -0.385842 
0.208602 -0.112511 
0.260612 0.0684888 
-0.225912 0.0986698 
0.233271 -0.433229 
0.214137 -0.407394 
0.222427 -0.176042 
0.241688 -0.178787 
0.28994 -0.341668 
0.260914 -0.320657 
0.265035 -0.182114 
0.293923 -0.18623 
0.277115 -0.574849 
0.289148 -0.121611 
-0.406353 -0.518898 
-0.353681 -0.0779983 
-0.23436 -0.369604 
-0.208385 -0.104877 
0.173114 -0.400873 
0.184289 -0.131728 
0.230011 0.0413546 
-0.245965 0.0713085 
0.202579 -0.450163 
0.186541 -0.423334 
0.195536 -0.195881 
0.211871 -0.200432 
0.251175 -0.364633 
0.226923 -0.341687 
0.231591 -0.205926 
0.255873 -0.212691 
