0.317835 -0.525555 
0.330895 -0.0681791 
-0.382989 -0.471113 
-0.329546 -0.0200048 
-0.225884 -0.333937 
-0.199056 -0.0659726 
0.187272 -0.365391 
0.199725 -0.0952119 
0.255819 0.0858396 
-0.230121 0.120538 
0.224065 -0.410526 
0.204019 -0.385935 
0.214022 -0.157571 
0.234373 -0.159601 
0.284288 -0.31826 
0.253847 -0.298738 
0.259011 -0.162058 
0.289451 -0.165095 
0.271787 -0.545939 
0.287085 -0.10021 
-0.408072 -0.492957 
-0.354705 -0.0531624 
-0.243637 -0.349404 
-0.216655 -0.0854623 
0.162143 -0.380366 
0.17525 -0.114282 
0.224932 0.0589285 
-0.250834 0.0930441 
0.193314 -0.427438 
0.176358 -0.401832 
0.186976 -0.177271 
0.204386 -0.181099 
0.245406 -0.341158 
0.219738 -0.319684 
0.225382 -0.185715 
0.251198 -0.191391 
