0.315349 -0.510839 
0.330125 -0.0572674 
-0.383156 -0.457675 
-0.329434 -0.00705937 
-0.230182 -0.323528 
-0.20289 -0.0559151 
0.18201 -0.354902 
0.195423 -0.0862358 
0.253531 0.0948945 
-0.232167 0.13187 
0.219656 -0.398928 
0.199152 -0.374949 
0.209967 -0.148024 
0.230861 -0.149698 
0.281627 -0.306298 
0.250481 -0.287509 
0.256143 -0.151724 
0.287356 -0.154225 
0.269313 -0.531301 
0.286175 -0.0891904 
-0.408725 -0.479695 
-0.355106 -0.0403744 
-0.248131 -0.339028 
-0.220707 -0.0754308 
0.156847 -0.369852 
0.170866 -0.105238 
0.222502 0.0680852 
-0.25321 0.1043 
0.188876 -0.415831 
0.171459 -0.390828 
0.182844 -0.16766 
0.200791 -0.171128 
0.242688 -0.329165 
0.216314 -0.308416 
0.222423 -0.175308 
0.249002 -0.180444 
