0.310747 -0.481507 
0.328817 -0.0351782 
-0.383156 -0.430683 
-0.329048 0.0192023 
-0.23853 -0.302438 
-0.210428 -0.0353963 
0.17185 -0.33368 
0.187075 -0.0678843 
0.249157 0.113476 
-0.236185 0.155044 
0.211212 -0.375573 
0.189788 -0.352771 
0.202136 -0.128588 
0.224118 -0.129576 
0.276623 -0.282239 
0.244073 -0.264857 
0.250683 -0.130769 
0.283433 -0.13224 
0.264734 -0.502108 
0.284589 -0.066896 
-0.40969 -0.453051 
-0.355743 -0.0144409 
-0.256869 -0.318007 
-0.228678 -0.0549722 
0.146619 -0.348583 
0.162355 -0.0867601 
0.217844 0.0868546 
-0.257889 0.127307 
0.180373 -0.392456 
0.162029 -0.368613 
0.174859 -0.148103 
0.19388 -0.150877 
0.237571 -0.305046 
0.209789 -0.285688 
0.21678 -0.154216 
0.244882 -0.158314 
