0.30288 -0.42552 
0.326992 0.00801777 
-0.382201 -0.378735 
-0.327972 0.0710571 
-0.254473 -0.260723 
-0.225223 0.00585645 
0.152843 -0.291736 
0.171258 -0.0309437 
0.241073 0.150977 
-0.244209 0.201861 
0.195672 -0.329926 
0.172392 -0.309167 
0.187447 -0.0898243 
0.211601 -0.0896511 
0.267746 -0.235551 
0.232403 -0.220563 
0.240725 -0.0894423 
0.276527 -0.0891856 
0.256905 -0.4463 
0.282211 -0.0233018 
-0.410639 -0.401733 
-0.356715 0.0367356 
-0.273584 -0.276428 
-0.24434 -0.0138635 
0.127469 -0.306539 
0.146207 -0.0495927 
0.209185 0.124684 
-0.267237 0.173739 
0.164709 -0.346749 
0.144496 -0.324924 
0.159858 -0.109115 
0.181024 -0.11071 
0.228466 -0.258209 
0.197883 -0.241232 
0.206454 -0.112627 
0.237578 -0.114972 
