0.301149 -0.412493 
0.32666 0.0182238 
-0.38184 -0.366652 
-0.327711 0.0834512 
-0.258354 -0.25069 
-0.228916 0.0159357 
0.148327 -0.28163 
0.167449 -0.0219218 
0.23915 0.160121 
-0.246271 0.213343 
0.192029 -0.319053 
0.168281 -0.298718 
0.183939 -0.0804388 
0.208635 -0.0800402 
0.265723 -0.224542 
0.229685 -0.210035 
0.238396 -0.0795598 
0.274956 -0.0789696 
0.255182 -0.433291 
0.28174 -0.0129927 
-0.410749 -0.389786 
-0.356967 0.0489624 
-0.277657 -0.266427 
-0.248249 -0.00382303 
0.122916 -0.296406 
0.142315 -0.0405173 
0.207117 0.133904 
-0.269633 0.185118 
0.161033 -0.335854 
0.14035 -0.314449 
0.156271 -0.0996753 
0.177973 -0.101039 
0.226384 -0.247152 
0.195104 -0.230657 
0.204032 -0.102677 
0.235906 -0.10468 
