0.296379 -0.376611 
0.325824 0.0465245 
-0.380641 -0.333697 
-0.327115 0.118196 
-0.269883 -0.222262 
-0.240123 0.0449234 
0.135225 -0.252858 
0.156251 0.00401061 
0.233487 0.186268 
-0.252753 0.24645 
0.181551 -0.288432 
0.156402 -0.26912 
0.173687 -0.0536764 
0.200003 -0.0527998 
0.259985 -0.193917 
0.221877 -0.180516 
0.231663 -0.0517451 
0.270479 -0.050452 
0.25043 -0.397397 
0.280487 0.0156391 
-0.410952 -0.357171 
-0.357917 0.0832288 
-0.289757 -0.23808 
-0.260104 0.025047 
0.1097 -0.267542 
0.130864 -0.014428 
0.201016 0.160273 
-0.27712 0.217907 
0.150454 -0.305146 
0.12836 -0.28476 
0.14578 -0.0727468 
0.169082 -0.0736118 
0.22047 -0.216355 
0.187115 -0.200977 
0.197019 -0.0746489 
0.231129 -0.0759152 
