0.297908 -0.387995 
0.326086 0.0375243 
-0.381051 -0.344072 
-0.327272 0.107081 
-0.266051 -0.231421 
-0.236358 0.0355079 
0.139525 -0.262158 
0.159954 -0.00441093 
0.235366 0.177805 
-0.250534 0.235684 
0.184976 -0.298269 
0.160294 -0.27866 
0.177067 -0.0623295 
0.202844 -0.0615771 
0.261851 -0.203683 
0.22443 -0.189972 
0.233873 -0.0606713 
0.271941 -0.05956 
0.251954 -0.408797 
0.280888 0.00652421 
-0.410896 -0.367446 
-0.357558 0.0722684 
-0.285735 -0.247214 
-0.256123 0.0156706 
0.114039 -0.276874 
0.13465 -0.0229015 
0.203041 0.151737 
-0.274565 0.207247 
0.153913 -0.315016 
0.13229 -0.294332 
0.14924 -0.0814559 
0.172009 -0.0824527 
0.222395 -0.226184 
0.189729 -0.210491 
0.199323 -0.0836484 
0.232691 -0.0851092 
