0.29204 -0.346282 
0.325021 0.0704778 
-0.37943 -0.30681 
-0.326972 0.148111 
-0.281392 -0.19708 
-0.251682 0.0712882 
0.122634 -0.227009 
0.145236 0.0276078 
0.227801 0.209736 
-0.259852 0.276642 
0.171581 -0.261471 
0.145034 -0.242781 
0.163679 -0.0296651 
0.191598 -0.0286442 
0.254558 -0.167651 
0.214413 -0.154807 
0.225133 -0.0274179 
0.26617 -0.0259174 
0.246111 -0.366952 
0.279276 0.039969 
-0.411126 -0.330503 
-0.359329 0.112724 
-0.301834 -0.212958 
-0.272313 0.0512981 
0.0969923 -0.241586 
0.119594 0.0093258 
0.194893 0.183963 
-0.285232 0.247781 
0.140382 -0.278064 
0.11688 -0.258306 
0.135532 -0.0485615 
0.160419 -0.0492548 
0.214871 -0.189865 
0.179471 -0.175073 
0.190213 -0.0500849 
0.226523 -0.0510965 
