0.290648 -0.337506 
0.324716 0.077358 
-0.379046 -0.299381 
-0.327051 0.156796 
-0.285252 -0.189534 
-0.255643 0.0793586 
0.118518 -0.219139 
0.14157 0.0348473 
0.225861 0.216833 
-0.262388 0.28589 
0.168336 -0.253397 
0.141325 -0.234823 
0.160363 -0.0223814 
0.188811 -0.0213909 
0.25278 -0.159978 
0.211965 -0.147193 
0.222965 -0.0202019 
0.26473 -0.0187478 
0.244728 -0.358115 
0.27884 0.0469867 
-0.4112 -0.323119 
-0.359928 0.121286 
-0.305882 -0.205427 
-0.276491 0.0593326 
0.0928378 -0.233677 
0.115845 0.016618 
0.19281 0.191137 
-0.288107 0.256926 
0.137104 -0.269943 
0.113135 -0.250305 
0.132137 -0.0412175 
0.157548 -0.0419305 
0.213038 -0.182105 
0.176964 -0.167386 
0.187954 -0.0427838 
0.224988 -0.0438231 
