0.287896 -0.321985 
0.323998 0.0893706 
-0.378314 -0.286959 
-0.327412 0.172046 
-0.293029 -0.175823 
-0.263757 0.0942998 
0.110372 -0.204584 
0.134212 0.0483014 
0.221872 0.229835 
-0.26774 0.303003 
0.161926 -0.238677 
0.133992 -0.220204 
0.153721 -0.00897523 
0.18322 -0.00816365 
0.249224 -0.146315 
0.207087 -0.133468 
0.218596 -0.00719035 
0.261802 -0.00600166 
0.242002 -0.342444 
0.277871 0.0592925 
-0.411378 -0.310743 
-0.36133 0.13632 
-0.314034 -0.191737 
-0.285037 0.0742057 
0.0846159 -0.219039 
0.108321 0.0301787 
0.188538 0.204294 
-0.294141 0.273838 
0.130629 -0.255117 
0.105729 -0.235593 
0.125341 -0.0276872 
0.151792 -0.0285553 
0.209379 -0.168252 
0.171973 -0.153504 
0.183411 -0.029593 
0.221876 -0.0308554 
