0.289269 -0.329408 
0.324377 0.0836579 
-0.378674 -0.29276 
-0.327197 0.164783 
-0.28913 -0.182445 
-0.259667 0.0870342 
0.114432 -0.211662 
0.137898 0.0417482 
0.223887 0.223537 
-0.265016 0.294684 
0.16512 -0.245798 
0.137646 -0.227296 
0.157045 -0.0154821 
0.18602 -0.0145616 
0.251004 -0.152865 
0.209525 -0.140079 
0.220788 -0.0134571 
0.263276 -0.0121073 
0.24336 -0.349947 
0.278374 0.0534302 
-0.411285 -0.316528 
-0.360595 0.12916 
-0.309947 -0.198349 
-0.280731 0.0669735 
0.0887139 -0.226159 
0.112089 0.023572 
0.190694 0.197917 
-0.291076 0.265619 
0.133855 -0.262292 
0.109419 -0.242733 
0.128742 -0.0342567 
0.154674 -0.0350282 
0.211209 -0.174899 
0.174467 -0.160195 
0.185688 -0.0359509 
0.223441 -0.037074 
