0.286526 -0.315225 
0.323571 0.0944956 
-0.377963 -0.281984 
-0.327693 0.178569 
-0.296951 -0.169675 
-0.267915 0.101144 
0.106332 -0.197905 
0.130509 0.0545019 
0.21981 0.23572 
-0.270563 0.31083 
0.15875 -0.232033 
0.130357 -0.213547 
0.150386 -0.00286416 
0.180405 -0.00219955 
0.247435 -0.140325 
0.204646 -0.127359 
0.216385 -0.00140295 
0.2603 -0.000430703 
0.240649 -0.335597 
0.277325 0.0645733 
-0.411479 -0.305768 
-0.362133 0.142752 
-0.318143 -0.185596 
-0.289411 0.0810182 
0.0805393 -0.212317 
0.104537 0.0364329 
0.186337 0.21026 
-0.297304 0.28157 
0.127423 -0.248416 
0.102059 -0.228887 
0.12193 -0.0215125 
0.148897 -0.0225145 
0.207543 -0.162159 
0.16948 -0.147311 
0.181116 -0.0237117 
0.220287 -0.0251673 
