0.282381 -0.298722 
0.321954 0.106444 
-0.37692 -0.271929 
-0.328901 0.193646 
-0.30886 -0.154085 
-0.28081 0.119108 
0.0943048 -0.180216 
0.119255 0.0709981 
0.213296 0.250911 
-0.279619 0.331289 
0.149299 -0.214867 
0.119539 -0.196116 
0.140275 0.0131273 
0.171834 0.0131378 
0.241976 -0.125589 
0.197272 -0.111951 
0.209597 0.0131505 
0.255594 0.0131659 
0.236583 -0.318789 
0.275385 0.0770201 
-0.411775 -0.295641 
-0.364905 0.157622 
-0.330607 -0.170014 
-0.302953 0.0988925 
0.068407 -0.194495 
0.0930473 0.0530902 
0.179425 0.225698 
-0.307386 0.301756 
0.117892 -0.231069 
0.0911458 -0.211301 
0.111603 -0.00532645 
0.1401 -0.00693931 
0.201964 -0.147092 
0.161963 -0.131635 
0.174093 -0.00886329 
0.215344 -0.011198 
