0.280982 -0.294379 
0.321291 0.10935 
-0.376553 -0.270135 
-0.329407 0.197196 
-0.312874 -0.149817 
-0.285247 0.124246 
0.0903191 -0.175066 
0.115448 0.0758189 
0.211005 0.25518 
-0.28283 0.337101 
0.146167 -0.210014 
0.115955 -0.191108 
0.136862 0.0177099 
0.168928 0.0174385 
0.240118 -0.121684 
0.19479 -0.107731 
0.207275 0.0171139 
0.253949 0.0167188 
0.23522 -0.314336 
0.274628 0.0801007 
-0.411849 -0.2938 
-0.365931 0.161125 
-0.334805 -0.165745 
-0.307605 0.104003 
0.0643887 -0.189301 
0.0891645 0.057964 
0.177007 0.230052 
-0.310938 0.307483 
0.114738 -0.226153 
0.0875333 -0.206241 
0.108122 -0.000678772 
0.137123 -0.00255807 
0.200075 -0.143072 
0.15944 -0.127323 
0.1717 -0.00479865 
0.213629 -0.00751575 
