0.278158 -0.287193 
0.319773 0.11373 
-0.37574 -0.268681 
-0.330523 0.202203 
-0.320952 -0.142587 
-0.29432 0.13331 
0.0823778 -0.165779 
0.107742 0.0845266 
0.206234 0.262627 
-0.289518 0.347277 
0.13993 -0.20147 
0.108818 -0.182176 
0.129967 0.0258553 
0.163037 0.0249406 
0.236343 -0.115206 
0.189786 -0.100511 
0.202536 0.023848 
0.250542 0.0225201 
0.232484 -0.306924 
0.272945 0.0848374 
-0.41191 -0.292228 
-0.368086 0.166068 
-0.34325 -0.158514 
-0.317106 0.113013 
0.0563865 -0.179928 
0.0813136 0.0667747 
0.171996 0.23767 
-0.318309 0.317498 
0.108464 -0.217485 
0.0803433 -0.197205 
0.101099 0.00759457 
0.131101 0.00510422 
0.196252 -0.136361 
0.154365 -0.119918 
0.166831 0.00213853 
0.210099 -0.00145294 
