0.273895 -0.27942 
0.31704 0.117366 
-0.374175 -0.271098 
-0.332309 0.205055 
-0.333146 -0.134662 
-0.308371 0.144165 
0.0705524 -0.154017 
0.0959624 0.0955767 
0.19862 0.271473 
-0.300134 0.359266 
0.130661 -0.191086 
0.098201 -0.171068 
0.119466 0.0359014 
0.154022 0.0338752 
0.230565 -0.108212 
0.18221 -0.0922136 
0.195217 0.0314598 
0.245164 0.0285311 
0.228398 -0.298819 
0.270029 0.0890082 
-0.411634 -0.294429 
-0.371423 0.168881 
-0.355989 -0.150591 
-0.331798 0.123783 
0.0444808 -0.168054 
0.0693332 0.0779654 
0.164054 0.246766 
-0.329949 0.329255 
0.0991564 -0.206929 
0.0696631 -0.185959 
0.0904242 0.0178192 
0.121916 0.0142671 
0.19044 -0.129028 
0.146712 -0.111356 
0.159349 0.0100449 
0.20458 0.00494313 
