0.272485 -0.277409 
0.316023 0.117999 
-0.37352 -0.27289 
-0.33289 0.204965 
-0.337213 -0.132682 
-0.313156 0.147158 
0.0666404 -0.15056 
0.091984 0.0988302 
0.195968 0.273936 
-0.303802 0.362518 
0.127604 -0.188128 
0.0946946 -0.167848 
0.115932 0.0387926 
0.150981 0.0363724 
0.228623 -0.106422 
0.179679 -0.0899621 
0.192733 0.0334892 
0.243314 0.0299963 
0.227058 -0.296707 
0.268968 0.089814 
-0.411402 -0.296149 
-0.372519 0.168789 
-0.360238 -0.148616 
-0.336796 0.126745 
0.0405451 -0.164566 
0.0652922 0.0812601 
0.161303 0.249309 
-0.333958 0.332431 
0.0960924 -0.20392 
0.0661394 -0.182699 
0.0868375 0.0207638 
0.118824 0.0168342 
0.188497 -0.127132 
0.144162 -0.109024 
0.15682 0.0121663 
0.202696 0.00653035 
