0.271089 -0.27559 
0.314963 0.118437 
-0.37278 -0.275062 
-0.333442 0.20446 
-0.341273 -0.130976 
-0.317983 0.149892 
0.0627473 -0.147281 
0.0879839 0.10192 
0.193266 0.276222 
-0.307522 0.365465 
0.12457 -0.185355 
0.0912094 -0.164809 
0.112386 0.0415128 
0.147927 0.0386936 
0.226681 -0.104818 
0.177151 -0.0878937 
0.190234 0.0353377 
0.241444 0.0312755 
0.225739 -0.294793 
0.267873 0.0904202 
-0.411084 -0.298252 
-0.373586 0.168282 
-0.36448 -0.146918 
-0.341837 0.129445 
0.0366297 -0.16126 
0.0612316 0.0843872 
0.158506 0.251671 
-0.338019 0.335301 
0.0930533 -0.201101 
0.0626386 -0.179625 
0.0832417 0.0235333 
0.115723 0.0192211 
0.186559 -0.125428 
0.14162 -0.106879 
0.154281 0.014102 
0.200797 0.00792645 
