0.268372 -0.272287 
0.312738 0.118973 
-0.371009 -0.280252 
-0.33442 0.202485 
-0.349359 -0.128233 
-0.327744 0.154731 
0.0550295 -0.141121 
0.0799314 0.107742 
0.187729 0.280435 
-0.315089 0.370641 
0.118586 -0.180196 
0.0843159 -0.159127 
0.105274 0.0465893 
0.141798 0.0429752 
0.222821 -0.101956 
0.172128 -0.0841179 
0.185212 0.0386793 
0.237668 0.0334886 
0.22319 -0.291326 
0.265603 0.0912713 
-0.410149 -0.303321 
-0.37559 0.166301 
-0.372929 -0.144205 
-0.352026 0.134203 
0.028871 -0.155062 
0.0530645 0.0902709 
0.152794 0.256022 
-0.346269 0.340312 
0.0870656 -0.19587 
0.0557193 -0.173889 
0.0760373 0.0286935 
0.109511 0.0236174 
0.182723 -0.122388 
0.13658 -0.102971 
0.14919 0.0176001 
0.19698 0.0103531 
