0.263431 -0.265369 
0.308096 0.120421 
-0.366088 -0.291881 
-0.335572 0.196875 
-0.365284 -0.124312 
-0.347577 0.163019 
0.0399464 -0.129436 
0.0637121 0.118937 
0.17627 0.288705 
-0.330528 0.379622 
0.107067 -0.170262 
0.0709329 -0.148284 
0.0910793 0.0563652 
0.129592 0.051291 
0.215376 -0.0961293 
0.162356 -0.0766903 
0.175224 0.0452789 
0.23015 0.0380422 
0.218636 -0.284227 
0.260967 0.0932224 
-0.406883 -0.314859 
-0.378794 0.16059 
-0.389588 -0.140423 
-0.372721 0.142264 
0.0137174 -0.143375 
0.0366375 0.101519 
0.141035 0.264491 
-0.363083 0.348898 
0.0755609 -0.185884 
0.0423 -0.163022 
0.0616827 0.0385574 
0.0971707 0.0320748 
0.175374 -0.116326 
0.12681 -0.0953822 
0.139112 0.0244135 
0.189442 0.0152197 
