0.262339 -0.263256 
0.306943 0.121212 
-0.364537 -0.294611 
-0.335642 0.195603 
-0.3692 -0.123425 
-0.35258 0.165047 
0.0362636 -0.126454 
0.0596521 0.121845 
0.173355 0.291006 
-0.334417 0.381917 
0.104302 -0.167625 
0.0676893 -0.14547 
0.0875581 0.0589511 
0.126577 0.0535623 
0.213607 -0.0943561 
0.16 -0.0745947 
0.17277 0.0471828 
0.228315 0.0395116 
0.217648 -0.282105 
0.259832 0.0941053 
-0.405745 -0.317611 
-0.379381 0.159259 
-0.39369 -0.139591 
-0.377942 0.144215 
0.0100183 -0.140412 
0.0325292 0.104422 
0.138056 0.266821 
-0.367319 0.351072 
0.0728033 -0.183258 
0.0390493 -0.160223 
0.0581259 0.0411451 
0.0941281 0.0343589 
0.173638 -0.114525 
0.124461 -0.0932731 
0.136643 0.026345 
0.187614 0.0167372 
