0.260372 -0.258236 
0.304699 0.123695 
-0.361032 -0.299371 
-0.335479 0.193779 
-0.376946 -0.121494 
-0.362624 0.16934 
0.0290158 -0.120206 
0.0515444 0.128017 
0.167501 0.296193 
-0.342198 0.386973 
0.0989333 -0.161919 
0.0613403 -0.139491 
0.0805704 0.0645376 
0.120618 0.0586048 
0.210219 -0.0901133 
0.155421 -0.0698314 
0.167947 0.0515932 
0.224742 0.0431792 
0.215894 -0.277119 
0.25764 0.0967211 
-0.403068 -0.322485 
-0.380257 0.157259 
-0.401815 -0.137803 
-0.388431 0.148326 
0.00273781 -0.134227 
0.0243276 0.11056 
0.132081 0.272033 
-0.375802 0.355849 
0.0674487 -0.177606 
0.0326869 -0.154303 
0.0510701 0.0467069 
0.088118 0.0393949 
0.170322 -0.11027 
0.119899 -0.08852 
0.131797 0.0307741 
0.184062 0.0204587 
