0.261318 -0.260892 
0.305808 0.122287 
-0.362852 -0.297129 
-0.335612 0.194545 
-0.373087 -0.122497 
-0.357596 0.167141 
0.0326198 -0.123386 
0.0555956 0.124862 
0.170431 0.293489 
-0.338307 0.384348 
0.101591 -0.164855 
0.0644912 -0.142549 
0.0840544 0.0616646 
0.123585 0.0559886 
0.211887 -0.0923642 
0.157687 -0.0723206 
0.170343 0.0492747 
0.226511 0.0412096 
0.216733 -0.27975 
0.258721 0.0952553 
-0.404474 -0.320174 
-0.379869 0.158123 
-0.397765 -0.138729 
-0.383179 0.146223 
0.00635816 -0.137371 
0.0284253 0.107426 
0.13507 0.269322 
-0.371559 0.35337 
0.0700986 -0.180509 
0.0358445 -0.157327 
0.0545877 0.0438512 
0.0911096 0.0367874 
0.171953 -0.11252 
0.122156 -0.0909977 
0.134204 0.0284525 
0.185819 0.0184695 
