0.258722 -0.251905 
0.30258 0.127686 
-0.356989 -0.302795 
-0.334893 0.193418 
-0.384587 -0.119131 
-0.372721 0.174202 
0.0219289 -0.113414 
0.0434633 0.134852 
0.161637 0.302409 
-0.34997 0.393021 
0.0937873 -0.155441 
0.055183 -0.132863 
0.073668 0.0708755 
0.114769 0.0645314 
0.207055 -0.0846938 
0.151039 -0.0640791 
0.163259 0.0570469 
0.221326 0.048084 
0.214461 -0.270893 
0.255589 0.100773 
-0.399861 -0.326127 
-0.380723 0.156627 
-0.409844 -0.135629 
-0.398981 0.152962 
-0.00438312 -0.127535 
0.0161548 0.117324 
0.126108 0.27823 
-0.384289 0.361559 
0.0623171 -0.171228 
0.0265153 -0.147775 
0.0441025 0.0529798 
0.0822233 0.0452694 
0.167235 -0.1049 
0.115539 -0.0828307 
0.127093 0.0361941 
0.180676 0.0253562 
