0.25689 -0.239467 
0.299714 0.137128 
-0.349961 -0.304567 
-0.333214 0.196763 
-0.395895 -0.11429 
-0.387991 0.183142 
0.0115904 -0.101871 
0.0313988 0.146735 
0.152865 0.314199 
-0.361614 0.404811 
0.0864912 -0.143885 
0.0463027 -0.121342 
0.0634858 0.0822024 
0.106225 0.0755284 
0.20277 -0.0738632 
0.144861 -0.0531409 
0.156514 0.0676755 
0.216545 0.0583012 
0.212948 -0.258751 
0.252847 0.110162 
-0.394112 -0.328449 
-0.380658 0.159351 
-0.421758 -0.131169 
-0.414955 0.161468 
-0.0147788 -0.116215 
0.00395353 0.129031 
0.117186 0.289898 
-0.397036 0.372713 
0.0550378 -0.159914 
0.0176082 -0.136486 
0.0338234 0.0641282 
0.0736137 0.0560969 
0.163068 -0.0942648 
0.109395 -0.072092 
0.12033 0.0466676 
0.175952 0.0354407 
