0.256102 -0.229036 
0.298034 0.145992 
-0.344687 -0.303106 
-0.331587 0.202185 
-0.403382 -0.109965 
-0.398292 0.190496 
0.00487053 -0.0931365 
0.023383 0.155915 
0.14704 0.323944 
-0.369391 0.414948 
0.0818932 -0.134801 
0.0406003 -0.112464 
0.0568022 0.0911433 
0.100677 0.0844561 
0.200221 -0.0646433 
0.141001 -0.0441232 
0.152209 0.0766017 
0.213595 0.0672454 
0.212365 -0.248609 
0.25126 0.118895 
-0.389713 -0.327513 
-0.380141 0.164196 
-0.429667 -0.127168 
-0.425744 0.168463 
-0.0215428 -0.107679 
-0.00415523 0.138044 
0.111267 0.299499 
-0.405576 0.382328 
0.0504452 -0.151052 
0.011882 -0.127818 
0.0270733 0.0728949 
0.0680208 0.0648493 
0.160596 -0.085257 
0.105554 -0.0632782 
0.116014 0.0554192 
0.173043 0.0442139 
