0.255833 -0.223167 
0.297263 0.151226 
-0.341891 -0.301521 
-0.330633 0.205963 
-0.407126 -0.107438 
-0.403491 0.194641 
0.00155335 -0.0884449 
0.0193769 0.160903 
0.144131 0.329415 
-0.373295 0.420786 
0.079666 -0.12983 
0.0378059 -0.107652 
0.0534853 0.096051 
0.0979409 0.0894209 
0.199035 -0.0594145 
0.139142 -0.0390778 
0.150109 0.0816406 
0.212188 0.0723822 
0.212195 -0.24291 
0.250536 0.124033 
-0.387364 -0.326241 
-0.379754 0.167634 
-0.433629 -0.124825 
-0.431196 0.172407 
-0.0248843 -0.103101 
-0.00820872 0.142934 
0.108313 0.304878 
-0.409871 0.387874 
0.0482183 -0.146211 
0.00907336 -0.123127 
0.0237222 0.0776991 
0.0652621 0.069708 
0.159447 -0.0801582 
0.103703 -0.0583557 
0.113908 0.0603498 
0.171656 0.0492409 
