0.255642 -0.216869 
0.296534 0.156991 
-0.338997 -0.299358 
-0.329593 0.210481 
-0.410878 -0.104663 
-0.408731 0.199111 
-0.00174037 -0.0835399 
0.015368 0.166155 
0.141221 0.335285 
-0.377216 0.427161 
0.0774815 -0.124578 
0.0350442 -0.102595 
0.0501809 0.101249 
0.0952267 0.0947185 
0.197902 -0.0537774 
0.137326 -0.0336781 
0.148041 0.0870616 
0.210822 0.0779598 
0.212102 -0.236801 
0.249856 0.129685 
-0.384924 -0.324423 
-0.379289 0.171778 
-0.437603 -0.122248 
-0.436692 0.176662 
-0.028204 -0.0983199 
-0.0122657 0.148079 
0.105359 0.310645 
-0.41419 0.393936 
0.0460326 -0.1411 
0.00629592 -0.118201 
0.0203828 0.082783 
0.0625243 0.0748874 
0.158351 -0.0746666 
0.101895 -0.0530923 
0.111834 0.0656489 
0.17031 0.054693 
