0.255492 -0.195565 
0.294563 0.177343 
-0.3298 -0.289449 
-0.32601 0.228544 
-0.422244 -0.0948853 
-0.424741 0.214466 
-0.0115243 -0.0676355 
0.00328871 0.18342 
0.132454 0.355205 
-0.389129 0.449566 
0.0711388 -0.10724 
0.0269112 -0.0860502 
0.0403036 0.118497 
0.0871735 0.112511 
0.194784 -0.0345441 
0.132092 -0.0154653 
0.141981 0.105512 
0.20693 0.0972168 
0.21223 -0.216156 
0.248036 0.149596 
-0.37713 -0.315748 
-0.377485 0.188505 
-0.449667 -0.113153 
-0.453505 0.191281 
-0.0380757 -0.0828414 
-0.0244945 0.164966 
0.0964622 0.330186 
-0.427339 0.415276 
0.039676 -0.124253 
-0.00189448 -0.102112 
0.0103951 0.099628 
0.0543963 0.0922583 
0.155335 -0.055956 
0.096676 -0.0353646 
0.105753 0.0836568 
0.166477 0.0734862 
