0.25568 -0.179598 
0.293371 0.193211 
-0.323298 -0.280176 
-0.323287 0.244242 
-0.429968 -0.0872762 
-0.435708 0.226229 
-0.0180124 -0.0561975 
-0.00484788 0.19603 
0.126534 0.370222 
-0.397243 0.467163 
0.0670346 -0.094543 
0.021567 -0.0740428 
0.0337051 0.131208 
0.081833 0.125776 
0.192883 -0.0200065 
0.128729 -0.00184305 
0.138014 0.119437 
0.204454 0.111939 
0.212594 -0.200699 
0.24695 0.165096 
-0.371602 -0.307455 
-0.375995 0.203146 
-0.457885 -0.106071 
-0.465037 0.202484 
-0.0446305 -0.0717296 
-0.0327348 0.177284 
0.0904599 0.344901 
-0.436317 0.432063 
0.0355546 -0.111934 
-0.00728492 -0.0904542 
0.00371871 0.112024 
0.0490029 0.105192 
0.153498 -0.0418309 
0.0933185 -0.0221227 
0.10177 0.0972304 
0.16404 0.087835 
