0.25648 -0.144751 
0.291012 0.229015 
-0.309561 -0.25651 
-0.31717 0.283208 
-0.445931 -0.0702743 
-0.458473 0.252598 
-0.0310688 -0.0321958 
-0.0214624 0.222957 
0.114337 0.403243 
-0.413997 0.507779 
0.0589314 -0.0674247 
0.010889 -0.0486194 
0.0203145 0.158553 
0.071041 0.154613 
0.18927 0.0119546 
0.122099 0.0278322 
0.130051 0.150031 
0.199553 0.144634 
0.213735 -0.166997 
0.244833 0.20004 
-0.359904 -0.286089 
-0.372459 0.239649 
-0.474906 -0.0902805 
-0.489009 0.227582 
-0.0578369 -0.0484643 
-0.0495632 0.203553 
0.0781173 0.377237 
-0.454896 0.47086 
0.0274037 -0.0856692 
-0.0180705 -0.0658211 
-0.0098328 0.138656 
0.0381041 0.133272 
0.150013 -0.0108111 
0.0866955 0.00668637 
0.093779 0.12702 
0.15923 0.11967 
