0.25672 -0.135706 
0.29038 0.238498 
-0.305987 -0.249828 
-0.315508 0.294194 
-0.450042 -0.0658489 
-0.464344 0.259573 
-0.0343722 -0.0261491 
-0.0257058 0.229838 
0.111187 0.411855 
-0.418296 0.518793 
0.0568984 -0.0605002 
0.00819622 -0.0421704 
0.0169037 0.165574 
0.0682929 0.162071 
0.188367 0.0202833 
0.120428 0.0355163 
0.128022 0.157999 
0.1983 0.153208 
0.214063 -0.158257 
0.24427 0.209292 
-0.356856 -0.280043 
-0.371462 0.249962 
-0.479297 -0.0861876 
-0.495199 0.234214 
-0.0611803 -0.0426157 
-0.0538605 0.210258 
0.0749359 0.385668 
-0.459672 0.481388 
0.0253575 -0.0789739 
-0.0207923 -0.0595844 
-0.0132838 0.145486 
0.0353306 0.140527 
0.149145 -0.00273481 
0.0850279 0.014138 
0.0917463 0.134773 
0.158005 0.128014 
