0.257416 -0.108654 
0.288251 0.267173 
-0.294908 -0.228992 
-0.310166 0.328874 
-0.462655 -0.0528383 
-0.482358 0.280654 
-0.0444178 -0.00851489 
-0.0386804 0.250149 
0.101434 0.437646 
-0.431402 0.55286 
0.0507188 -0.0400783 
1.07343e-05 -0.0232549 
0.00647681 0.186362 
0.0598718 0.184265 
0.185562 0.0452216 
0.115309 0.0584135 
0.12177 0.181834 
0.194377 0.178982 
0.215032 -0.132142 
0.242385 0.23727 
-0.347388 -0.261234 
-0.368149 0.28254 
-0.492787 -0.0742336 
-0.514209 0.25422 
-0.0713491 -0.0255983 
-0.0669939 0.230028 
0.0651117 0.410917 
-0.474251 0.513957 
0.0191407 -0.0592636 
-0.0290649 -0.0413295 
-0.0238263 0.165685 
0.0268427 0.162098 
0.146458 0.0214269 
0.0799272 0.0363176 
0.0854969 0.157945 
0.154185 0.153082 
