0.257195 -0.117598 
0.289007 0.257648 
-0.298663 -0.235994 
-0.312011 0.31712 
-0.458407 -0.0570826 
-0.476292 0.273656 
-0.0410452 -0.0142667 
-0.0343143 0.243482 
0.104738 0.429119 
-0.427006 0.54141 
0.052795 -0.0467795 
0.00275914 -0.0294436 
0.00998633 0.179528 
0.0627107 0.176949 
0.186519 0.0369753 
0.117037 0.0508609 
0.123885 0.173958 
0.195717 0.170445 
0.214718 -0.140772 
0.243053 0.227977 
-0.350602 -0.267544 
-0.369314 0.271496 
-0.48824 -0.0781166 
-0.507804 0.247587 
-0.0679352 -0.0311414 
-0.0625756 0.223543 
0.068435 0.402569 
-0.469357 0.503011 
0.0212285 -0.0657246 
-0.0262877 -0.0472949 
-0.0202794 0.159049 
0.029702 0.154992 
0.147372 0.0134412 
0.0816471 0.0290063 
0.0876084 0.150291 
0.155487 0.144781 
