0.257616 -0.0998649 
0.28744 0.276564 
-0.291084 -0.222038 
-0.308245 0.340687 
-0.466942 -0.0487552 
-0.488477 0.287544 
-0.047815 -0.00294761 
-0.043087 0.256646 
0.0980761 0.446016 
-0.435812 0.564291 
0.0486237 -0.0335489 
-0.00275909 -0.0172445 
0.00293285 0.193032 
0.0569991 0.191424 
0.184578 0.0533206 
0.113555 0.0658114 
0.119619 0.189561 
0.192998 0.187378 
0.215331 -0.123668 
0.241671 0.246433 
-0.344107 -0.254988 
-0.366913 0.293637 
-0.497378 -0.0705196 
-0.520673 0.260741 
-0.0747874 -0.0202419 
-0.0714516 0.236344 
0.0617386 0.419111 
-0.479166 0.524886 
0.0170352 -0.0529763 
-0.0318629 -0.0355443 
-0.0274061 0.172157 
0.0239522 0.169048 
0.14552 0.0292651 
0.0781845 0.0434735 
0.0833543 0.165451 
0.152851 0.161243 
