0.257934 -0.0830033 
0.285633 0.294637 
-0.283202 -0.208611 
-0.304142 0.364044 
-0.475602 -0.0412887 
-0.500835 0.300746 
-0.05468 0.00745435 
-0.0520134 0.268926 
0.091198 0.462014 
-0.444626 0.586732 
0.0443736 -0.0212077 
-0.00836243 -0.00594805 
-0.00425454 0.205669 
0.0511525 0.205044 
0.182514 0.0688276 
0.109964 0.0799131 
0.115209 0.204323 
0.190113 0.203479 
0.215863 -0.107432 
0.240083 0.264071 
-0.337315 -0.243007 
-0.364177 0.315567 
-0.506665 -0.0638116 
-0.53374 0.273198 
-0.0817335 -0.0102653 
-0.0804759 0.248265 
0.0548468 0.434775 
-0.489005 0.546334 
0.0127698 -0.0411212 
-0.0375195 -0.0247014 
-0.034659 0.1844 
0.0180792 0.182255 
0.143565 0.044256 
0.0746262 0.0570943 
0.0789727 0.179778 
0.150072 0.176886 
