0.25779 -0.0912938 
0.286569 0.285744 
-0.287185 -0.215216 
-0.306241 0.352448 
-0.47126 -0.0448869 
-0.49464 0.294263 
-0.0512362 0.00239047 
-0.0475322 0.262922 
0.0946637 0.454162 
-0.440225 0.575614 
0.0465086 -0.0272418 
-0.00555041 -0.0114596 
-0.000644834 0.199486 
0.0540924 0.198369 
0.183563 0.0612101 
0.111774 0.0729972 
0.117433 0.197078 
0.191578 0.195566 
0.21561 -0.115411 
0.240905 0.255392 
-0.340753 -0.248884 
-0.365593 0.304682 
-0.502007 -0.0670275 
-0.527187 0.267088 
-0.0782495 -0.0151161 
-0.0759466 0.24244 
0.0583165 0.427086 
-0.48409 0.535709 
0.0149114 -0.0469122 
-0.0346815 -0.029986 
-0.0310177 0.178413 
0.0210307 0.175786 
0.144557 0.0368952 
0.0764176 0.050418 
0.0811796 0.172749 
0.15148 0.1692 
