0.258117 -0.0675128 
0.283554 0.311254 
-0.274947 -0.196399 
-0.299605 0.386266 
-0.484322 -0.035126 
-0.513274 0.312738 
-0.0616251 0.0165809 
-0.0610671 0.279908 
0.0841169 0.476567 
-0.453323 0.607967 
0.0400476 -0.0101595 
-0.014041 0.00406605 
-0.0115582 0.21701 
0.0451806 0.217354 
0.180312 0.0829988 
0.10626 0.0927051 
0.110654 0.21775 
0.187048 0.218213 
0.216286 -0.0925527 
0.238266 0.280288 
-0.330146 -0.23227 
-0.360995 0.336398 
-0.516035 -0.0584284 
-0.546912 0.284443 
-0.0887562 -0.00156458 
-0.0896198 0.258898 
0.0477771 0.449025 
-0.498745 0.566613 
0.00843859 -0.0305559 
-0.0432449 -0.0151397 
-0.0420178 0.195359 
0.0120962 0.194165 
0.141496 0.0579268 
0.070973 0.0694166 
0.0744673 0.192789 
0.147141 0.191185 
