0.258044 -0.0750559 
0.284629 0.303166 
-0.279126 -0.202309 
-0.301934 0.375357 
-0.47996 -0.0380164 
-0.507051 0.306927 
-0.0581441 0.0121992 
-0.0565266 0.274605 
0.0876813 0.469505 
-0.448998 0.59755 
0.0422193 -0.015497 
-0.0111935 -0.000757234 
-0.00789358 0.211528 
0.048181 0.211391 
0.181431 0.0761109 
0.108126 0.0865013 
0.112949 0.211234 
0.188603 0.21105 
0.216089 -0.0997928 
0.239204 0.272394 
-0.333783 -0.237441 
-0.36265 0.326178 
-0.511345 -0.0609268 
-0.54032 0.279005 
-0.0852369 -0.0057336 
-0.0850353 0.253768 
0.0513324 0.44211 
-0.493897 0.556668 
0.0106115 -0.0356527 
-0.040375 -0.0197373 
-0.038327 0.190066 
0.0151 0.1884 
0.142545 0.0512865 
0.0728108 0.0634457 
0.0767346 0.186478 
0.148625 0.184236 
