0.258029 -0.0425316 
0.278554 0.337784 
-0.256965 -0.178385 
-0.288739 0.423478 
-0.501581 -0.0284777 
-0.537903 0.330966 
-0.0756263 0.0296422 
-0.0793724 0.296395 
0.0694947 0.499247 
-0.469722 0.643637 
0.0312532 0.00652282 
-0.0255137 0.0188022 
-0.0263655 0.234179 
0.0329825 0.236293 
0.175512 0.105447 
0.0985815 0.112608 
0.101193 0.238723 
0.180413 0.241545 
0.216776 -0.0687139 
0.233938 0.306178 
-0.314271 -0.217218 
-0.352733 0.371076 
-0.534658 -0.0533769 
-0.573077 0.301223 
-0.102895 0.0106621 
-0.108075 0.274746 
0.0332678 0.471234 
-0.517252 0.600581 
-0.000325329 -0.0148065 
-0.0547832 -0.00128435 
-0.0568942 0.211819 
-6.66242e-05 0.212375 
0.137049 0.0794556 
0.0634626 0.0884442 
0.0651838 0.213014 
0.14088 0.213756 
