0.258149 -0.0538751 
0.281191 0.325819 
-0.266234 -0.1861 
-0.294516 0.406393 
-0.493016 -0.0307129 
-0.525675 0.322984 
-0.0686212 0.0240841 
-0.0702058 0.289189 
0.0768652 0.489142 
-0.461748 0.627197 
0.0356636 -0.000795679 
-0.0197706 0.0124295 
-0.0189448 0.226642 
0.0391099 0.227907 
0.177972 0.0953527 
0.102456 0.103741 
0.105971 0.229364 
0.183807 0.231061 
0.216588 -0.0795019 
0.236212 0.294503 
-0.322501 -0.223455 
-0.357232 0.355206 
-0.5254 -0.0548093 
-0.560071 0.293955 
-0.0958246 0.00551715 
-0.098839 0.267848 
0.0405659 0.461339 
-0.508223 0.58495 
0.00406209 -0.0216657 
-0.0490127 -0.00722208 
-0.0494464 0.204625 
0.00603262 0.20434 
0.139316 0.0698051 
0.0672412 0.0800017 
0.0698586 0.204013 
0.144068 0.203632 
