0.258107 -0.0478911 
0.279905 0.332158 
-0.261675 -0.181879 
-0.291722 0.415372 
-0.497321 -0.0292975 
-0.53182 0.327289 
-0.0721257 0.0271249 
-0.0747898 0.293073 
0.0731909 0.494531 
-0.465803 0.635813 
0.0334592 0.00314013 
-0.0226433 0.0158844 
-0.0226544 0.230695 
0.03605 0.232395 
0.176755 0.100708 
0.100525 0.108469 
0.103591 0.234351 
0.182127 0.236626 
0.216696 -0.0738 
0.235101 0.300689 
-0.318467 -0.219975 
-0.355084 0.363564 
-0.530049 -0.0537945 
-0.566602 0.2979 
-0.0993628 0.00835017 
-0.103459 0.271575 
0.0369236 0.466617 
-0.512806 0.59315 
0.0018671 -0.0179616 
-0.0519006 -0.00398625 
-0.0531716 0.208503 
0.00298408 0.208649 
0.138192 0.074934 
0.0653552 0.0845142 
0.0675265 0.208816 
0.142486 0.209011 
