0.257614 -0.0306269 
0.274165 0.349866 
-0.241789 -0.172978 
-0.27847 0.441521 
-0.513944 -0.0300466 
-0.555586 0.337671 
-0.0860336 0.033735 
-0.0930197 0.30262 
0.0583707 0.508868 
-0.480405 0.661496 
0.0246884 0.0129978 
-0.0340435 0.0239977 
-0.0374232 0.240847 
0.0238121 0.244049 
0.171678 0.115537 
0.0927342 0.121085 
0.0939625 0.247718 
0.175127 0.251962 
0.216897 -0.0575731 
0.230197 0.317949 
-0.300567 -0.213985 
-0.344246 0.38755 
-0.548095 -0.0561578 
-0.591963 0.306912 
-0.113385 0.0141565 
-0.121801 0.280557 
0.0223172 0.480644 
-0.529507 0.617423 
-0.00682283 -0.00898636 
-0.0633309 0.00328587 
-0.0679607 0.218023 
-0.00915132 0.219666 
0.133571 0.0889513 
0.0578106 0.0963407 
0.058165 0.221548 
0.135978 0.223723 
