0.257778 -0.0338621 
0.275677 0.346684 
-0.247035 -0.173869 
-0.282131 0.436646 
-0.509907 -0.0288107 
-0.549806 0.336208 
-0.0825878 0.0329753 
-0.0884973 0.301201 
0.0620742 0.506457 
-0.477048 0.656557 
0.026861 0.0114829 
-0.031221 0.0228884 
-0.0337589 0.239289 
0.026855 0.242156 
0.172967 0.112899 
0.0946788 0.118951 
0.0963711 0.245444 
0.176906 0.249253 
0.216872 -0.0605634 
0.23148 0.314853 
-0.305336 -0.214158 
-0.347334 0.383161 
-0.543696 -0.0545173 
-0.585777 0.305779 
-0.109914 0.0135931 
-0.117256 0.279269 
0.0259541 0.478289 
-0.525629 0.612795 
-0.00467728 -0.0102879 
-0.0605058 0.00238106 
-0.0642978 0.216612 
-0.00614298 0.217919 
0.134732 0.0865015 
0.0596831 0.0943924 
0.0604949 0.219417 
0.137618 0.221151 
