0.257239 -0.0264971 
0.271034 0.353526 
-0.230673 -0.174198 
-0.27035 0.447469 
-0.521695 -0.0348288 
-0.56671 0.338072 
-0.0928155 0.0333321 
-0.101933 0.303366 
0.051034 0.511145 
-0.486384 0.668006 
0.0204277 0.0139772 
-0.0395871 0.0242346 
-0.0446399 0.241844 
0.0178141 0.245626 
0.169102 0.118494 
0.088898 0.123142 
0.0891946 0.249949 
0.171563 0.254937 
0.216931 -0.0539035 
0.22757 0.321487 
-0.290357 -0.216615 
-0.337199 0.392642 
-0.556586 -0.061751 
-0.603911 0.30668 
-0.120212 0.0133707 
-0.130751 0.281062 
0.0151402 0.482852 
-0.536515 0.623405 
-0.0110153 -0.00841859 
-0.0688699 0.00312585 
-0.0751612 0.218746 
-0.0150619 0.220976 
0.131279 0.091562 
0.0541401 0.0980515 
0.0535786 0.223523 
0.132721 0.226459 
