0.257042 -0.0256393 
0.269436 0.353963 
-0.224779 -0.176388 
-0.26586 0.448428 
-0.525382 -0.0384272 
-0.572016 0.336947 
-0.0961354 0.03214 
-0.106304 0.302659 
0.0474245 0.510971 
-0.48896 0.66948 
0.0183553 0.0134095 
-0.0422923 0.0233313 
-0.0481727 0.241249 
0.0148783 0.245274 
0.167833 0.118777 
0.0870234 0.12303 
0.0868543 0.249869 
0.169795 0.255164 
0.216953 -0.0532615 
0.226243 0.321888 
-0.28489 -0.2195 
-0.333204 0.393231 
-0.56065 -0.0657562 
-0.609635 0.305252 
-0.12355 0.0119918 
-0.135134 0.280247 
0.0116236 0.482666 
-0.539597 0.62466 
-0.0130466 -0.00918484 
-0.0715677 0.00203 
-0.0786792 0.218026 
-0.017945 0.220504 
0.130165 0.0916855 
0.0523591 0.0977784 
0.051341 0.22333 
0.131122 0.226586 
