0.25651 -0.0279676 
0.26464 0.349639 
-0.20564 -0.18955 
-0.250519 0.442877 
-0.535556 -0.0542335 
-0.586721 0.32806 
-0.105718 0.0245294 
-0.118949 0.296153 
0.0369746 0.505131 
-0.494792 0.666447 
0.0124642 0.00740148 
-0.0500478 0.0164612 
-0.0583547 0.235016 
0.00643881 0.239582 
0.164204 0.114764 
0.0816786 0.118056 
0.0801245 0.244775 
0.164668 0.250733 
0.21714 -0.0561852 
0.222341 0.317545 
-0.266911 -0.234705 
-0.31917 0.386797 
-0.571982 -0.0827929 
-0.625619 0.295507 
-0.133178 0.00383714 
-0.1478 0.273451 
0.00150205 0.476865 
-0.546903 0.62115 
-0.0187874 -0.0157622 
-0.0792822 -0.00539716 
-0.0887921 0.211455 
-0.0261918 0.214497 
0.127054 0.0872498 
0.0473354 0.0923657 
0.0449646 0.217954 
0.12656 0.221919 
