0.256381 -0.0303564 
0.263079 0.346356 
-0.19875 -0.196144 
-0.244753 0.438212 
-0.53862 -0.0611839 
-0.591175 0.323252 
-0.108763 0.0206582 
-0.122979 0.292537 
0.0336557 0.501441 
-0.49605 0.66294 
0.010634 0.00397712 
-0.0524887 0.012796 
-0.0615805 0.231472 
0.00377864 0.236158 
0.163084 0.111828 
0.0800184 0.114871 
0.0780097 0.241481 
0.163051 0.247578 
0.217268 -0.0587575 
0.221102 0.314281 
-0.260366 -0.241972 
-0.313774 0.381905 
-0.575442 -0.0901594 
-0.630506 0.290428 
-0.136234 -0.000211269 
-0.151831 0.269751 
-0.00169207 0.47321 
-0.548636 0.617538 
-0.0205592 -0.0193691 
-0.0817037 -0.00924248 
-0.0919871 0.20781 
-0.0287771 0.210982 
0.126123 0.0841885 
0.0457949 0.089047 
0.0429818 0.214582 
0.12515 0.218705 
