0.25629 -0.0335233 
0.261557 0.342192 
-0.191595 -0.203818 
-0.238651 0.432178 
-0.54151 -0.0689637 
-0.595387 0.317538 
-0.111724 0.0161379 
-0.126902 0.288222 
0.0304367 0.496914 
-0.496945 0.658212 
0.00888188 -0.000137054 
-0.0548468 0.00846274 
-0.064709 0.22722 
0.00120884 0.231998 
0.162023 0.108121 
0.0784321 0.110948 
0.075974 0.237418 
0.161496 0.243617 
0.217444 -0.062102 
0.219912 0.310147 
-0.253534 -0.25032 
-0.308009 0.375674 
-0.578732 -0.0983598 
-0.635156 0.284449 
-0.139205 -0.00490742 
-0.155753 0.265356 
-0.00477942 0.468729 
-0.549997 0.612731 
-0.0222491 -0.0236632 
-0.08404 -0.013754 
-0.0950814 0.203462 
-0.0312672 0.206736 
0.125259 0.080363 
0.0443341 0.0849954 
0.0410845 0.210449 
0.12381 0.214693 
