0.256468 -0.053347 
0.256061 0.317561 
-0.160303 -0.244568 
-0.210883 0.395522 
-0.551273 -0.107932 
-0.609728 0.286233 
-0.12263 -0.0079963 
-0.141414 0.264505 
0.0187303 0.471186 
-0.496788 0.628033 
0.00275946 -0.0229964 
-0.0633554 -0.0150872 
-0.0761305 0.20367 
-0.00803592 0.20858 
0.158519 0.086224 
0.072958 0.088461 
0.068767 0.214117 
0.156063 0.220411 
0.218755 -0.0825958 
0.215831 0.285716 
-0.223313 -0.293802 
-0.281252 0.338439 
-0.590159 -0.139082 
-0.651292 0.252117 
-0.150143 -0.0297433 
-0.170243 0.241355 
-0.0159008 0.443259 
-0.551611 0.582428 
-0.0280926 -0.0472295 
-0.0924426 -0.03801 
-0.10634 0.179561 
-0.0401532 0.183017 
0.122603 0.0580337 
0.0394101 0.0620285 
0.0344848 0.186914 
0.119304 0.191342 
