0.256328 -0.0473948 
0.257327 0.324815 
-0.168527 -0.232973 
-0.218324 0.406412 
-0.549102 -0.097073 
-0.606522 0.295246 
-0.12005 -0.00110985 
-0.137972 0.271336 
0.021467 0.47867 
-0.497391 0.637144 
0.00414872 -0.0163831 
-0.0613741 -0.00832547 
-0.0734483 0.21047 
-0.00589056 0.215377 
0.159271 0.092681 
0.0741848 0.0950299 
0.070416 0.22092 
0.157289 0.227231 
0.218323 -0.0764799 
0.216732 0.292911 
-0.231302 -0.281513 
-0.28849 0.349449 
-0.587561 -0.127771 
-0.647631 0.261385 
-0.147555 -0.0226805 
-0.166809 0.248253 
-0.0133179 0.450669 
-0.551785 0.591546 
-0.0267769 -0.04044 
-0.0904899 -0.0310715 
-0.103702 0.186445 
-0.0381026 0.189886 
0.123135 0.0645942 
0.0404932 0.0687139 
0.035975 0.19377 
0.120289 0.198192 
