0.256256 -0.0420783 
0.258671 0.331375 
-0.176484 -0.222279 
-0.225435 0.416209 
-0.546751 -0.0869354 
-0.603064 0.303499 
-0.117371 0.00522851 
-0.134404 0.277591 
0.0243346 0.485486 
-0.497619 0.645258 
0.00563457 -0.0103458 
-0.0592936 -0.00212492 
-0.0706481 0.216687 
-0.00363161 0.221573 
0.16011 0.0985116 
0.0755094 0.100994 
0.0721705 0.227101 
0.158607 0.233403 
0.217964 -0.070998 
0.217718 0.299417 
-0.239002 -0.270133 
-0.295366 0.35938 
-0.584793 -0.117192 
-0.643721 0.269893 
-0.144868 -0.0161668 
-0.163247 0.254577 
-0.0105995 0.457417 
-0.551575 0.599681 
-0.0253623 -0.0342266 
-0.0884368 -0.0246947 
-0.100944 0.192748 
-0.0359354 0.196155 
0.123758 0.0705306 
0.0416777 0.0747962 
0.0375749 0.200007 
0.121372 0.204398 
