0.256681 -0.0598868 
0.254881 0.309675 
-0.151817 -0.256994 
-0.203121 0.38364 
-0.55327 -0.11947 
-0.612683 0.276515 
-0.125109 -0.0153953 
-0.144727 0.257141 
0.0161289 0.46309 
-0.495815 0.618009 
0.00146913 -0.0301459 
-0.0652359 -0.0223725 
-0.0786921 0.19633 
-0.0100645 0.201226 
0.157859 0.0791896 
0.0718324 0.0813331 
0.0672276 0.20674 
0.154936 0.212997 
0.219267 -0.0892983 
0.215021 0.277892 
-0.215041 -0.306936 
-0.273658 0.326444 
-0.592589 -0.151084 
-0.654709 0.242143 
-0.15263 -0.0373202 
-0.173548 0.233925 
-0.0183443 0.435241 
-0.551056 0.572408 
-0.0293076 -0.0545564 
-0.0942937 -0.0454736 
-0.108856 0.172138 
-0.0420845 0.175594 
0.122168 0.0508972 
0.0384316 0.0547848 
0.033108 0.179486 
0.118422 0.183901 
