0.258981 -0.0994604 
0.250448 0.263162 
-0.105643 -0.328739 
-0.159845 0.31346 
-0.560898 -0.185533 
-0.62396 0.219684 
-0.136035 -0.0586185 
-0.159374 0.214045 
0.00522593 0.415677 
-0.485713 0.557657 
-0.00348868 -0.0723229 
-0.0731401 -0.0651214 
-0.0896884 0.153288 
-0.0184261 0.157982 
0.156022 0.0373141 
0.0677744 0.0391441 
0.0612371 0.16323 
0.15088 0.169134 
0.223107 -0.129706 
0.212496 0.231701 
-0.169643 -0.382508 
-0.230768 0.255704 
-0.602518 -0.219691 
-0.668397 0.183962 
-0.16361 -0.0814793 
-0.188159 0.190496 
-0.0284199 0.388237 
-0.542923 0.512149 
-0.0338768 -0.097658 
-0.102053 -0.0891558 
-0.119617 0.128671 
-0.049938 0.131999 
0.121498 0.00850007 
0.0351403 0.0120007 
0.0279658 0.135719 
0.115642 0.139907 
