0.259698 -0.108331 
0.249873 0.252952 
-0.095715 -0.344367 
-0.15039 0.298167 
-0.562026 -0.200003 
-0.625592 0.2072 
-0.137947 -0.0681855 
-0.161938 0.204548 
0.00346227 0.405284 
-0.48274 0.544307 
-0.00419365 -0.0816889 
-0.0744383 -0.0745971 
-0.09154 0.143793 
-0.019752 0.148442 
0.15595 0.0280214 
0.0672718 0.0297957 
0.0603769 0.15363 
0.15039 0.159458 
0.224137 -0.138752 
0.212308 0.22155 
-0.159816 -0.398977 
-0.221306 0.240278 
-0.604138 -0.234726 
-0.670537 0.171184 
-0.165539 -0.0912462 
-0.19072 0.180928 
-0.0300145 0.377924 
-0.540321 0.498818 
-0.0345046 -0.107221 
-0.103326 -0.0988306 
-0.121423 0.119086 
-0.0511613 0.122382 
0.121664 -0.000904101 
0.0347936 0.00252551 
0.0272785 0.126063 
0.115412 0.130199 
