0.260498 -0.117374 
0.249401 0.242612 
-0.0855774 -0.360191 
-0.140704 0.282765 
-0.56305 -0.21474 
-0.627047 0.194533 
-0.139779 -0.0779453 
-0.16439 0.19489 
0.00183076 0.394749 
-0.479486 0.530799 
-0.0048116 -0.0912401 
-0.0756522 -0.0842621 
-0.0932854 0.134137 
-0.0209704 0.138743 
0.155972 0.0185691 
0.0668657 0.0202825 
0.059623 0.143878 
0.150003 0.149635 
0.225253 -0.147976 
0.212224 0.211266 
-0.149762 -0.415672 
-0.211587 0.224731 
-0.605669 -0.250049 
-0.672509 0.158214 
-0.16739 -0.101211 
-0.193171 0.171196 
-0.0314771 0.367468 
-0.537434 0.485325 
-0.0350465 -0.116974 
-0.104516 -0.1087 
-0.123125 0.109335 
-0.0522779 0.112606 
0.121924 -0.0104716 
0.0345432 -0.00711823 
0.0266974 0.116252 
0.115285 0.120342 
