0.270659 -0.196842 
0.249052 0.154544 
0.013292 -0.494876 
-0.0458164 0.159603 
-0.570018 -0.347933 
-0.634675 0.0859824 
-0.15387 -0.166413 
-0.18264 0.10966 
-0.00794463 0.304026 
-0.440413 0.420123 
-0.00752172 -0.176903 
-0.0839177 -0.171427 
-0.105338 0.0489638 
-0.0281682 0.0537478 
0.159511 -0.0639734 
0.066562 -0.0634146 
0.0566354 0.0590051 
0.150265 0.0648095 
0.238222 -0.22925 
0.21529 0.123589 
-0.0509355 -0.559596 
-0.115353 0.0998137 
-0.617939 -0.389645 
-0.685362 0.0464476 
-0.181833 -0.191776 
-0.211555 0.0851922 
-0.0397959 0.277382 
-0.501457 0.374643 
-0.0371705 -0.204682 
-0.112705 -0.197943 
-0.1349 0.0231857 
-0.0586441 0.0267773 
0.127568 -0.094202 
0.0355803 -0.0921527 
0.0252058 0.0307265 
0.117843 0.0350897 
