0.269351 -0.18882 
0.248826 0.163205 
0.00176144 -0.481746 
-0.0568562 0.170609 
-0.569282 -0.333898 
-0.634151 0.0966199 
-0.152423 -0.157075 
-0.180859 0.118389 
-0.00720555 0.313081 
-0.44544 0.430282 
-0.0073843 -0.167991 
-0.0831435 -0.162289 
-0.104232 0.0576768 
-0.0276141 0.0623754 
0.158906 -0.0556594 
0.0663851 -0.0548995 
0.056717 0.0675471 
0.149988 0.0732669 
0.236606 -0.221016 
0.214694 0.13221 
-0.0625277 -0.545325 
-0.126633 0.11103 
-0.616537 -0.374795 
-0.6842 0.0574796 
-0.180328 -0.182184 
-0.209743 0.0940141 
-0.0392102 0.286369 
-0.506155 0.384801 
-0.0370871 -0.195525 
-0.111925 -0.188555 
-0.133812 0.0320156 
-0.0581723 0.0355047 
0.126736 -0.0857472 
0.0352623 -0.0834787 
0.025129 0.0393473 
0.117318 0.0435998 
