0.274644 -0.218695 
0.249929 0.131238 
0.0484396 -0.529521 
-0.0122953 0.132572 
-0.572417 -0.387409 
-0.635993 0.0578037 
-0.158221 -0.192773 
-0.187794 0.0855276 
-0.00982527 0.279374 
-0.42458 0.394645 
-0.00787569 -0.201777 
-0.0862093 -0.197086 
-0.108484 0.024901 
-0.0296451 0.0300513 
0.161447 -0.0866468 
0.0672194 -0.0868125 
0.0565788 0.0356839 
0.151276 0.04187 
0.243124 -0.251735 
0.217261 0.100416 
-0.015482 -0.597767 
-0.0809626 0.0722206 
-0.62247 -0.431715 
-0.688688 0.0170638 
-0.186388 -0.218918 
-0.216826 0.0607839 
-0.0412309 0.252952 
-0.486575 0.349237 
-0.0373808 -0.230303 
-0.11504 -0.224369 
-0.138015 -0.00122643 
-0.0598906 0.00278606 
0.130178 -0.117292 
0.0366482 -0.116026 
0.0256111 0.00717746 
0.119587 0.0120041 
