0.279764 -0.241804 
0.25125 0.107076 
0.0962201 -0.562484 
0.0328988 0.11196 
-0.576215 -0.432145 
-0.637237 0.0306114 
-0.164268 -0.223122 
-0.194423 0.0590075 
-0.0117819 0.253102 
-0.401878 0.373776 
-0.00846249 -0.229677 
-0.0894281 -0.226271 
-0.112502 -0.00147848 
-0.0314159 0.00439226 
0.164021 -0.110756 
0.0681284 -0.112143 
0.0566869 0.010771 
0.152758 0.0177267 
0.249453 -0.275634 
0.220008 0.0765131 
0.0330528 -0.635494 
-0.0342195 0.0512223 
-0.629432 -0.480198 
-0.692822 -0.011694 
-0.192778 -0.250328 
-0.223669 0.0339338 
-0.0426226 0.227044 
-0.465023 0.32875 
-0.0378157 -0.259196 
-0.118372 -0.254586 
-0.142037 -0.0280346 
-0.0613896 -0.0232182 
0.13363 -0.1419 
0.0380782 -0.141949 
0.0263084 -0.0179808 
0.122023 -0.0122646 
