0.277261 -0.231161 
0.250593 0.11814 
0.0722315 -0.548043 
0.0102659 0.119993 
-0.574227 -0.411039 
-0.636691 0.0426105 
-0.161193 -0.208697 
-0.191128 0.0714059 
-0.0108645 0.265259 
-0.41345 0.382264 
-0.008133 -0.216539 
-0.0877775 -0.212458 
-0.110503 0.0108434 
-0.0305409 0.0163243 
0.162759 -0.0996232 
0.0676903 -0.100367 
0.0566268 0.0222992 
0.15202 0.0288379 
0.246346 -0.264608 
0.218642 0.087432 
0.0086311 -0.618681 
-0.0576873 0.0593774 
-0.625816 -0.457183 
-0.690803 0.00107267 
-0.189521 -0.235372 
-0.22026 0.0464888 
-0.041984 0.239006 
-0.476041 0.336993 
-0.0375569 -0.245565 
-0.116657 -0.240259 
-0.140029 -0.0155068 
-0.060646 -0.0111237 
0.131931 -0.130529 
0.0373829 -0.129887 
0.0259569 -0.00634187 
0.120812 -0.00110445 
