0.27853 -0.236713 
0.250926 0.112354 
0.0842059 -0.555789 
0.0215781 0.115408 
-0.575199 -0.421923 
-0.636985 0.0362002 
-0.162715 -0.216103 
-0.192779 0.0649868 
-0.0113363 0.258935 
-0.407719 0.37753 
-0.00828626 -0.223317 
-0.0885903 -0.219566 
-0.111503 0.00446126 
-0.0309789 0.0101304 
0.163399 -0.105423 
0.0679161 -0.106481 
0.0566578 0.0163004 
0.152393 0.0230405 
0.247918 -0.270356 
0.219331 0.0817141 
0.020807 -0.627618 
-0.0459735 0.0547103 
-0.627591 -0.469014 
-0.691827 -0.00572672 
-0.191132 -0.243044 
-0.221966 0.0399889 
-0.0423156 0.232776 
-0.470594 0.332366 
-0.0376736 -0.25259 
-0.1175 -0.247625 
-0.141032 -0.0219945 
-0.0610173 -0.0174018 
0.132791 -0.136451 
0.037738 -0.136147 
0.0261344 -0.0123996 
0.121422 -0.00693029 
