0.283178 -0.254333 
0.252116 0.0941757 
0.132415 -0.576148 
0.0668314 0.108231 
-0.579464 -0.458633 
-0.63766 0.0188592 
-0.169128 -0.241809 
-0.199327 0.0437087 
-0.0129892 0.238474 
-0.383656 0.36826 
-0.00916472 -0.246238 
-0.09212 -0.243941 
-0.115517 -0.0166483 
-0.0327503 -0.0101117 
0.165723 -0.123997 
0.0686435 -0.126437 
0.0567253 -0.00304535 
0.15376 0.00461805 
0.253771 -0.28867 
0.221924 0.0639076 
0.0701451 -0.652563 
0.00121788 0.0476652 
-0.635292 -0.509642 
-0.695543 -0.0244873 
-0.197947 -0.269796 
-0.228772 0.0184466 
-0.0434213 0.212774 
-0.44752 0.323863 
-0.0384279 -0.276461 
-0.121185 -0.273003 
-0.145084 -0.0434652 
-0.06254 -0.0379107 
0.135983 -0.155432 
0.0389706 -0.156617 
0.0267751 -0.0319005 
0.123729 -0.0253764 
