0.285163 -0.260536 
0.252566 0.0878064 
0.156593 -0.580001 
0.0893635 0.110805 
-0.58171 -0.472741 
-0.637556 0.0151346 
-0.172545 -0.252326 
-0.202575 0.0356235 
-0.0136998 0.23094 
-0.370873 0.369042 
-0.00979888 -0.255245 
-0.0940775 -0.253734 
-0.117548 -0.0246473 
-0.0336736 -0.017638 
0.166686 -0.130665 
0.0688593 -0.133836 
0.0566878 -0.0100865 
0.154319 -0.00192744 
0.256359 -0.295153 
0.223066 0.0577948 
0.0951122 -0.658508 
0.0249376 0.0506411 
-0.639382 -0.52575 
-0.697015 -0.0287965 
-0.201591 -0.280813 
-0.232166 0.010276 
-0.0438625 0.20553 
-0.435117 0.325274 
-0.0390098 -0.285904 
-0.123237 -0.283267 
-0.147147 -0.0515963 
-0.0633461 -0.0455157 
0.137378 -0.162239 
0.0394353 -0.164218 
0.0270204 -0.0389587 
0.124755 -0.031867 
