0.286057 -0.263063 
0.252746 0.0851984 
0.168676 -0.580446 
0.100588 0.113407 
-0.582821 -0.47875 
-0.637349 0.014438 
-0.174306 -0.257038 
-0.204189 0.0321645 
-0.0140265 0.227761 
-0.364269 0.370616 
-0.0101678 -0.259186 
-0.095105 -0.258074 
-0.118568 -0.0280664 
-0.0341454 -0.0208193 
0.16711 -0.13342 
0.0689256 -0.136958 
0.0566479 -0.0130253 
0.154562 -0.0046201 
0.257556 -0.2978 
0.223591 0.0553346 
0.107653 -0.659926 
0.0368145 0.0535401 
-0.641443 -0.532761 
-0.697603 -0.0297442 
-0.20347 -0.285766 
-0.233856 0.00678828 
-0.0440547 0.202513 
-0.428669 0.327233 
-0.0393541 -0.29005 
-0.124316 -0.287832 
-0.148185 -0.0550669 
-0.06376 -0.0487204 
0.138018 -0.165046 
0.039626 -0.167424 
0.0271218 -0.0418885 
0.125231 -0.0345134 
