0.288327 -0.268759 
0.253107 0.079189 
0.204835 -0.576583 
0.13406 0.125368 
-0.585926 -0.492913 
-0.635916 0.016504 
-0.179765 -0.269245 
-0.208955 0.0238021 
-0.0148729 0.220145 
-0.343521 0.379197 
-0.0114692 -0.269071 
-0.0983622 -0.269161 
-0.121618 -0.0363383 
-0.0355809 -0.028404 
0.16815 -0.139786 
0.0689668 -0.144392 
0.0564561 -0.0199165 
0.155143 -0.0108157 
0.260736 -0.303771 
0.22498 0.0498464 
0.145459 -0.658637 
0.072487 0.0667776 
-0.647494 -0.549902 
-0.698564 -0.0282401 
-0.209305 -0.298659 
-0.238861 -0.00160015 
-0.0444942 0.195448 
-0.408214 0.337255 
-0.0405843 -0.300494 
-0.127735 -0.299546 
-0.151294 -0.0634305 
-0.0650216 -0.0563071 
0.139711 -0.171486 
0.0400431 -0.175039 
0.0273569 -0.0486795 
0.126514 -0.0404922 
