0.288947 -0.270171 
0.253173 0.0776333 
0.216845 -0.573837 
0.145147 0.130375 
-0.58683 -0.496483 
-0.635114 0.0183893 
-0.181634 -0.272769 
-0.210507 0.0215755 
-0.0151016 0.218108 
-0.336265 0.383056 
-0.0119604 -0.271832 
-0.0994967 -0.272316 
-0.122622 -0.0385497 
-0.0360572 -0.0304038 
0.168424 -0.141411 
0.0689344 -0.146353 
0.0563755 -0.0217057 
0.155294 -0.0123972 
0.261661 -0.305246 
0.225388 0.0484892 
0.158113 -0.65662 
0.0843884 0.0723373 
-0.649406 -0.554449 
-0.698557 -0.0264733 
-0.211304 -0.302396 
-0.240494 -0.00381497 
-0.0445855 0.193617 
-0.400994 0.341687 
-0.0410517 -0.303422 
-0.128926 -0.302893 
-0.152317 -0.0656513 
-0.0654387 -0.0582847 
0.140204 -0.173111 
0.0401378 -0.177037 
0.0274204 -0.050411 
0.1269 -0.0419759 
