0.289993 -0.272554 
0.253241 0.0748843 
0.240784 -0.566763 
0.167215 0.141201 
-0.58834 -0.502229 
-0.632933 0.0235395 
-0.185421 -0.279209 
-0.213531 0.0177329 
-0.0154593 0.214513 
-0.321203 0.391692 
-0.0130099 -0.276795 
-0.101817 -0.278039 
-0.124585 -0.0423952 
-0.0369856 -0.0338672 
0.168879 -0.1442 
0.0688183 -0.149766 
0.0562082 -0.0247945 
0.15555 -0.0151234 
0.263319 -0.307713 
0.226137 0.0461698 
0.183488 -0.650806 
0.108207 0.0844378 
-0.652959 -0.562119 
-0.697941 -0.0214533 
-0.215357 -0.309241 
-0.243681 -0.0076044 
-0.0446642 0.190463 
-0.3859 0.3516 
-0.0420519 -0.308688 
-0.131361 -0.308973 
-0.154318 -0.0694843 
-0.0662456 -0.061671 
0.141101 -0.175859 
0.0402795 -0.180487 
0.027545 -0.0533503 
0.127629 -0.0444713 
