0.289501 -0.271419 
0.253217 0.0762162 
0.228829 -0.570526 
0.156198 0.135695 
-0.58764 -0.499566 
-0.634125 0.0207601 
-0.183521 -0.276077 
-0.212034 0.0195663 
-0.0152983 0.216247 
-0.328828 0.387255 
-0.0124752 -0.274393 
-0.10065 -0.275261 
-0.123612 -0.0405543 
-0.0365267 -0.0322096 
0.168666 -0.142866 
0.0688838 -0.148129 
0.0562916 -0.0233157 
0.155429 -0.0138162 
0.262521 -0.306543 
0.225772 0.0472818 
0.170789 -0.653973 
0.096295 0.0782675 
-0.651234 -0.5585 
-0.698354 -0.0241854 
-0.213323 -0.305911 
-0.242102 -0.00580242 
-0.0446434 0.191972 
-0.393558 0.346504 
-0.0415422 -0.306139 
-0.130136 -0.306021 
-0.153326 -0.0676546 
-0.0658481 -0.0600573 
0.140666 -0.174551 
0.0402153 -0.178837 
0.0274818 -0.0519517 
0.127271 -0.0432852 
