0.291129 -0.275822 
0.253248 0.0708588 
0.276482 -0.553996 
0.200087 0.157557 
-0.58961 -0.50845 
-0.62801 0.0334882 
-0.19116 -0.287969 
-0.217806 0.0128494 
-0.0156923 0.209592 
-0.297155 0.405386 
-0.0146942 -0.283525 
-0.105366 -0.285809 
-0.127361 -0.0473932 
-0.0382591 -0.038428 
0.169384 -0.147994 
0.0685725 -0.154342 
0.0559998 -0.0289439 
0.155877 -0.0188946 
0.265379 -0.311017 
0.227159 0.042852 
0.221709 -0.639445 
0.143993 0.10305 
-0.657336 -0.571141 
-0.695286 -0.0114439 
-0.221507 -0.318557 
-0.248197 -0.0123414 
-0.0444659 0.186259 
-0.361529 0.367482 
-0.0436548 -0.315803 
-0.135081 -0.317218 
-0.157144 -0.0743948 
-0.0673256 -0.0660446 
0.142279 -0.179513 
0.0404321 -0.185042 
0.0277859 -0.0572022 
0.128672 -0.0478231 
