0.292166 -0.28404 
0.253318 0.0609735 
0.335491 -0.5356 
0.254481 0.176988 
-0.588181 -0.518186 
-0.614797 0.0500629 
-0.200625 -0.30315 
-0.224017 0.00410125 
-0.0150621 0.199522 
-0.253074 0.423446 
-0.0175406 -0.29605 
-0.111205 -0.299682 
-0.131305 -0.0567477 
-0.0398255 -0.0475231 
0.170034 -0.156718 
0.0682304 -0.163846 
0.0560178 -0.0378584 
0.156544 -0.0277214 
0.267961 -0.319145 
0.228907 0.0342086 
0.285863 -0.622416 
0.203912 0.126667 
-0.661079 -0.585437 
-0.685524 0.00575781 
-0.231669 -0.334576 
-0.254792 -0.0207304 
-0.0430781 0.177453 
-0.316154 0.389577 
-0.0463352 -0.328852 
-0.141193 -0.331781 
-0.161141 -0.0834874 
-0.0685304 -0.0747125 
0.144074 -0.187876 
0.0407908 -0.194386 
0.0285892 -0.0655105 
0.130555 -0.0558493 
