0.292285 -0.286545 
0.25338 0.058115 
0.347239 -0.533492 
0.265335 0.178747 
-0.587284 -0.520883 
-0.61137 0.0525797 
-0.202479 -0.306672 
-0.225106 0.00188304 
-0.0147655 0.196854 
-0.243674 0.425534 
-0.0180886 -0.299171 
-0.112336 -0.303005 
-0.131972 -0.0591641 
-0.0400327 -0.0499657 
0.170168 -0.15925 
0.0682009 -0.166447 
0.0561029 -0.0403474 
0.156729 -0.0302798 
0.26839 -0.321627 
0.229301 0.0315911 
0.298769 -0.620503 
0.215955 0.129248 
-0.661202 -0.58906 
-0.682728 0.00844409 
-0.233664 -0.338262 
-0.255954 -0.0228709 
-0.0426242 0.175033 
-0.306386 0.392476 
-0.0468448 -0.332072 
-0.142376 -0.335238 
-0.161813 -0.0858461 
-0.0686589 -0.0770657 
0.144441 -0.190332 
0.040907 -0.196951 
0.0288368 -0.0678761 
0.130985 -0.058248 
