0.292383 -0.289436 
0.253466 0.0548793 
0.358975 -0.53217 
0.276189 0.179601 
-0.586172 -0.524046 
-0.607686 0.0546409 
-0.204318 -0.310449 
-0.226145 -0.000576372 
-0.014411 0.19389 
-0.234091 0.426942 
-0.0186255 -0.302593 
-0.113452 -0.306605 
-0.132596 -0.0618503 
-0.040202 -0.0527045 
0.17031 -0.162136 
0.0681888 -0.169375 
0.056219 -0.0431602 
0.156936 -0.0331905 
0.268798 -0.324496 
0.229718 0.0285897 
0.311702 -0.619371 
0.22802 0.130901 
-0.661104 -0.593168 
-0.679654 0.0106782 
-0.235643 -0.342208 
-0.257064 -0.025254 
-0.0421106 0.172313 
-0.296399 0.394683 
-0.0473416 -0.335596 
-0.143542 -0.338974 
-0.162441 -0.0884766 
-0.0687475 -0.0797177 
0.144817 -0.193146 
0.0410425 -0.199844 
0.029117 -0.0705688 
0.131438 -0.0610034 
