0.292624 -0.310629 
0.254278 0.0323051 
0.417479 -0.540208 
0.330506 0.168613 
-0.57747 -0.549715 
-0.585649 0.0559003 
-0.213324 -0.334247 
-0.230661 -0.0173922 
-0.0118306 0.173894 
-0.183716 0.422187 
-0.0211604 -0.325277 
-0.118832 -0.329836 
-0.135144 -0.0802551 
-0.040522 -0.0717457 
0.171157 -0.182816 
0.0683834 -0.189864 
0.0572448 -0.0629535 
0.158316 -0.0538642 
0.270578 -0.34569 
0.232165 0.00702589 
0.376712 -0.628622 
0.288671 0.123276 
-0.657353 -0.624055 
-0.660352 0.0126592 
-0.245355 -0.366939 
-0.261917 -0.0417613 
-0.0387128 0.153411 
-0.243535 0.393521 
-0.0496514 -0.358879 
-0.149161 -0.362977 
-0.164979 -0.106686 
-0.0686365 -0.0984188 
0.146841 -0.213573 
0.0419983 -0.220261 
0.0309852 -0.0898706 
0.134056 -0.0810265 
