0.292576 -0.300721 
0.253877 0.0426711 
0.394116 -0.533801 
0.30877 0.176195 
-0.581565 -0.537184 
-0.595152 0.057421 
-0.20975 -0.323644 
-0.228977 -0.00968063 
-0.0130137 0.182986 
-0.204321 0.426585 
-0.0201708 -0.314993 
-0.116712 -0.319399 
-0.134229 -0.0718152 
-0.0404909 -0.0629804 
0.170793 -0.173216 
0.0682594 -0.180415 
0.0567516 -0.0538154 
0.157698 -0.0443012 
0.269916 -0.335753 
0.231115 0.017026 
0.35065 -0.621641 
0.264353 0.129665 
-0.659492 -0.609309 
-0.668823 0.0139417 
-0.241498 -0.355937 
-0.260102 -0.0341527 
-0.0402267 0.162096 
-0.265225 0.396582 
-0.0487564 -0.34833 
-0.146949 -0.352206 
-0.164073 -0.0983013 
-0.0687829 -0.0897643 
0.146005 -0.204045 
0.0415656 -0.210814 
0.0301511 -0.080901 
0.132942 -0.0716921 
