0.292543 -0.329202 
0.255024 0.0133824 
0.452347 -0.558468 
0.363083 0.149151 
-0.569921 -0.575259 
-0.56989 0.0478736 
-0.218686 -0.353144 
-0.232973 -0.0316151 
-0.00976287 0.15745 
-0.151877 0.409113 
-0.022646 -0.343963 
-0.121998 -0.348616 
-0.136336 -0.0958003 
-0.0404009 -0.0879286 
0.171714 -0.200672 
0.0686254 -0.207343 
0.0581264 -0.0798442 
0.159352 -0.0715383 
0.271408 -0.364406 
0.233871 -0.0114668 
0.415831 -0.648118 
0.325211 0.105128 
-0.652674 -0.65339 
-0.645996 0.00476061 
-0.251146 -0.386528 
-0.264422 -0.0559058 
-0.0361416 0.137479 
-0.209871 0.382119 
-0.0509853 -0.378055 
-0.15246 -0.38235 
-0.16615 -0.122231 
-0.0682384 -0.114525 
0.14811 -0.231421 
0.0427117 -0.23783 
0.0323853 -0.106605 
0.135835 -0.0984627 
