0.292621 -0.316328 
0.254511 0.0264404 
0.429132 -0.54513 
0.341374 0.163192 
-0.575133 -0.55729 
-0.580585 0.0540111 
-0.215106 -0.340141 
-0.231454 -0.0217771 
-0.0111753 0.168783 
-0.173216 0.41869 
-0.0216513 -0.331067 
-0.119885 -0.335675 
-0.13556 -0.0850505 
-0.0404994 -0.0767354 
0.171345 -0.188309 
0.0684608 -0.19525 
0.0575242 -0.0681611 
0.158651 -0.0593154 
0.270879 -0.351422 
0.23272 0.00132133 
0.389757 -0.633899 
0.300849 0.11836 
-0.655982 -0.632824 
-0.655775 0.0108481 
-0.24728 -0.37305 
-0.262776 -0.0461088 
-0.0378905 0.148484 
-0.232451 0.390629 
-0.050093 -0.364819 
-0.150259 -0.369 
-0.16539 -0.111469 
-0.0685228 -0.10337 
0.147266 -0.219049 
0.0422318 -0.225663 
0.0314365 -0.0950121 
0.134638 -0.0863834 
