0.292459 -0.336352 
0.255293 0.00621947 
0.463888 -0.566861 
0.373912 0.140589 
-0.567061 -0.5857 
-0.564282 0.0436138 
-0.220493 -0.360248 
-0.23371 -0.0370568 
-0.00901748 0.151253 
-0.141061 0.403067 
-0.0231598 -0.351055 
-0.123069 -0.35571 
-0.136707 -0.101742 
-0.0403361 -0.0941154 
0.171886 -0.207519 
0.0687026 -0.214032 
0.0584387 -0.0862991 
0.159709 -0.0782853 
0.271626 -0.371635 
0.234456 -0.0185209 
0.428837 -0.657044 
0.337378 0.0968644 
-0.650754 -0.665248 
-0.640819 0.000464452 
-0.253098 -0.393893 
-0.265222 -0.0613457 
-0.0352269 0.131423 
-0.198398 0.376529 
-0.0514462 -0.385339 
-0.153574 -0.389671 
-0.166511 -0.128198 
-0.0680788 -0.120713 
0.148518 -0.238295 
0.0429478 -0.244577 
0.032872 -0.113037 
0.136439 -0.105162 
