0.292338 -0.343949 
0.255563 -0.00133662 
0.47537 -0.576361 
0.38471 0.131054 
-0.564043 -0.597122 
-0.558515 0.0385688 
-0.222319 -0.367741 
-0.23444 -0.0428305 
-0.00825446 0.144725 
-0.130162 0.396221 
-0.0236919 -0.358559 
-0.124156 -0.363203 
-0.137074 -0.108042 
-0.0402687 -0.100675 
0.172042 -0.214783 
0.0687685 -0.221126 
0.0587505 -0.0931398 
0.160061 -0.08543 
0.271805 -0.379328 
0.23504 -0.0259861 
0.441804 -0.667145 
0.349523 0.0875581 
-0.648666 -0.678174 
-0.635465 -0.00466257 
-0.255068 -0.401662 
-0.266014 -0.0671309 
-0.0342941 0.125021 
-0.18682 0.370086 
-0.0519244 -0.393051 
-0.154704 -0.397408 
-0.166868 -0.13454 
-0.0679156 -0.12729 
0.14891 -0.245604 
0.0431735 -0.251747 
0.0333588 -0.119871 
0.137038 -0.112275 
