0.291956 -0.360366 
0.256076 -0.0175091 
0.498088 -0.598474 
0.406172 0.109297 
-0.557561 -0.622867 
-0.546545 0.0262089 
-0.226048 -0.383815 
-0.235903 -0.055294 
-0.0067026 0.130777 
-0.108162 0.38029 
-0.0248355 -0.374706 
-0.126402 -0.379304 
-0.137821 -0.121636 
-0.040152 -0.11482 
0.172276 -0.230458 
0.0688408 -0.236432 
0.0593462 -0.107877 
0.160725 -0.100802 
0.272018 -0.395984 
0.236176 -0.0420301 
0.467545 -0.690656 
0.373695 0.0660464 
-0.644014 -0.707209 
-0.624266 -0.0173341 
-0.259089 -0.418341 
-0.267601 -0.0796588 
-0.032401 0.111279 
-0.163397 0.354799 
-0.052957 -0.409664 
-0.157034 -0.414045 
-0.167592 -0.148259 
-0.0676039 -0.141515 
0.149618 -0.261416 
0.0435675 -0.26725 
0.0343064 -0.134641 
0.138195 -0.127634 
