0.29168 -0.36911 
0.256304 -0.0260539 
0.509286 -0.610943 
0.416808 0.0972114 
-0.554109 -0.637135 
-0.540359 0.0189612 
-0.227962 -0.392342 
-0.236648 -0.061931 
-0.00592756 0.123417 
-0.097083 0.371307 
-0.0254594 -0.383289 
-0.127573 -0.387854 
-0.138214 -0.128873 
-0.0401156 -0.122346 
0.172341 -0.238798 
0.0688335 -0.244577 
0.0596163 -0.115709 
0.161023 -0.108961 
0.272036 -0.404872 
0.236712 -0.0505366 
0.480278 -0.703921 
0.385692 0.0539814 
-0.641459 -0.72327 
-0.618437 -0.024815 
-0.261149 -0.427196 
-0.268408 -0.086349 
-0.0314546 0.104 
-0.151575 0.346056 
-0.0535238 -0.418503 
-0.158245 -0.422888 
-0.167971 -0.155581 
-0.0674684 -0.149103 
0.149918 -0.269849 
0.0437221 -0.275518 
0.0347533 -0.142514 
0.138738 -0.135812 
