0.290913 -0.387437 
0.256661 -0.0438475 
0.531248 -0.638246 
0.437808 0.0710327 
-0.546798 -0.668216 
-0.527617 0.00257048 
-0.231912 -0.410198 
-0.238192 -0.0758477 
-0.00441362 0.108112 
-0.0748244 0.351613 
-0.0268424 -0.401271 
-0.130036 -0.405763 
-0.139067 -0.144049 
-0.0401187 -0.138114 
0.172326 -0.256272 
0.0686971 -0.261653 
0.0600658 -0.132104 
0.16151 -0.126019 
0.271853 -0.42353 
0.237678 -0.0683022 
0.505345 -0.73299 
0.409424 0.0276531 
-0.635899 -0.758246 
-0.606349 -0.0418303 
-0.265393 -0.44576 
-0.270073 -0.100413 
-0.0295962 0.0888107 
-0.127767 0.326685 
-0.0547889 -0.437045 
-0.160788 -0.441431 
-0.168793 -0.17097 
-0.0672698 -0.165041 
0.150374 -0.287553 
0.0439117 -0.292883 
0.0355581 -0.159035 
0.139716 -0.152952 
