0.135351 -0.418426 
0.140782 -0.128278 
0.619787 -0.564909 
0.592436 -0.118874 
0.125153 -0.781148 
0.139308 -0.0462161 
-0.295362 -0.480608 
-0.26018 -0.0909178 
-0.023267 0.0519554 
0.409658 0.168588 
-0.0911806 -0.45113 
-0.186557 -0.4649 
-0.165974 -0.18039 
-0.0760763 -0.184009 
0.0717778 -0.306687 
-0.00142473 -0.310378 
0.00381169 -0.187225 
0.0752739 -0.190102 
0.13469 -0.450038 
0.14034 -0.14845 
0.645927 -0.622761 
0.615145 -0.149173 
0.122362 -0.90252 
0.138074 -0.0897745 
-0.317338 -0.526934 
-0.279059 -0.116329 
-0.029949 0.0363215 
0.425313 0.150369 
-0.101625 -0.490238 
-0.202064 -0.507324 
-0.179821 -0.208392 
-0.0854205 -0.21044 
0.0687444 -0.335263 
-0.00750345 -0.340788 
-0.00193323 -0.212252 
0.0724299 -0.213865 
