0.131016 -0.41931 
0.137559 -0.12997 
0.614219 -0.56723 
0.589418 -0.124588 
0.131794 -0.78755 
0.147323 -0.0548063 
-0.296939 -0.482986 
-0.26084 -0.0927524 
-0.0244742 0.0502508 
0.412416 0.160991 
-0.0936334 -0.452736 
-0.188503 -0.466852 
-0.167181 -0.18231 
-0.0777565 -0.185831 
0.0685263 -0.308102 
-0.0040569 -0.311958 
0.00157605 -0.188955 
0.0724336 -0.191745 
0.130484 -0.450951 
0.137275 -0.15025 
0.640245 -0.624835 
0.612212 -0.155109 
0.130424 -0.90917 
0.14744 -0.0992258 
-0.318624 -0.529609 
-0.279426 -0.118428 
-0.0309043 0.0344434 
0.42865 0.142213 
-0.103834 -0.49199 
-0.203737 -0.509487 
-0.180748 -0.210538 
-0.0868456 -0.212445 
0.0656707 -0.336771 
-0.00992075 -0.342494 
-0.0039461 -0.214129 
0.0697773 -0.215627 
