0.12667 -0.419806 
0.134307 -0.131319 
0.608515 -0.568975 
0.586257 -0.129811 
0.138219 -0.793178 
0.155148 -0.0629673 
-0.298461 -0.484986 
-0.261492 -0.0942941 
-0.0257128 0.0488528 
0.414986 0.15382 
-0.0960754 -0.453957 
-0.190421 -0.468422 
-0.168388 -0.183912 
-0.0794484 -0.187326 
0.0652582 -0.309154 
-0.00670015 -0.313179 
-0.000679357 -0.190348 
0.0695692 -0.193044 
0.126266 -0.451465 
0.13418 -0.151703 
0.634411 -0.626303 
0.609119 -0.160534 
0.138232 -0.914926 
0.15659 -0.108218 
-0.319846 -0.531889 
-0.279778 -0.120232 
-0.0318913 0.0328733 
0.431776 0.134498 
-0.10603 -0.493343 
-0.205374 -0.511252 
-0.18167 -0.21236 
-0.088281 -0.214116 
0.0625793 -0.337908 
-0.0123491 -0.343834 
-0.00597913 -0.215664 
0.0670992 -0.217039 
