0.11798 -0.419458 
0.12774 -0.132823 
0.596747 -0.570465 
0.579529 -0.138526 
0.150443 -0.801572 
0.170239 -0.0775465 
-0.301297 -0.487588 
-0.26273 -0.0962626 
-0.0282619 0.0471648 
0.419574 0.141063 
-0.100891 -0.455023 
-0.19413 -0.470173 
-0.170766 -0.185939 
-0.0828378 -0.189122 
0.0587014 -0.309984 
-0.0119894 -0.314347 
-0.00522216 -0.191931 
0.0637944 -0.194429 
0.117825 -0.451112 
0.12792 -0.153392 
0.622335 -0.627131 
0.602479 -0.169581 
0.153106 -0.923164 
0.174255 -0.124324 
-0.322046 -0.53498 
-0.280396 -0.122702 
-0.0339373 0.0308536 
0.43741 0.120718 
-0.110344 -0.494616 
-0.208504 -0.513331 
-0.183467 -0.214796 
-0.0911526 -0.216237 
0.0563734 -0.338873 
-0.0172075 -0.345201 
-0.0100774 -0.217503 
0.0616933 -0.218623 
