0.113651 -0.418532 
0.124437 -0.132899 
0.59071 -0.570093 
0.575979 -0.141903 
0.156259 -0.804103 
0.177515 -0.083751 
-0.302589 -0.488065 
-0.263299 -0.0965769 
-0.0295604 0.0469637 
0.421604 0.135621 
-0.103246 -0.454765 
-0.195901 -0.470243 
-0.171921 -0.186257 
-0.0845199 -0.189325 
0.0554283 -0.309676 
-0.0146193 -0.314202 
-0.00749504 -0.192029 
0.0608978 -0.19443 
0.11362 -0.450162 
0.124769 -0.153547 
0.616122 -0.626369 
0.59895 -0.173082 
0.160188 -0.925388 
0.182775 -0.131203 
-0.323002 -0.535659 
-0.280644 -0.12325 
-0.0349839 0.030497 
0.439929 0.114806 
-0.112443 -0.494429 
-0.209976 -0.513527 
-0.184325 -0.215299 
-0.0925728 -0.216584 
0.053275 -0.338611 
-0.0196208 -0.345131 
-0.0121275 -0.217711 
0.05898 -0.218708 
