0.100835 -0.412359 
0.114536 -0.130029 
0.572176 -0.563975 
0.564715 -0.147547 
0.172654 -0.803911 
0.198338 -0.0969121 
-0.305836 -0.485566 
-0.264709 -0.0942363 
-0.033476 0.0494043 
0.42673 0.123782 
-0.109989 -0.45031 
-0.200769 -0.466652 
-0.175151 -0.183874 
-0.0894234 -0.186651 
0.0457271 -0.305426 
-0.0223513 -0.310375 
-0.0142295 -0.189086 
0.0522596 -0.191239 
0.101176 -0.44381 
0.115316 -0.150846 
0.596996 -0.618829 
0.587669 -0.178901 
0.180135 -0.923284 
0.207161 -0.145925 
-0.325168 -0.533561 
-0.281041 -0.121505 
-0.0381393 0.0325339 
0.44639 0.101777 
-0.118392 -0.490032 
-0.213899 -0.510138 
-0.186631 -0.213357 
-0.0966749 -0.214237 
0.0440988 -0.334402 
-0.0266948 -0.341421 
-0.0181887 -0.215006 
0.0508902 -0.215682 
