0.0966498 -0.409088 
0.111261 -0.127953 
0.565918 -0.560172 
0.560799 -0.147817 
0.177809 -0.801041 
0.204971 -0.0992314 
-0.306681 -0.483283 
-0.265054 -0.0922205 
-0.0347674 0.0513419 
0.42815 0.1215 
-0.112101 -0.447489 
-0.202215 -0.464066 
-0.176125 -0.18184 
-0.0909856 -0.184549 
0.0425594 -0.30281 
-0.0248495 -0.307867 
-0.0164218 -0.186922 
0.0494219 -0.189017 
0.0971148 -0.440443 
0.112189 -0.1488 
0.590522 -0.614469 
0.583723 -0.17916 
0.186394 -0.919442 
0.214922 -0.148589 
-0.325626 -0.531335 
-0.281032 -0.119645 
-0.0391751 0.0343628 
0.448214 0.0991813 
-0.12023 -0.487174 
-0.215013 -0.507553 
-0.187285 -0.211426 
-0.097964 -0.212206 
0.0411075 -0.331762 
-0.0289699 -0.338911 
-0.0201539 -0.212886 
0.0482357 -0.213483 
