0.0925212 -0.405185 
0.10801 -0.125286 
0.559649 -0.555464 
0.556825 -0.14724 
0.182831 -0.796706 
0.211465 -0.100421 
-0.307394 -0.480223 
-0.265326 -0.0895301 
-0.0360422 0.0538853 
0.429444 0.120114 
-0.114132 -0.443961 
-0.203559 -0.46074 
-0.177036 -0.179137 
-0.0925004 -0.181799 
0.0394375 -0.299561 
-0.0272956 -0.304708 
-0.0185762 -0.184127 
0.0466169 -0.18618 
0.0931119 -0.436424 
0.109085 -0.146148 
0.584034 -0.609164 
0.57971 -0.178537 
0.192481 -0.913973 
0.222514 -0.150029 
-0.325939 -0.528292 
-0.28094 -0.117086 
-0.0401928 0.0368123 
0.449892 0.0975263 
-0.121983 -0.483579 
-0.216018 -0.504194 
-0.187871 -0.208802 
-0.0992023 -0.209505 
0.038163 -0.32847 
-0.0311909 -0.335727 
-0.0220797 -0.210116 
0.0456146 -0.210652 
