0.0884573 -0.400642 
0.104789 -0.122016 
0.55339 -0.549849 
0.552808 -0.145806 
0.187734 -0.790898 
0.217829 -0.100444 
-0.30797 -0.476367 
-0.26552 -0.0861399 
-0.0372952 0.0570534 
0.430624 0.11965 
-0.116076 -0.439712 
-0.204796 -0.456659 
-0.177878 -0.175745 
-0.0939619 -0.178383 
0.0363682 -0.295669 
-0.0296832 -0.300883 
-0.0206866 -0.180688 
0.0438509 -0.182717 
0.0891749 -0.431746 
0.106013 -0.142878 
0.57755 -0.602914 
0.575645 -0.177021 
0.198409 -0.906876 
0.229947 -0.150206 
-0.326103 -0.524411 
-0.280761 -0.113802 
-0.0411872 0.039902 
0.451438 0.0968396 
-0.123643 -0.479234 
-0.216908 -0.500045 
-0.188382 -0.205464 
-0.100384 -0.206116 
0.0352726 -0.324515 
-0.0333508 -0.331855 
-0.0239596 -0.206682 
0.0430333 -0.207178 
