0.0844649 -0.395458 
0.101605 -0.118135 
0.547158 -0.543336 
0.548762 -0.14351 
0.192531 -0.783626 
0.224074 -0.0992738 
-0.308406 -0.471704 
-0.265632 -0.082032 
-0.0385221 0.0608596 
0.431703 0.120126 
-0.117927 -0.434737 
-0.205921 -0.451815 
-0.178648 -0.171648 
-0.0953653 -0.17429 
0.0333578 -0.291128 
-0.0320064 -0.296385 
-0.0227477 -0.176594 
0.0411298 -0.17862 
0.085311 -0.426408 
0.102977 -0.138984 
0.571092 -0.595731 
0.571544 -0.174608 
0.204194 -0.898167 
0.237231 -0.149094 
-0.326114 -0.519682 
-0.280492 -0.109774 
-0.0421535 0.043646 
0.452866 0.0971389 
-0.125206 -0.474134 
-0.217679 -0.495099 
-0.188815 -0.201396 
-0.101504 -0.202027 
0.0324426 -0.319893 
-0.0354438 -0.327289 
-0.0257881 -0.202574 
0.0404981 -0.203052 
