0.0805503 -0.389637 
0.0984618 -0.113643 
0.540972 -0.535942 
0.544703 -0.140355 
0.197235 -0.774915 
0.230209 -0.0969002 
-0.3087 -0.466232 
-0.26566 -0.0771947 
-0.0397189 0.0653121 
0.432693 0.12155 
-0.119682 -0.429038 
-0.206932 -0.446207 
-0.179343 -0.166842 
-0.0967063 -0.169515 
0.0304117 -0.285939 
-0.0342603 -0.291215 
-0.0247547 -0.171842 
0.0384587 -0.173887 
0.0815268 -0.420416 
0.0999828 -0.134464 
0.564679 -0.587634 
0.567424 -0.171305 
0.209851 -0.887885 
0.244376 -0.146684 
-0.32597 -0.514103 
-0.280129 -0.104989 
-0.0430879 0.0480527 
0.454189 0.0984321 
-0.126667 -0.468281 
-0.218326 -0.489355 
-0.189166 -0.196593 
-0.102558 -0.197234 
0.0296787 -0.314603 
-0.0374647 -0.322027 
-0.0275603 -0.197789 
0.0380142 -0.198274 
