0.0657587 -0.360268 
0.0863804 -0.0897081 
0.516992 -0.498179 
0.52859 -0.119488 
0.215363 -0.726742 
0.25383 -0.0756003 
-0.308461 -0.436487 
-0.264922 -0.0505719 
-0.0441599 0.0895542 
0.436002 0.136585 
-0.125682 -0.39926 
-0.209802 -0.416393 
-0.181334 -0.140608 
-0.101403 -0.143716 
0.0193463 -0.258923 
-0.0425198 -0.264011 
-0.0321819 -0.146407 
0.0283458 -0.148761 
0.0672797 -0.390202 
0.0885086 -0.110281 
0.539816 -0.546809 
0.551033 -0.149547 
0.231451 -0.832344 
0.271765 -0.124359 
-0.32387 -0.483554 
-0.277746 -0.0783122 
-0.0464581 0.0722726 
0.458693 0.113378 
-0.131443 -0.43763 
-0.219672 -0.458687 
-0.189729 -0.170126 
-0.106069 -0.171153 
0.0193637 -0.287012 
-0.0447633 -0.29426 
-0.0340244 -0.172037 
0.028667 -0.172806 
