0.0622906 -0.351521 
0.0834942 -0.082313 
0.511255 -0.486905 
0.524651 -0.11235 
0.219773 -0.711744 
0.259546 -0.0674883 
-0.308065 -0.427216 
-0.264537 -0.042163 
-0.0451807 0.0971672 
0.436719 0.142571 
-0.126929 -0.390194 
-0.210234 -0.407221 
-0.18164 -0.13238 
-0.102409 -0.135676 
0.0167694 -0.250706 
-0.0443898 -0.255682 
-0.0338828 -0.138528 
0.0259698 -0.141018 
0.0639542 -0.381211 
0.0857779 -0.102795 
0.53387 -0.534728 
0.547022 -0.142126 
0.236653 -0.815309 
0.278359 -0.1158 
-0.322983 -0.473999 
-0.27693 -0.0698283 
-0.0472056 0.0799174 
0.459681 0.119439 
-0.132372 -0.428291 
-0.219707 -0.449234 
-0.189664 -0.161784 
-0.10677 -0.162995 
0.0169804 -0.278614 
-0.0463856 -0.285747 
-0.0354782 -0.164037 
0.0264872 -0.164942 
