0.0524377 -0.322441 
0.0751574 -0.0571578 
0.49481 -0.449561 
0.513186 -0.0869921 
0.232818 -0.66122 
0.276332 -0.0373699 
-0.306177 -0.395655 
-0.262981 -0.0131719 
-0.0480567 0.123368 
0.438736 0.165262 
-0.130103 -0.359708 
-0.210918 -0.376207 
-0.182159 -0.104165 
-0.105061 -0.108211 
0.00948421 -0.223043 
-0.0495551 -0.227543 
-0.0386325 -0.111698 
0.0191979 -0.114733 
0.0545464 -0.351348 
0.0779182 -0.0773105 
0.516845 -0.494926 
0.535349 -0.115816 
0.251914 -0.758451 
0.297643 -0.0839995 
-0.319579 -0.441441 
-0.274043 -0.040492 
-0.0492481 0.106288 
0.462462 0.142536 
-0.134571 -0.396889 
-0.219167 -0.417261 
-0.189043 -0.133124 
-0.108487 -0.13509 
0.0102911 -0.250345 
-0.0507907 -0.25698 
-0.0394715 -0.136774 
0.0203172 -0.138233 
