0.0493287 -0.31194 
0.0724779 -0.0478986 
0.4896 -0.43615 
0.509497 -0.0773968 
0.237116 -0.642907 
0.281816 -0.0256561 
-0.305347 -0.384067 
-0.262356 -0.00238962 
-0.0489669 0.133112 
0.43938 0.174227 
-0.130992 -0.34861 
-0.210966 -0.364873 
-0.182219 -0.0937234 
-0.10584 -0.0980754 
0.00719394 -0.212953 
-0.0511419 -0.217254 
-0.0401109 -0.101821 
0.0170494 -0.105077 
0.0515916 -0.340575 
0.0754016 -0.0679282 
0.511459 -0.480698 
0.531597 -0.105881 
0.256903 -0.738003 
0.303918 -0.0716398 
-0.31823 -0.429484 
-0.272962 -0.0295621 
-0.0498761 0.116107 
0.463348 0.151685 
-0.135127 -0.385464 
-0.218798 -0.40558 
-0.188716 -0.122507 
-0.108948 -0.124785 
0.00820445 -0.240038 
-0.0521187 -0.246463 
-0.0406929 -0.126734 
0.0183736 -0.12842 
