0.0463003 -0.301112 
0.0698416 -0.0382681 
0.484529 -0.422369 
0.50588 -0.067325 
0.24139 -0.624053 
0.287247 -0.013248 
-0.304435 -0.372047 
-0.261693 0.00887132 
-0.0498623 0.143295 
0.440014 0.183793 
-0.131809 -0.337134 
-0.210939 -0.353138 
-0.182237 -0.0828446 
-0.106576 -0.0875263 
0.00496493 -0.202504 
-0.0526706 -0.206588 
-0.0415458 -0.0915503 
0.0149477 -0.095046 
0.0487203 -0.329472 
0.0729304 -0.0581704 
0.506221 -0.466107 
0.52792 -0.0954621 
0.261846 -0.717023 
0.31012 -0.0585573 
-0.316794 -0.417083 
-0.271839 -0.0181416 
-0.0504871 0.126374 
0.46422 0.161453 
-0.135608 -0.373654 
-0.21835 -0.393487 
-0.188341 -0.111443 
-0.109364 -0.114059 
0.00618157 -0.229368 
-0.0533859 -0.235564 
-0.0418684 -0.116294 
0.0164792 -0.118226 
