0.0433469 -0.290006 
0.0672434 -0.02831 
0.479596 -0.408286 
0.502332 -0.0568376 
0.24564 -0.604777 
0.292621 -0.00023845 
-0.303453 -0.359661 
-0.261004 0.0205561 
-0.0507497 0.153872 
0.440639 0.193894 
-0.132561 -0.325337 
-0.210848 -0.341061 
-0.18222 -0.0715827 
-0.107279 -0.0766154 
0.00279107 -0.191745 
-0.0541481 -0.195599 
-0.0429439 -0.0809359 
0.012887 -0.0846852 
0.0459268 -0.31809 
0.0704992 -0.0480819 
0.50113 -0.451224 
0.524317 -0.0846243 
0.266744 -0.695643 
0.316248 -0.0448535 
-0.315284 -0.404308 
-0.270685 -0.00628799 
-0.0510881 0.13704 
0.465078 0.171769 
-0.136021 -0.36152 
-0.217834 -0.381048 
-0.18793 -0.0999894 
-0.109743 -0.102966 
0.00421624 -0.218385 
-0.0545996 -0.224337 
-0.043005 -0.105506 
0.0146277 -0.1077 
