0.0321406 -0.243822 
0.0570956 0.0138646 
0.461158 -0.35031 
0.488783 -0.0119952 
0.262302 -0.525777 
0.313483 0.0558515 
-0.299091 -0.307866 
-0.258212 0.0703214 
-0.0543862 0.19914 
0.442981 0.238214 
-0.135118 -0.276162 
-0.210053 -0.29065 
-0.182022 -0.0238804 
-0.109927 -0.0304634 
-0.00550235 -0.146646 
-0.0597106 -0.149492 
-0.0483295 -0.0360877 
0.00490684 -0.0409486 
0.0353875 -0.270831 
0.06104 -0.00538618 
0.482162 -0.390213 
0.510595 -0.0383993 
0.285817 -0.608649 
0.339955 0.0140517 
-0.308778 -0.350951 
-0.265998 0.0441868 
-0.0535602 0.182685 
0.468324 0.217006 
-0.137203 -0.311009 
-0.215317 -0.329194 
-0.186127 -0.0515013 
-0.111078 -0.0560756 
-0.00322051 -0.172402 
-0.0590853 -0.17729 
-0.0473244 -0.0599615 
0.00750531 -0.0633035 
