0.0294498 -0.232096 
0.0545807 0.0247495 
0.456838 -0.33574 
0.485527 -0.000381547 
0.266352 -0.506112 
0.318507 0.0703844 
-0.297958 -0.294715 
-0.257566 0.0831948 
-0.0553634 0.21093 
0.4435 0.249901 
-0.135697 -0.263682 
-0.209805 -0.277855 
-0.181994 -0.0116016 
-0.110598 -0.0185896 
-0.0075178 -0.135124 
-0.0610603 -0.137712 
-0.0496693 -0.024553 
0.00293555 -0.0297017 
0.0328699 -0.258852 
0.0587021 0.00562192 
0.477734 -0.374937 
0.507309 -0.0264571 
0.290428 -0.587132 
0.345652 0.0292611 
-0.307104 -0.337426 
-0.264871 0.0572317 
-0.054242 0.194566 
0.469063 0.228918 
-0.137434 -0.298212 
-0.214635 -0.316054 
-0.185693 -0.0390344 
-0.111416 -0.044026 
-0.00501659 -0.16067 
-0.0601611 -0.165287 
-0.0483931 -0.0482613 
0.00575325 -0.0519001 
