0.0241379 -0.208791 
0.0495156 0.0465793 
0.448479 -0.306953 
0.479113 0.0228869 
0.274253 -0.467613 
0.328259 0.0993606 
-0.295732 -0.268678 
-0.256424 0.108985 
-0.0574694 0.234689 
0.444398 0.273475 
-0.136856 -0.238933 
-0.209332 -0.252502 
-0.182043 0.0129322 
-0.112022 0.00514257 
-0.0115442 -0.112158 
-0.063779 -0.114247 
-0.0524088 -0.00148931 
-0.00104288 -0.00720368 
0.0279114 -0.235065 
0.0539968 0.0276806 
0.469187 -0.344815 
0.500848 -0.00256698 
0.299404 -0.545141 
0.356706 0.0595134 
-0.303793 -0.310682 
-0.262761 0.0833381 
-0.0557529 0.218488 
0.470395 0.252913 
-0.137892 -0.272862 
-0.213289 -0.29005 
-0.184924 -0.0141514 
-0.11217 -0.0199667 
-0.00859867 -0.13731 
-0.0623273 -0.141401 
-0.0505858 -0.0248893 
0.0022185 -0.0291101 
