0.0135304 -0.164125 
0.0389843 0.0891101 
0.432566 -0.252366 
0.466374 0.0679347 
0.288965 -0.39642 
0.34626 0.154302 
-0.291755 -0.219592 
-0.255053 0.158818 
-0.0625732 0.281325 
0.445319 0.31936 
-0.139465 -0.191923 
-0.208775 -0.204515 
-0.182853 0.0601343 
-0.115487 0.0509014 
-0.0198445 -0.0679863 
-0.0695672 -0.0692322 
-0.0584006 0.0430775 
-0.00940859 0.036363 
0.0180362 -0.189573 
0.044206 0.0705695 
0.452994 -0.287891 
0.488071 0.0435409 
0.31609 -0.467908 
0.377135 0.116562 
-0.297642 -0.260418 
-0.259433 0.133626 
-0.0596506 0.265339 
0.472158 0.299448 
-0.13909 -0.224836 
-0.210981 -0.24097 
-0.184085 0.0335837 
-0.11428 0.0263003 
-0.0159904 -0.0924814 
-0.0669942 -0.095693 
-0.0554678 0.0201638 
-0.00524096 0.0149232 
