-0.00334693 -0.106946 
0.0211625 0.144833 
0.40927 -0.183241 
0.446089 0.125807 
0.307037 -0.312138 
0.367963 0.219505 
-0.287972 -0.160537 
-0.256307 0.221577 
-0.0735277 0.342695 
0.442997 0.377231 
-0.145105 -0.133637 
-0.209906 -0.145838 
-0.186869 0.119421 
-0.123236 0.108957 
-0.0339172 -0.011509 
-0.0801275 -0.0122403 
-0.0696838 0.10015 
-0.0239926 0.0926364 
0.00231248 -0.131563 
0.0275407 0.126494 
0.429471 -0.216109 
0.467823 0.10245 
0.336697 -0.376952 
0.402011 0.183476 
-0.290594 -0.200378 
-0.257701 0.196388 
-0.0687615 0.3266 
0.470986 0.357595 
-0.142593 -0.165607 
-0.209476 -0.181321 
-0.185596 0.0930809 
-0.119967 0.0846107 
-0.0286575 -0.0354384 
-0.0758389 -0.0381334 
-0.0650519 0.0775232 
-0.0184247 0.0715054 
