-0.00943178 -0.0914876 
0.0144728 0.160139 
0.40132 -0.164522 
0.438674 0.141348 
0.311718 -0.29131 
0.373412 0.234772 
-0.287424 -0.146153 
-0.257756 0.23762 
-0.0782619 0.359433 
0.440856 0.391993 
-0.147613 -0.11866 
-0.21096 -0.131117 
-0.189118 0.134652 
-0.126678 0.12415 
-0.0392352 0.00361265 
-0.0843328 0.00277761 
-0.0742466 0.115331 
-0.0295954 0.107821 
-0.0033745 -0.11594 
0.0212476 0.141769 
0.421484 -0.196714 
0.460434 0.118187 
0.342108 -0.354472 
0.408378 0.198904 
-0.288954 -0.185891 
-0.258138 0.212213 
-0.0728721 0.343163 
0.469186 0.372241 
-0.144384 -0.150479 
-0.209648 -0.166465 
-0.186999 0.108202 
-0.122713 0.0997362 
-0.0334963 -0.0202471 
-0.0794637 -0.0230617 
-0.0690393 0.0926684 
-0.0235505 0.0866784 
