-0.0125767 -0.0845179 
0.01097 0.167074 
0.397275 -0.156033 
0.434807 0.148321 
0.313783 -0.282315 
0.375763 0.241046 
-0.287284 -0.140074 
-0.258675 0.244559 
-0.0808459 0.366958 
0.439489 0.398383 
-0.148994 -0.112107 
-0.211619 -0.124771 
-0.190418 0.14128 
-0.12857 0.130841 
-0.0420263 0.010381 
-0.0865761 0.00943591 
-0.0766909 0.122085 
-0.0325509 0.114635 
-0.00631803 -0.108907 
0.0179453 0.148669 
0.417426 -0.18792 
0.456583 0.125232 
0.344517 -0.344742 
0.41116 0.205188 
-0.288266 -0.1798 
-0.258547 0.219002 
-0.0751424 0.350574 
0.467979 0.378535 
-0.145404 -0.143879 
-0.209864 -0.160087 
-0.187875 0.11474 
-0.124255 0.106365 
-0.0360458 -0.0134649 
-0.0814149 -0.0164008 
-0.0711941 0.0993806 
-0.0262655 0.0934664 
