-0.0157918 -0.0780656 
0.00736007 0.17351 
0.393178 -0.148125 
0.430829 0.15475 
0.315663 -0.274253 
0.37786 0.246402 
-0.287228 -0.134751 
-0.25972 0.250749 
-0.0835746 0.373893 
0.437917 0.404091 
-0.150459 -0.106189 
-0.212363 -0.119117 
-0.191834 0.147226 
-0.130575 0.136908 
-0.0449065 0.0166069 
-0.0889132 0.0155121 
-0.0792443 0.128263 
-0.0356102 0.120914 
-0.00933005 -0.102404 
0.0145373 0.15506 
0.413319 -0.179729 
0.452621 0.131719 
0.346726 -0.336001 
0.413669 0.21051 
-0.287662 -0.174491 
-0.25908 0.225014 
-0.0775561 0.357377 
0.466561 0.384123 
-0.146508 -0.137933 
-0.210166 -0.15442 
-0.188864 0.120576 
-0.125908 0.112353 
-0.038683 -0.00723867 
-0.0834586 -0.0103373 
-0.0734566 0.105502 
-0.029083 0.0997056 
