-0.0224325 -0.0667214 
-0.000181185 0.184865 
0.384813 -0.134028 
0.422524 0.165978 
0.31887 -0.260844 
0.381285 0.254378 
-0.287354 -0.126377 
-0.262167 0.260833 
-0.0894604 0.385942 
0.434146 0.413447 
-0.15363 -0.0962648 
-0.214096 -0.109881 
-0.194999 0.157047 
-0.134914 0.147146 
-0.0509318 0.0274165 
-0.0938637 0.0259036 
-0.0846722 0.138867 
-0.0420378 0.131841 
-0.0155595 -0.0909921 
0.00740429 0.166292 
0.404946 -0.16512 
0.44435 0.143019 
0.350551 -0.321379 
0.41786 0.218301 
-0.286687 -0.166215 
-0.260492 0.234664 
-0.0828073 0.369112 
0.463076 0.393177 
-0.148953 -0.128001 
-0.211008 -0.145218 
-0.191171 0.130115 
-0.12954 0.12238 
-0.0442176 0.00353501 
-0.0878182 -1.3269e-05 
-0.0782985 0.115949 
-0.0350225 0.110517 
