-0.0293458 -0.0574282 
-0.0081413 0.194194 
0.376215 -0.122132 
0.41375 0.175084 
0.321364 -0.250835 
0.383692 0.258842 
-0.287758 -0.12097 
-0.265049 0.267856 
-0.0958956 0.395542 
0.429536 0.420104 
-0.1571 -0.0888421 
-0.216124 -0.103356 
-0.198576 0.16412 
-0.139669 0.154868 
-0.0572969 0.0360596 
-0.0991642 0.0339748 
-0.0905099 0.147146 
-0.0488636 0.140605 
-0.0220543 -0.0816696 
-0.000141191 0.175462 
0.396352 -0.152776 
0.435612 0.152151 
0.353611 -0.310321 
0.420959 0.222453 
-0.285982 -0.160986 
-0.262326 0.241157 
-0.0886014 0.378337 
0.458726 0.399459 
-0.151692 -0.120629 
-0.212141 -0.138795 
-0.19388 0.136834 
-0.133581 0.129832 
-0.0500857 0.0120995 
-0.0925217 0.00794111 
-0.0835439 0.124022 
-0.0413538 0.119123 
