-0.0328987 -0.0535243 
-0.0122716 0.198117 
0.371831 -0.11696 
0.409191 0.178879 
0.322358 -0.246996 
0.384526 0.259844 
-0.288047 -0.11933 
-0.266633 0.270247 
-0.0993076 0.399436 
0.426923 0.422466 
-0.158937 -0.0860311 
-0.217236 -0.101067 
-0.200503 0.166657 
-0.14219 0.157813 
-0.060599 0.0395947 
-0.101936 0.0371695 
-0.0935722 0.150439 
-0.0524175 0.144198 
-0.0253952 -0.0777633 
-0.00406159 0.179293 
0.391974 -0.1474 
0.431071 0.155945 
0.354871 -0.306006 
0.422112 0.223261 
-0.285714 -0.159461 
-0.26338 0.243252 
-0.0916901 0.382023 
0.456232 0.401613 
-0.153161 -0.117861 
-0.212802 -0.136579 
-0.19537 0.139171 
-0.135742 0.132624 
-0.0531366 0.015582 
-0.0949925 0.011062 
-0.0863074 0.127196 
-0.0446579 0.122623 
