-0.0439005 -0.0445653 
-0.0252131 0.207101 
0.358373 -0.10422 
0.394866 0.187528 
0.324433 -0.239471 
0.38565 0.258548 
-0.289173 -0.118289 
-0.271854 0.273249 
-0.110245 0.407701 
0.41792 0.426065 
-0.164784 -0.0809005 
-0.220881 -0.0977621 
-0.206754 0.170563 
-0.15025 0.16325 
-0.0709303 0.0472841 
-0.110676 0.0436447 
-0.103268 0.15717 
-0.063587 0.152034 
-0.0357489 -0.0688332 
-0.0163623 0.187967 
0.378556 -0.134107 
0.41681 0.164554 
0.35768 -0.297191 
0.424091 0.221297 
-0.285156 -0.158838 
-0.266986 0.24527 
-0.101645 0.389604 
0.447552 0.404533 
-0.157894 -0.112912 
-0.215087 -0.133552 
-0.200293 0.142408 
-0.14271 0.137544 
-0.0627032 0.0230741 
-0.102818 0.0172706 
-0.0950951 0.133523 
-0.0550667 0.130142 
