-0.047668 -0.0424163 
-0.0296935 0.209243 
0.353801 -0.100789 
0.389895 0.189603 
0.324859 -0.238078 
0.385602 0.256898 
-0.28961 -0.119098 
-0.27372 0.272986 
-0.114101 0.409408 
0.414559 0.426243 
-0.166826 -0.0801825 
-0.222177 -0.0977258 
-0.208968 0.170746 
-0.15308 0.164034 
-0.0744985 0.0489617 
-0.113712 0.0448626 
-0.106649 0.158457 
-0.0674611 0.15375 
-0.0392961 -0.0667024 
-0.020625 0.189998 
0.374004 -0.130506 
0.411863 0.16661 
0.358332 -0.2954 
0.424299 0.219412 
-0.285027 -0.159802 
-0.268304 0.244656 
-0.105168 0.391066 
0.444289 0.404476 
-0.159561 -0.112267 
-0.215926 -0.133622 
-0.202058 0.142352 
-0.145171 0.138143 
-0.0660125 0.024677 
-0.105545 0.0183893 
-0.0981692 0.134664 
-0.0586831 0.131743 
