-0.0514779 -0.0406387 
-0.0342478 0.211005 
0.349194 -0.0977051 
0.384838 0.191336 
0.325172 -0.237128 
0.385367 0.254762 
-0.290066 -0.120405 
-0.275632 0.272171 
-0.118048 0.410647 
0.411036 0.425994 
-0.168904 -0.0798971 
-0.223504 -0.0981513 
-0.211234 0.170441 
-0.155969 0.164366 
-0.0781199 0.0502481 
-0.116799 0.0456673 
-0.110093 0.159322 
-0.0714007 0.155069 
-0.0428836 -0.0649455 
-0.0249595 0.191647 
0.369421 -0.127257 
0.406831 0.168321 
0.358865 -0.294061 
0.424305 0.217042 
-0.284914 -0.161269 
-0.269664 0.243482 
-0.108781 0.392057 
0.440859 0.403992 
-0.161263 -0.112058 
-0.216793 -0.134158 
-0.203873 0.141803 
-0.147688 0.138286 
-0.0693727 0.0258863 
-0.108321 0.0190922 
-0.101305 0.135382 
-0.0623629 0.132944 
