-0.0592064 -0.0380684 
-0.0435545 0.213519 
0.339905 -0.0924211 
0.374497 0.193933 
0.32551 -0.236264 
0.38439 0.249356 
-0.291009 -0.124294 
-0.279563 0.269109 
-0.126185 0.411892 
0.403548 0.424438 
-0.173146 -0.0804513 
-0.226221 -0.100194 
-0.215892 0.168563 
-0.161898 0.163852 
-0.0854998 0.0517907 
-0.123102 0.046195 
-0.117147 0.159948 
-0.0794523 0.156659 
-0.0501604 -0.0624204 
-0.0338196 0.193933 
0.36019 -0.121652 
0.396548 0.170881 
0.359625 -0.292431 
0.423778 0.211192 
-0.284714 -0.165481 
-0.272478 0.239694 
-0.116241 0.392799 
0.433548 0.40198 
-0.164745 -0.112768 
-0.218586 -0.136425 
-0.207618 0.139434 
-0.152867 0.137392 
-0.0762234 0.0272724 
-0.113996 0.0194139 
-0.107733 0.13571 
-0.0698879 0.134299 
