-0.063116 -0.0372072 
-0.0482952 0.214343 
0.335235 -0.0901399 
0.369231 0.194884 
0.325562 -0.236203 
0.383682 0.246254 
-0.291485 -0.126761 
-0.281565 0.266987 
-0.13036 0.411992 
0.399609 0.423253 
-0.175299 -0.0811991 
-0.227602 -0.101709 
-0.218269 0.167098 
-0.164925 0.163103 
-0.0892475 0.0521233 
-0.126307 0.0460025 
-0.120744 0.159794 
-0.0835525 0.157009 
-0.0538406 -0.0615815 
-0.0383334 0.194644 
0.355556 -0.119212 
0.391314 0.171817 
0.359881 -0.291988 
0.423279 0.207889 
-0.284615 -0.168107 
-0.273916 0.237209 
-0.120072 0.392647 
0.429693 0.400577 
-0.166515 -0.113592 
-0.219501 -0.138051 
-0.209535 0.137726 
-0.155514 0.136455 
-0.0797031 0.027528 
-0.116883 0.01912 
-0.111013 0.135409 
-0.0737211 0.134532 
