-0.0670503 -0.0365809 
-0.0530867 0.214927 
0.330557 -0.0880447 
0.363911 0.19566 
0.325554 -0.236291 
0.382847 0.243 
-0.291958 -0.129497 
-0.283584 0.264558 
-0.134596 0.411809 
0.395557 0.421877 
-0.177467 -0.0821975 
-0.22899 -0.103483 
-0.220671 0.165358 
-0.167984 0.162093 
-0.0930272 0.0522168 
-0.129541 0.0455647 
-0.12438 0.15939 
-0.0876949 0.157116 
-0.057543 -0.0609764 
-0.0428956 0.195119 
0.350918 -0.116959 
0.386029 0.172584 
0.360074 -0.291692 
0.422647 0.204452 
-0.284511 -0.170998 
-0.275365 0.234422 
-0.123962 0.392215 
0.425725 0.398994 
-0.168298 -0.114665 
-0.220422 -0.139931 
-0.211473 0.135747 
-0.158191 0.13526 
-0.0832122 0.0275469 
-0.119796 0.0185834 
-0.11433 0.13486 
-0.077594 0.134525 
