-0.0710053 -0.0361532 
-0.0579237 0.215312 
0.325877 -0.0860951 
0.358547 0.196307 
0.325498 -0.236458 
0.381903 0.239679 
-0.292425 -0.132442 
-0.285613 0.26189 
-0.138886 0.411395 
0.391405 0.420375 
-0.179647 -0.0833981 
-0.230383 -0.105462 
-0.223091 0.163403 
-0.171072 0.160873 
-0.0968343 0.0521123 
-0.132798 0.0449267 
-0.128049 0.158781 
-0.0918743 0.157022 
-0.0612637 -0.0605678 
-0.0475007 0.195397 
0.346283 -0.114849 
0.380704 0.173227 
0.360217 -0.291469 
0.4219 0.20097 
-0.284398 -0.174091 
-0.276819 0.231403 
-0.127903 0.391558 
0.421655 0.397298 
-0.170091 -0.115936 
-0.221345 -0.142012 
-0.213427 0.133558 
-0.160893 0.133862 
-0.0867462 0.0273709 
-0.122731 0.0178507 
-0.117677 0.134112 
-0.0815013 0.134321 
