-0.0749779 -0.0358878 
-0.0628015 0.215536 
0.321201 -0.0842514 
0.353146 0.196867 
0.325405 -0.236636 
0.380865 0.236374 
-0.292883 -0.135534 
-0.287647 0.259055 
-0.143223 0.410805 
0.387165 0.418809 
-0.181835 -0.0847525 
-0.231777 -0.107591 
-0.225526 0.16129 
-0.174182 0.159497 
-0.100665 0.0518508 
-0.136076 0.0441339 
-0.131746 0.158016 
-0.0960863 0.156771 
-0.0649995 -0.0603187 
-0.0521439 0.195518 
0.341657 -0.112844 
0.375346 0.173791 
0.360324 -0.291249 
0.421053 0.197529 
-0.284274 -0.177324 
-0.278275 0.228226 
-0.131888 0.39073 
0.417499 0.395552 
-0.171889 -0.117355 
-0.222267 -0.144237 
-0.215392 0.13122 
-0.163616 0.132313 
-0.0903012 0.0270421 
-0.125684 0.0169683 
-0.121051 0.133213 
-0.0854386 0.133965 
