-0.0789652 -0.0357487 
-0.0677158 0.215638 
0.316535 -0.0824751 
0.347718 0.197383 
0.325288 -0.236758 
0.379747 0.233166 
-0.29333 -0.138714 
-0.289682 0.25612 
-0.147603 0.410092 
0.38285 0.417239 
-0.184028 -0.0862132 
-0.23317 -0.109817 
-0.227972 0.159079 
-0.177311 0.158017 
-0.104515 0.0514732 
-0.13937 0.0432315 
-0.135469 0.157141 
-0.100327 0.156404 
-0.0687474 -0.0601924 
-0.056821 0.195524 
0.337045 -0.110904 
0.369963 0.174318 
0.360406 -0.290965 
0.420123 0.194212 
-0.284137 -0.180635 
-0.279727 0.224962 
-0.135913 0.389787 
0.413267 0.393819 
-0.17369 -0.118875 
-0.223185 -0.146552 
-0.217364 0.128794 
-0.166355 0.130669 
-0.0938737 0.0266024 
-0.12865 0.0159823 
-0.124446 0.13221 
-0.0894017 0.133499 
