-0.0829649 -0.0357008 
-0.0726628 0.215657 
0.311884 -0.0807297 
0.342268 0.197896 
0.325157 -0.236762 
0.378564 0.230132 
-0.293766 -0.141924 
-0.291716 0.253156 
-0.152021 0.409309 
0.378471 0.415724 
-0.186224 -0.0877334 
-0.23456 -0.11209 
-0.230426 0.156829 
-0.180457 0.156485 
-0.108383 0.0510195 
-0.142679 0.0422636 
-0.139213 0.156202 
-0.104592 0.155964 
-0.0725053 -0.0601532 
-0.0615282 0.195453 
0.332454 -0.108992 
0.364564 0.17485 
0.360476 -0.290555 
0.419126 0.191098 
-0.283988 -0.183966 
-0.281175 0.221683 
-0.139972 0.388784 
0.408973 0.392159 
-0.175493 -0.120447 
-0.2241 -0.148904 
-0.219341 0.12634 
-0.169107 0.128982 
-0.0974609 0.0260924 
-0.131628 0.0149377 
-0.12786 0.131152 
-0.0933872 0.132965 
