-0.0869754 -0.0357103 
-0.0776394 0.215632 
0.307253 -0.0789806 
0.336804 0.198445 
0.325021 -0.236592 
0.377328 0.227344 
-0.294192 -0.145108 
-0.293749 0.25023 
-0.156472 0.408509 
0.374038 0.414321 
-0.188423 -0.0892685 
-0.235948 -0.114359 
-0.232885 0.154596 
-0.183617 0.154951 
-0.112267 0.0505284 
-0.145999 0.0412729 
-0.142976 0.155244 
-0.10888 0.15549 
-0.0762713 -0.0601668 
-0.0662622 0.195343 
0.327887 -0.107072 
0.359154 0.175427 
0.360542 -0.289959 
0.418076 0.188261 
-0.283826 -0.187258 
-0.282616 0.218458 
-0.144062 0.387774 
0.404627 0.39063 
-0.177296 -0.122027 
-0.22501 -0.151243 
-0.221321 0.123916 
-0.17187 0.127304 
-0.101061 0.0255516 
-0.134616 0.013878 
-0.131291 0.130084 
-0.0973925 0.132406 
