-0.0950251 -0.0357746 
-0.0876723 0.215588 
0.298062 -0.0753459 
0.325854 0.19979 
0.324765 -0.23552 
0.374744 0.222769 
-0.295018 -0.151186 
-0.297805 0.244748 
-0.165465 0.407057 
0.365049 0.412054 
-0.19283 -0.092215 
-0.238718 -0.118696 
-0.237821 0.150397 
-0.189973 0.152067 
-0.120073 0.0495797 
-0.152673 0.0393839 
-0.150553 0.153442 
-0.117516 0.154595 
-0.0838245 -0.060224 
-0.0758018 0.195154 
0.31884 -0.103084 
0.348326 0.176858 
0.360702 -0.288005 
0.415863 0.183682 
-0.283472 -0.193515 
-0.28548 0.212433 
-0.152323 0.38594 
0.395819 0.388172 
-0.180903 -0.125036 
-0.226817 -0.15569 
-0.225289 0.119377 
-0.177425 0.124166 
-0.108293 0.024525 
-0.140615 0.0118767 
-0.138194 0.128091 
-0.105455 0.131366 
