-0.103113 -0.03571 
-0.0978021 0.21577 
0.288982 -0.0713495 
0.314906 0.201672 
0.324571 -0.233186 
0.372068 0.219902 
-0.29583 -0.156562 
-0.301862 0.240154 
-0.174567 0.406108 
0.355945 0.410805 
-0.197253 -0.0947449 
-0.241492 -0.122487 
-0.242783 0.14688 
-0.196377 0.149716 
-0.127933 0.0488945 
-0.15939 0.0378602 
-0.158194 0.15205 
-0.126227 0.154003 
-0.0914055 -0.06013 
-0.0854275 0.195224 
0.309927 -0.0987168 
0.337518 0.178865 
0.360941 -0.284744 
0.413568 0.180942 
-0.283095 -0.199015 
-0.288328 0.207379 
-0.16068 0.384666 
0.386911 0.386816 
-0.184518 -0.127593 
-0.228619 -0.159546 
-0.229271 0.115583 
-0.183017 0.121613 
-0.115567 0.0237934 
-0.146648 0.0102778 
-0.145151 0.126549 
-0.113581 0.130665 
