-0.107173 -0.0355681 
-0.102902 0.216016 
0.284487 -0.0691607 
0.30944 0.202877 
0.324507 -0.231457 
0.370713 0.219223 
-0.296239 -0.158885 
-0.303896 0.238321 
-0.179158 0.405925 
0.351364 0.410654 
-0.199476 -0.095772 
-0.242887 -0.124087 
-0.245279 0.145485 
-0.199601 0.148835 
-0.131883 0.0487219 
-0.162767 0.0373141 
-0.16204 0.151591 
-0.13061 0.153896 
-0.0952086 -0.0599646 
-0.0902716 0.195427 
0.305522 -0.0963357 
0.332129 0.180148 
0.361102 -0.282537 
0.412408 0.180375 
-0.282907 -0.201378 
-0.289753 0.205349 
-0.164893 0.384343 
0.382434 0.386645 
-0.186333 -0.128619 
-0.229526 -0.16116 
-0.231272 0.114074 
-0.18583 0.120651 
-0.119222 0.0236101 
-0.14968 0.00970894 
-0.14865 0.126033 
-0.117668 0.130518 
