-0.111246 -0.0353267 
-0.108026 0.216396 
0.280021 -0.0668228 
0.303981 0.204284 
0.324468 -0.229321 
0.369352 0.219093 
-0.296657 -0.160919 
-0.30594 0.236856 
-0.183776 0.405981 
0.34677 0.410857 
-0.201711 -0.0966047 
-0.244293 -0.125449 
-0.247788 0.14438 
-0.202841 0.148194 
-0.13585 0.0486939 
-0.16616 0.0369466 
-0.165905 0.151327 
-0.135014 0.153948 
-0.0990221 -0.0596936 
-0.0951371 0.195774 
0.301153 -0.0938008 
0.326753 0.181643 
0.361293 -0.279911 
0.411247 0.180388 
-0.282727 -0.203438 
-0.291184 0.203711 
-0.169132 0.384275 
0.377948 0.386849 
-0.188158 -0.12944 
-0.230441 -0.162526 
-0.233285 0.112872 
-0.188656 0.119943 
-0.12289 0.0235799 
-0.152724 0.00932871 
-0.152166 0.125724 
-0.121773 0.130539 
