-0.11944 -0.0344847 
-0.11835 0.217631 
0.271176 -0.0616558 
0.293089 0.207754 
0.324464 -0.223759 
0.366618 0.220567 
-0.297541 -0.164014 
-0.310073 0.235174 
-0.193099 0.406921 
0.337547 0.412399 
-0.206229 -0.0976044 
-0.247153 -0.127368 
-0.252861 0.143156 
-0.209382 0.147725 
-0.143841 0.0491431 
-0.173001 0.0368278 
-0.173699 0.151475 
-0.143889 0.154607 
-0.10669 -0.0587745 
-0.104937 0.196969 
0.292515 -0.088227 
0.316038 0.18532 
0.361768 -0.273343 
0.408927 0.18224 
-0.282408 -0.206543 
-0.294083 0.201753 
-0.177686 0.385015 
0.368954 0.388456 
-0.19185 -0.130389 
-0.232313 -0.164416 
-0.237355 0.111507 
-0.194364 0.119384 
-0.130275 0.0240502 
-0.158861 0.00921434 
-0.159255 0.125816 
-0.130043 0.131168 
