-0.123565 -0.033863 
-0.123553 0.218511 
0.266792 -0.0588148 
0.287655 0.209831 
0.324497 -0.220315 
0.365247 0.222196 
-0.298017 -0.165036 
-0.312172 0.235011 
-0.197808 0.407845 
0.332921 0.413761 
-0.208519 -0.0977416 
-0.248615 -0.12789 
-0.255433 0.14308 
-0.212689 0.147935 
-0.14787 0.0496461 
-0.176455 0.0371055 
-0.177634 0.151917 
-0.148364 0.155242 
-0.110548 -0.0581054 
-0.109874 0.197844 
0.288242 -0.0851765 
0.310699 0.187515 
0.362049 -0.269384 
0.407769 0.184101 
-0.28228 -0.20755 
-0.29556 0.201487 
-0.182006 0.385864 
0.364448 0.389881 
-0.193724 -0.130487 
-0.233279 -0.164908 
-0.239422 0.111386 
-0.19725 0.119569 
-0.133998 0.0245764 
-0.16196 0.00950915 
-0.162833 0.126248 
-0.134212 0.131802 
