-0.127714 -0.0330994 
-0.128785 0.219578 
0.26243 -0.055801 
0.282226 0.212137 
0.324549 -0.216429 
0.363869 0.224422 
-0.298523 -0.165692 
-0.314298 0.235325 
-0.20255 0.40909 
0.328283 0.415519 
-0.210837 -0.0976246 
-0.250106 -0.128108 
-0.258033 0.143379 
-0.216026 0.148457 
-0.151924 0.050345 
-0.179936 0.0376199 
-0.181598 0.152619 
-0.152867 0.156092 
-0.114428 -0.0572889 
-0.114838 0.198913 
0.283996 -0.0819493 
0.30537 0.189948 
0.362356 -0.264975 
0.40661 0.186587 
-0.282179 -0.208176 
-0.297062 0.201723 
-0.186358 0.38705 
0.359935 0.391721 
-0.195623 -0.130321 
-0.234271 -0.165084 
-0.241515 0.111658 
-0.200164 0.120081 
-0.137744 0.0253065 
-0.165083 0.0100503 
-0.166438 0.126951 
-0.138407 0.132661 
