-0.14459 -0.0286575 
-0.150043 0.225678 
0.245139 -0.0421572 
0.260527 0.223498 
0.324861 -0.196692 
0.35823 0.239015 
-0.300939 -0.164624 
-0.323164 0.241442 
-0.221896 0.4173 
0.309583 0.426306 
-0.220445 -0.0946238 
-0.256433 -0.12592 
-0.268794 0.148376 
-0.229722 0.153682 
-0.168455 0.0550806 
-0.194187 0.0420361 
-0.197792 0.158017 
-0.17121 0.161627 
-0.13021 -0.0525829 
-0.135006 0.205112 
0.267207 -0.0674208 
0.284106 0.201897 
0.363744 -0.243094 
0.401884 0.202453 
-0.282151 -0.206871 
-0.303404 0.20775 
-0.204122 0.395185 
0.341766 0.403013 
-0.203537 -0.127043 
-0.238582 -0.162629 
-0.250225 0.116705 
-0.212147 0.125396 
-0.153023 0.0302436 
-0.177884 0.0146632 
-0.181178 0.132464 
-0.155496 0.138326 
