-0.148892 -0.0272408 
-0.155447 0.227619 
0.240836 -0.0384179 
0.255093 0.226792 
0.324938 -0.190819 
0.356761 0.243947 
-0.30166 -0.163479 
-0.325485 0.244144 
-0.226832 0.420114 
0.304856 0.429832 
-0.222948 -0.093284 
-0.258123 -0.124653 
-0.271589 0.150531 
-0.233246 0.155728 
-0.172678 0.0567072 
-0.197845 0.0436866 
-0.201936 0.159971 
-0.175887 0.163502 
-0.134234 -0.0510885 
-0.140133 0.207097 
0.263039 -0.0634544 
0.278788 0.205356 
0.364102 -0.236675 
0.400652 0.207752 
-0.282257 -0.20564 
-0.305089 0.210483 
-0.208659 0.398017 
0.337178 0.406704 
-0.205613 -0.125615 
-0.239764 -0.161273 
-0.252502 0.11891 
-0.215239 0.127495 
-0.156928 0.0319379 
-0.181175 0.0163834 
-0.184955 0.134472 
-0.159856 0.140254 
