-0.157609 -0.0241478 
-0.166366 0.231881 
0.232228 -0.0306931 
0.244195 0.233753 
0.325045 -0.178178 
0.353712 0.255052 
-0.303261 -0.16028 
-0.330263 0.250795 
-0.236826 0.426506 
0.295318 0.437641 
-0.228092 -0.0900239 
-0.261651 -0.12139 
-0.277314 0.155782 
-0.240426 0.16057 
-0.181242 0.0603735 
-0.205288 0.0475187 
-0.21035 0.164474 
-0.185359 0.167718 
-0.142392 -0.0478289 
-0.150496 0.211468 
0.254707 -0.0552708 
0.268127 0.212663 
0.364781 -0.222939 
0.398078 0.219641 
-0.28262 -0.20224 
-0.30859 0.217252 
-0.217851 0.404484 
0.327922 0.414878 
-0.209896 -0.122161 
-0.24227 -0.157809 
-0.257189 0.1243 
-0.221549 0.132474 
-0.164855 0.0357571 
-0.187879 0.0203756 
-0.192629 0.139108 
-0.168691 0.144598 
