-0.162025 -0.0225162 
-0.17188 0.234151 
0.227916 -0.0267628 
0.238726 0.237357 
0.325062 -0.171497 
0.352118 0.261115 
-0.30414 -0.158287 
-0.332718 0.254669 
-0.241881 0.430019 
0.290501 0.441834 
-0.230734 -0.0881576 
-0.26349 -0.119451 
-0.280245 0.158812 
-0.24408 0.163306 
-0.185585 0.0623636 
-0.209073 0.0496471 
-0.214619 0.166967 
-0.190154 0.170006 
-0.146527 -0.0461092 
-0.155731 0.213803 
0.250537 -0.0511099 
0.26278 0.216446 
0.365089 -0.215711 
0.396723 0.226114 
-0.282879 -0.200136 
-0.310404 0.221211 
-0.222504 0.408053 
0.323247 0.41927 
-0.212106 -0.120189 
-0.243595 -0.15576 
-0.259598 0.127418 
-0.224768 0.135293 
-0.168877 0.0378315 
-0.191294 0.0225935 
-0.196527 0.141679 
-0.173166 0.146961 
