-0.170974 -0.0192182 
-0.18301 0.238819 
0.219261 -0.0189266 
0.22774 0.244623 
0.324996 -0.157666 
0.348765 0.273938 
-0.306053 -0.153711 
-0.337743 0.26328 
-0.252089 0.437474 
0.280759 0.450541 
-0.236157 -0.0841184 
-0.267314 -0.11514 
-0.286231 0.165479 
-0.251511 0.169221 
-0.194388 0.0665062 
-0.216768 0.0541664 
-0.223273 0.172263 
-0.199856 0.174787 
-0.15491 -0.0426272 
-0.166302 0.218614 
0.24217 -0.0428121 
0.25204 0.224082 
0.365605 -0.200789 
0.393839 0.239786 
-0.283544 -0.195317 
-0.314146 0.230038 
-0.231909 0.41565 
0.313786 0.428398 
-0.216662 -0.115927 
-0.246389 -0.151213 
-0.26454 0.134291 
-0.231326 0.141398 
-0.177036 0.0421555 
-0.198245 0.027307 
-0.204438 0.147152 
-0.182225 0.151906 
