-0.175504 -0.017614 
-0.188621 0.241145 
0.214914 -0.0150919 
0.222222 0.248204 
0.3249 -0.150629 
0.346996 0.280554 
-0.307081 -0.15122 
-0.340302 0.267905 
-0.257233 0.441322 
0.275833 0.454939 
-0.238934 -0.0820229 
-0.269294 -0.112851 
-0.289279 0.16902 
-0.255281 0.172312 
-0.198844 0.0685888 
-0.220674 0.0564816 
-0.227653 0.174987 
-0.204757 0.177204 
-0.159156 -0.0409281 
-0.171632 0.221018 
0.237969 -0.0387474 
0.246645 0.227851 
0.365801 -0.19321 
0.3923 0.246837 
-0.283946 -0.192696 
-0.316063 0.23479 
-0.236652 0.419582 
0.308998 0.433016 
-0.219004 -0.113715 
-0.247854 -0.148801 
-0.267066 0.137947 
-0.234659 0.144595 
-0.18117 0.044334 
-0.201779 0.0297256 
-0.208446 0.149973 
-0.186806 0.154412 
