-0.189286 -0.0134013 
-0.205584 0.247619 
0.201786 -0.00438673 
0.205572 0.258204 
0.324317 -0.129774 
0.341277 0.30029 
-0.310385 -0.14357 
-0.348078 0.282271 
-0.272743 0.452691 
0.260835 0.467565 
-0.247489 -0.0759637 
-0.275463 -0.106033 
-0.298574 0.179803 
-0.26675 0.181521 
-0.212394 0.0744058 
-0.232578 0.0631333 
-0.240951 0.182914 
-0.219615 0.184066 
-0.172085 -0.0364252 
-0.187758 0.227746 
0.225279 -0.0273614 
0.23036 0.238423 
0.366077 -0.170757 
0.387237 0.26789 
-0.285368 -0.184639 
-0.321915 0.249598 
-0.250967 0.431244 
0.294396 0.446322 
-0.226252 -0.107294 
-0.25247 -0.141596 
-0.274796 0.149118 
-0.24482 0.154152 
-0.193754 0.0504523 
-0.212567 0.0367043 
-0.220631 0.158214 
-0.200702 0.161561 
