-0.193931 -0.0123236 
-0.211263 0.249466 
0.197382 -0.0012207 
0.199997 0.261135 
0.324014 -0.123126 
0.339231 0.306557 
-0.311537 -0.141159 
-0.350667 0.286982 
-0.277909 0.456226 
0.255771 0.471368 
-0.250398 -0.0741812 
-0.277575 -0.103953 
-0.301696 0.183249 
-0.270602 0.184387 
-0.216955 0.0760579 
-0.236592 0.0650964 
-0.245416 0.185309 
-0.2246 0.186071 
-0.176447 -0.0352506 
-0.193159 0.229682 
0.22102 -0.0239731 
0.224904 0.241544 
0.366054 -0.16359 
0.385393 0.274594 
-0.285892 -0.182088 
-0.323866 0.25447 
-0.255738 0.434885 
0.289455 0.450355 
-0.228726 -0.10539 
-0.254064 -0.139386 
-0.277399 0.1527 
-0.248238 0.15714 
-0.197993 0.0522069 
-0.21621 0.0387793 
-0.224727 0.160719 
-0.205368 0.163666 
