-0.198595 -0.011475 
-0.216942 0.251083 
0.192966 0.00167496 
0.194415 0.263787 
0.323656 -0.116743 
0.337115 0.31253 
-0.3127 -0.138921 
-0.353235 0.291527 
-0.283057 0.459531 
0.250681 0.474861 
-0.253324 -0.0726025 
-0.279702 -0.102065 
-0.304814 0.186512 
-0.274455 0.187055 
-0.221528 0.0774917 
-0.240616 0.0668505 
-0.249884 0.187495 
-0.22959 0.187858 
-0.180827 -0.034306 
-0.198562 0.231388 
0.216749 -0.0208584 
0.219439 0.244384 
0.36597 -0.156696 
0.383472 0.281 
-0.286427 -0.179712 
-0.325797 0.25918 
-0.260493 0.438299 
0.284484 0.454074 
-0.231217 -0.103691 
-0.255674 -0.137368 
-0.279998 0.156103 
-0.251659 0.159931 
-0.202246 0.0537433 
-0.219864 0.0406454 
-0.228827 0.163015 
-0.21004 0.165553 
