-0.20327 -0.0108958 
-0.222615 0.252426 
0.188542 0.00425901 
0.188831 0.266113 
0.323243 -0.110692 
0.334933 0.318127 
-0.313863 -0.136921 
-0.355768 0.295826 
-0.288174 0.462543 
0.245571 0.477978 
-0.25626 -0.07128 
-0.281836 -0.100425 
-0.307917 0.189526 
-0.278298 0.189466 
-0.226106 0.0786615 
-0.244645 0.0683456 
-0.254346 0.189418 
-0.234576 0.189377 
-0.18522 -0.0336321 
-0.20396 0.23282 
0.212468 -0.0180589 
0.213969 0.246896 
0.365826 -0.150143 
0.381474 0.287023 
-0.286962 -0.177577 
-0.327695 0.263645 
-0.26522 0.441421 
0.279487 0.457416 
-0.23372 -0.102249 
-0.257292 -0.1356 
-0.282585 0.159258 
-0.255072 0.162466 
-0.206504 0.055015 
-0.223524 0.0422518 
-0.232923 0.165049 
-0.21471 0.167173 
