-0.207952 -0.0106259 
-0.228272 0.25345 
0.184113 0.00649106 
0.183249 0.268069 
0.322777 -0.10504 
0.332689 0.323267 
-0.315017 -0.135227 
-0.35825 0.299799 
-0.293247 0.4652 
0.240448 0.480659 
-0.259198 -0.0702663 
-0.283968 -0.0990924 
-0.310992 0.192227 
-0.282122 0.191562 
-0.230681 0.079522 
-0.248668 0.0695316 
-0.258794 0.191025 
-0.23955 0.190582 
-0.189619 -0.0332695 
-0.209344 0.233933 
0.208179 -0.0156156 
0.2085 0.249035 
0.365621 -0.144 
0.379404 0.292581 
-0.287487 -0.175749 
-0.329546 0.267785 
-0.269907 0.444188 
0.274471 0.460318 
-0.236225 -0.101119 
-0.258908 -0.134142 
-0.285147 0.162098 
-0.258467 0.164685 
-0.210761 0.0559758 
-0.22718 0.0435476 
-0.237006 0.166766 
-0.219369 0.168477 
