-0.212632 -0.0107046 
-0.233904 0.254112 
0.179683 0.00833203 
0.177677 0.269611 
0.322262 -0.0998514 
0.33039 0.327874 
-0.316148 -0.133902 
-0.360667 0.303368 
-0.298263 0.467442 
0.23532 0.482843 
-0.26213 -0.0696135 
-0.286087 -0.0981256 
-0.314028 0.194547 
-0.285916 0.193285 
-0.235244 0.0800284 
-0.252678 0.0703592 
-0.263216 0.192266 
-0.244503 0.191426 
-0.194018 -0.033258 
-0.214704 0.234682 
0.203888 -0.013568 
0.203036 0.250758 
0.365359 -0.138332 
0.377266 0.297596 
-0.287992 -0.174296 
-0.331335 0.271518 
-0.27454 0.446537 
0.269443 0.462718 
-0.238724 -0.100353 
-0.260512 -0.133054 
-0.287671 0.164555 
-0.261834 0.166529 
-0.215008 0.0565804 
-0.230824 0.0444827 
-0.241067 0.168115 
-0.224009 0.169418 
