-0.221961 -0.0120588 
-0.245057 0.254184 
0.170839 0.010694 
0.166587 0.271297 
0.3211 -0.0911138 
0.325655 0.335203 
-0.318297 -0.132623 
-0.36524 0.308985 
-0.308073 0.470447 
0.225085 0.485509 
-0.267933 -0.0695932 
-0.290245 -0.0975158 
-0.319929 0.197792 
-0.293364 0.195387 
-0.244305 0.0798077 
-0.260619 0.0707495 
-0.271945 0.193448 
-0.254308 0.191851 
-0.202788 -0.0344416 
-0.22532 0.234921 
0.195317 -0.0108085 
0.192155 0.25279 
0.36468 -0.128673 
0.372817 0.305704 
-0.288891 -0.172778 
-0.334663 0.277451 
-0.283594 0.449749 
0.259388 0.465796 
-0.243668 -0.100121 
-0.263645 -0.132217 
-0.292558 0.168063 
-0.268438 0.168862 
-0.22344 0.0565468 
-0.238039 0.0450774 
-0.249078 0.169504 
-0.233194 0.17003 
