-0.231198 -0.0152414 
-0.255997 0.252338 
0.162058 0.0110766 
0.155623 0.270885 
0.319805 -0.0849348 
0.3208 0.339597 
-0.320213 -0.133578 
-0.369361 0.312103 
-0.317495 0.471133 
0.214947 0.485591 
-0.273595 -0.0716036 
-0.294224 -0.099029 
-0.325514 0.198785 
-0.300549 0.195356 
-0.253216 0.0776787 
-0.268391 0.0691598 
-0.280447 0.192594 
-0.263912 0.190322 
-0.211471 -0.0374701 
-0.235732 0.23323 
0.186798 -0.0100522 
0.181386 0.252704 
0.363832 -0.121629 
0.368197 0.31082 
-0.289562 -0.173526 
-0.337556 0.280854 
-0.292276 0.450621 
0.249401 0.466259 
-0.248476 -0.101943 
-0.266606 -0.133531 
-0.297143 0.169295 
-0.274791 0.169042 
-0.23173 0.0545878 
-0.245092 0.043673 
-0.256873 0.168839 
-0.242188 0.168672 
