-0.235764 -0.017596 
-0.261364 0.250615 
0.157707 0.010455 
0.150209 0.269819 
0.319127 -0.0829273 
0.318356 0.340563 
-0.321053 -0.135034 
-0.371213 0.312565 
-0.322027 0.470493 
0.209942 0.484567 
-0.276348 -0.073478 
-0.296121 -0.100704 
-0.328156 0.198305 
-0.304015 0.194425 
-0.257595 0.0758107 
-0.27219 0.0675242 
-0.284587 0.191302 
-0.268616 0.188735 
-0.215762 -0.0397553 
-0.240838 0.231577 
0.182573 -0.0104969 
0.176064 0.251791 
0.363364 -0.119213 
0.36585 0.312123 
-0.289783 -0.174895 
-0.338801 0.281442 
-0.296445 0.450063 
0.244462 0.465411 
-0.250806 -0.103735 
-0.267997 -0.13512 
-0.299291 0.168922 
-0.277846 0.168206 
-0.235801 0.0527969 
-0.248536 0.0421209 
-0.260664 0.167633 
-0.246589 0.167163 
