-0.240286 -0.0204948 
-0.266651 0.248323 
0.15339 0.00926102 
0.144852 0.26815 
0.318441 -0.0816949 
0.315917 0.340653 
-0.321801 -0.13721 
-0.372907 0.312224 
-0.326425 0.469148 
0.204996 0.482795 
-0.279039 -0.075982 
-0.297943 -0.103049 
-0.330683 0.197114 
-0.307381 0.192833 
-0.261911 0.0733675 
-0.275919 0.0652834 
-0.288641 0.189389 
-0.273241 0.18656 
-0.220011 -0.0425903 
-0.245867 0.22935 
0.17838 -0.0115211 
0.170795 0.25027 
0.362877 -0.117589 
0.363495 0.312532 
-0.289913 -0.176996 
-0.339894 0.281215 
-0.300483 0.448792 
0.239574 0.463806 
-0.253075 -0.106164 
-0.269314 -0.137388 
-0.301327 0.167827 
-0.280804 0.166701 
-0.239811 0.0504246 
-0.251911 0.0399565 
-0.264371 0.165798 
-0.250915 0.16506 
