-0.244758 -0.0239596 
-0.27185 0.24544 
0.149115 0.00747684 
0.13956 0.265861 
0.317755 -0.0812702 
0.313495 0.339838 
-0.322444 -0.140148 
-0.374431 0.311035 
-0.330676 0.467069 
0.200119 0.480256 
-0.281658 -0.0791475 
-0.299679 -0.106101 
-0.333082 0.195175 
-0.310639 0.190547 
-0.266157 0.0703246 
-0.27957 0.0624096 
-0.292598 0.186827 
-0.27778 0.183772 
-0.224211 -0.0459976 
-0.25081 0.226527 
0.174227 -0.0131428 
0.165588 0.248121 
0.362381 -0.116789 
0.361145 0.312018 
-0.289941 -0.179872 
-0.340822 0.280125 
-0.30438 0.446779 
0.234748 0.461423 
-0.255274 -0.109265 
-0.270548 -0.140375 
-0.30324 0.165974 
-0.283657 0.164493 
-0.243753 0.0474459 
-0.255211 0.0371515 
-0.267985 0.163307 
-0.255158 0.162337 
