-0.253529 -0.032655 
-0.281955 0.237844 
0.140716 0.00208854 
0.129204 0.259385 
0.316426 -0.0829387 
0.308757 0.335415 
-0.323384 -0.148457 
-0.376924 0.305974 
-0.338701 0.460628 
0.190622 0.472832 
-0.286652 -0.0875654 
-0.302867 -0.114445 
-0.337462 0.188935 
-0.316792 0.183798 
-0.274412 0.0623654 
-0.286608 0.0546772 
-0.300193 0.179673 
-0.28657 0.176288 
-0.232441 -0.0545981 
-0.26041 0.219031 
0.166063 -0.0182295 
0.155391 0.241904 
0.361405 -0.117762 
0.356515 0.308142 
-0.289654 -0.188101 
-0.342139 0.275217 
-0.311708 0.44044 
0.225333 0.454279 
-0.259433 -0.117584 
-0.272736 -0.148625 
-0.306659 0.159871 
-0.289011 0.15787 
-0.251407 0.039593 
-0.261554 0.0295311 
-0.274901 0.15627 
-0.263362 0.154962 
