-0.26204 -0.0437733 
-0.291632 0.227759 
0.132559 -0.00576301 
0.119201 0.250363 
0.315219 -0.0880489 
0.304244 0.327239 
-0.323812 -0.160179 
-0.378621 0.297199 
-0.34604 0.451083 
0.181535 0.462282 
-0.291284 -0.0988817 
-0.30563 -0.125916 
-0.341234 0.17943 
-0.322418 0.174051 
-0.282317 0.0518352 
-0.293257 0.0442107 
-0.307321 0.169735 
-0.29494 0.166195 
-0.240416 -0.0656512 
-0.269591 0.209019 
0.158131 -0.0258118 
0.145536 0.23311 
0.360517 -0.12225 
0.352066 0.300437 
-0.288863 -0.19981 
-0.342682 0.266527 
-0.318368 0.430955 
0.216306 0.443965 
-0.263237 -0.128846 
-0.274507 -0.160056 
-0.309484 0.150449 
-0.293851 0.148205 
-0.258718 0.0291364 
-0.267516 0.0191389 
-0.281362 0.146411 
-0.271154 0.144946 
