-0.266192 -0.0502497 
-0.296302 0.221785 
0.128583 -0.0106088 
0.114349 0.244913 
0.314685 -0.0918984 
0.302103 0.321765 
-0.323822 -0.167358 
-0.379157 0.291403 
-0.34944 0.445152 
0.177169 0.455863 
-0.293454 -0.105648 
-0.306842 -0.132853 
-0.342879 0.173439 
-0.325022 0.168043 
-0.28613 0.0455981 
-0.296426 0.0379408 
-0.3107 0.163715 
-0.298957 0.160166 
-0.244301 -0.072107 
-0.274014 0.203069 
0.154265 -0.0305355 
0.140753 0.227762 
0.360131 -0.125817 
0.349942 0.295171 
-0.288265 -0.207009 
-0.342648 0.260746 
-0.321434 0.425037 
0.211961 0.437648 
-0.264995 -0.135604 
-0.275225 -0.166995 
-0.310662 0.144478 
-0.296066 0.14222 
-0.262236 0.0229231 
-0.270344 0.012891 
-0.284409 0.140416 
-0.274885 0.138943 
