-0.270273 -0.0573329 
-0.300855 0.215201 
0.124683 -0.0160567 
0.109603 0.238853 
0.31421 -0.0965979 
0.300052 0.315398 
-0.323692 -0.17542 
-0.379482 0.284679 
-0.352657 0.438468 
0.172932 0.448711 
-0.295524 -0.113153 
-0.307937 -0.140592 
-0.344361 0.166629 
-0.327484 0.161287 
-0.289847 0.0387198 
-0.299489 0.0309855 
-0.313951 0.157004 
-0.302859 0.153493 
-0.248116 -0.0791779 
-0.278324 0.196503 
0.150472 -0.0358698 
0.136074 0.221797 
0.359796 -0.130252 
0.347901 0.288993 
-0.287528 -0.21511 
-0.342408 0.254018 
-0.32432 0.418355 
0.207742 0.430586 
-0.266654 -0.143113 
-0.275827 -0.174751 
-0.311678 0.137674 
-0.298141 0.135475 
-0.265659 0.0160593 
-0.273068 0.00594712 
-0.287333 0.13372 
-0.278504 0.132287 
