-0.274284 -0.0650133 
-0.305293 0.208024 
0.120861 -0.0220926 
0.104967 0.232205 
0.3138 -0.102129 
0.298103 0.308168 
-0.323422 -0.184359 
-0.379596 0.277047 
-0.35569 0.431052 
0.16883 0.440854 
-0.297495 -0.121387 
-0.308915 -0.149125 
-0.345679 0.159017 
-0.329802 0.153799 
-0.293469 0.0312118 
-0.302446 0.0233565 
-0.317076 0.149617 
-0.306647 0.14619 
-0.251861 -0.0868547 
-0.28252 0.189336 
0.146756 -0.0418005 
0.131502 0.215236 
0.359522 -0.135538 
0.345953 0.281935 
-0.286652 -0.224108 
-0.34196 0.246363 
-0.327027 0.41093 
0.203653 0.42281 
-0.268213 -0.151365 
-0.276312 -0.183318 
-0.312534 0.130052 
-0.300075 0.127986 
-0.268988 0.00855657 
-0.275686 -0.00168124 
-0.290131 0.126337 
-0.28201 0.124991 
