-0.278225 -0.0732771 
-0.309616 0.200273 
0.117118 -0.0286981 
0.100444 0.224993 
0.313464 -0.108465 
0.296262 0.300117 
-0.323013 -0.194162 
-0.379501 0.268535 
-0.358542 0.422936 
0.164869 0.432329 
-0.299366 -0.130337 
-0.309778 -0.15844 
-0.346834 0.150626 
-0.331979 0.145601 
-0.296996 0.0230912 
-0.305297 0.0150712 
-0.320075 0.141575 
-0.310322 0.138276 
-0.255538 -0.0951235 
-0.286602 0.181587 
0.143118 -0.0483093 
0.127042 0.208102 
0.359314 -0.141647 
0.344107 0.274038 
-0.285636 -0.233989 
-0.341308 0.23781 
-0.329554 0.402793 
0.199702 0.414354 
-0.269674 -0.160346 
-0.276683 -0.192681 
-0.313229 0.121636 
-0.301869 0.119774 
-0.272224 0.000431566 
-0.2782 -0.00997692 
-0.292805 0.118289 
-0.285404 0.117076 
