-0.282101 -0.0821055 
-0.313828 0.191975 
0.113458 -0.0358505 
0.096036 0.217245 
0.313207 -0.115574 
0.294537 0.291291 
-0.322468 -0.204807 
-0.379201 0.259182 
-0.361214 0.414154 
0.161053 0.423176 
-0.301142 -0.139983 
-0.310529 -0.168515 
-0.347829 0.141486 
-0.334016 0.136721 
-0.300432 0.0143797 
-0.308046 0.00615251 
-0.32295 0.132903 
-0.313886 0.129777 
-0.259148 -0.103966 
-0.290573 0.173283 
0.139561 -0.0553736 
0.122696 0.200425 
0.359182 -0.148548 
0.342372 0.26535 
-0.284483 -0.244733 
-0.340454 0.228397 
-0.331905 0.39398 
0.195892 0.405262 
-0.271039 -0.170037 
-0.27694 -0.202822 
-0.313767 0.112457 
-0.303526 0.110868 
-0.275368 -0.00829381 
-0.280612 -0.018917 
-0.295357 0.1096 
-0.288687 0.108566 
