-0.285915 -0.0914758 
-0.317931 0.18316 
0.109879 -0.0435234 
0.0917439 0.208994 
0.313033 -0.123419 
0.292934 0.281743 
-0.321791 -0.216267 
-0.378703 0.249033 
-0.363713 0.404751 
0.157383 0.413442 
-0.302826 -0.150299 
-0.31117 -0.179323 
-0.348671 0.131636 
-0.33592 0.127194 
-0.303781 0.00510442 
-0.310696 -0.00337115 
-0.325707 0.123636 
-0.317344 0.120722 
-0.262696 -0.113359 
-0.294437 0.164453 
0.136085 -0.0629666 
0.118464 0.192238 
0.359128 -0.156201 
0.340754 0.255924 
-0.283197 -0.256313 
-0.339405 0.21817 
-0.334085 0.384535 
0.192227 0.395579 
-0.272312 -0.180411 
-0.277088 -0.213713 
-0.314152 0.102552 
-0.30505 0.101302 
-0.278426 -0.0175928 
-0.282926 -0.0284733 
-0.29779 0.100305 
-0.291865 0.099491 
