-0.289672 -0.101361 
-0.321931 0.173861 
0.106382 -0.0516867 
0.0875671 0.200276 
0.312947 -0.131955 
0.291457 0.271531 
-0.320989 -0.228507 
-0.378013 0.238143 
-0.366045 0.394774 
0.153862 0.403176 
-0.304424 -0.161253 
-0.311709 -0.190832 
-0.349364 0.121119 
-0.337695 0.117059 
-0.307047 -0.00470334 
-0.313254 -0.0134664 
-0.328351 0.113808 
-0.3207 0.111147 
-0.266187 -0.123276 
-0.298199 0.155133 
0.13269 -0.0710583 
0.114346 0.183577 
0.359159 -0.164563 
0.339257 0.24582 
-0.281783 -0.268692 
-0.338167 0.207183 
-0.3361 0.374505 
0.188708 0.385355 
-0.273497 -0.191438 
-0.277131 -0.225321 
-0.31439 0.0919655 
-0.306446 0.0911163 
-0.281401 -0.0274339 
-0.285147 -0.0386124 
-0.300112 0.0904392 
-0.294942 0.0898866 
