-0.293378 -0.111729 
-0.325835 0.164118 
0.102965 -0.0603068 
0.0835041 0.191131 
0.312949 -0.141132 
0.290107 0.26072 
-0.320068 -0.241484 
-0.377142 0.226571 
-0.368217 0.384276 
0.150488 0.392432 
-0.305942 -0.17281 
-0.312152 -0.203002 
-0.349917 0.109985 
-0.339348 0.106363 
-0.310237 -0.0150078 
-0.315725 -0.0240953 
-0.330888 0.103464 
-0.323961 0.10109 
-0.269626 -0.133686 
-0.301864 0.14536 
0.129373 -0.0796149 
0.110342 0.174481 
0.359276 -0.173583 
0.337886 0.235101 
-0.280249 -0.28183 
-0.336749 0.195498 
-0.337957 0.363944 
0.185335 0.374644 
-0.274602 -0.203081 
-0.277078 -0.237606 
-0.314488 0.080748 
-0.307721 0.0803573 
-0.284299 -0.0377813 
-0.287281 -0.0492961 
-0.302326 0.0800458 
-0.297925 0.0797917 
