-0.297041 -0.122547 
-0.32965 0.153972 
0.0996238 -0.0693473 
0.0795523 0.181602 
0.313042 -0.150898 
0.288886 0.249375 
-0.319037 -0.255151 
-0.376101 0.214385 
-0.370239 0.373315 
0.147259 0.381268 
-0.307388 -0.184927 
-0.312508 -0.215789 
-0.350339 0.098291 
-0.34089 0.0951568 
-0.313359 -0.0257692 
-0.318118 -0.0352151 
-0.333326 0.0926483 
-0.327135 0.0905949 
-0.273021 -0.144554 
-0.30544 0.135177 
0.126134 -0.0885998 
0.106448 0.164995 
0.359482 -0.183207 
0.336641 0.223836 
-0.278601 -0.295678 
-0.335162 0.183182 
-0.339665 0.352911 
0.182108 0.363505 
-0.275633 -0.215298 
-0.276934 -0.250526 
-0.314456 0.0689554 
-0.308884 0.0690755 
-0.287129 -0.0485953 
-0.289337 -0.0604818 
-0.304443 0.0691713 
-0.300819 0.0692494 
