-0.30067 -0.133777 
-0.333384 0.143469 
0.0963563 -0.0787689 
0.0757079 0.171733 
0.313224 -0.161195 
0.287793 0.237567 
-0.317907 -0.269454 
-0.374901 0.201656 
-0.372121 0.361953 
0.144174 0.369741 
-0.308773 -0.19756 
-0.312785 -0.229144 
-0.350641 0.086096 
-0.342328 0.0834942 
-0.316422 -0.0369442 
-0.320442 -0.0467795 
-0.335675 0.0814121 
-0.330231 0.0797081 
-0.27638 -0.155842 
-0.308936 0.124629 
0.122968 -0.0979736 
0.102662 0.155161 
0.359775 -0.193377 
0.335523 0.212097 
-0.27685 -0.310183 
-0.333417 0.170307 
-0.341234 0.341467 
0.179022 0.351996 
-0.2766 -0.228045 
-0.27671 -0.26403 
-0.314302 0.0566488 
-0.309943 0.0573263 
-0.289898 -0.0598323 
-0.291321 -0.0721227 
-0.306469 0.0578662 
-0.303636 0.0583067 
