-0.315032 -0.181946 
-0.347713 0.0988809 
0.0839116 -0.119409 
0.0612962 0.129813 
0.314781 -0.206426 
0.284631 0.187181 
-0.312617 -0.331782 
-0.368783 0.14691 
-0.378485 0.313818 
0.133158 0.321246 
-0.3139 -0.252193 
-0.313337 -0.287104 
-0.35088 0.0336593 
-0.347275 0.0335033 
-0.328277 -0.0848071 
-0.32925 -0.0964365 
-0.344391 0.0333786 
-0.342033 0.0332766 
-0.289647 -0.204335 
-0.3223 0.0797913 
0.110934 -0.138494 
0.0884849 0.113324 
0.361777 -0.238239 
0.332261 0.161883 
-0.269026 -0.373509 
-0.325113 0.114844 
-0.346346 0.292926 
0.168009 0.303512 
-0.280026 -0.283264 
-0.275214 -0.322741 
-0.312707 0.00364227 
-0.313361 0.00688326 
-0.300563 -0.108033 
-0.298755 -0.122188 
-0.313883 0.00946479 
-0.314308 0.0115696 
