-0.322276 -0.207317 
-0.354664 0.0757882 
0.0779678 -0.140859 
0.0545721 0.108084 
0.315977 -0.230525 
0.28369 0.161148 
-0.309687 -0.365026 
-0.365131 0.118438 
-0.381143 0.28912 
0.128345 0.296442 
-0.316382 -0.281148 
-0.313448 -0.31791 
-0.350598 0.00627091 
-0.349434 0.00742946 
-0.334124 -0.10989 
-0.333523 -0.1225 
-0.348503 0.00835562 
-0.347742 0.00911293 
-0.296327 -0.229917 
-0.328762 0.0565359 
0.1052 -0.159923 
0.081882 0.0916045 
0.363198 -0.262222 
0.331276 0.135889 
-0.264789 -0.407356 
-0.320358 0.0859463 
-0.348376 0.267986 
0.163203 0.278682 
-0.281634 -0.312585 
-0.274271 -0.354009 
-0.311493 -0.0240944 
-0.314744 -0.0194721 
-0.305802 -0.133334 
-0.302326 -0.148511 
-0.317332 -0.0157914 
-0.319442 -0.0127913 
