-0.329684 -0.233 
-0.361595 0.0527563 
0.0721215 -0.162553 
0.0480803 0.0863759 
0.317362 -0.254874 
0.283085 0.135344 
-0.306704 -0.398825 
-0.361232 0.090182 
-0.383589 0.26476 
0.123902 0.271918 
-0.318942 -0.310514 
-0.313583 -0.349186 
-0.350186 -0.0210765 
-0.351516 -0.0186218 
-0.34004 -0.135136 
-0.337836 -0.148734 
-0.352579 -0.0166603 
-0.353447 -0.0150568 
-0.303161 -0.255839 
-0.335196 0.0333195 
0.0995677 -0.18162 
0.0755149 0.0698884 
0.364813 -0.286489 
0.330632 0.110103 
-0.260468 -0.44182 
-0.315346 0.0572343 
-0.350188 0.243364 
0.158771 0.254118 
-0.2833 -0.342359 
-0.273329 -0.385796 
-0.310137 -0.051823 
-0.316038 -0.0458347 
-0.311099 -0.158826 
-0.305924 -0.175036 
-0.320735 -0.0410679 
-0.324563 -0.0371833 
