-0.333478 -0.245825 
-0.365079 0.0414029 
0.0692121 -0.173373 
0.044899 0.075652 
0.3181 -0.266967 
0.282882 0.122703 
-0.305224 -0.415726 
-0.359222 0.076358 
-0.384761 0.252882 
0.121795 0.259905 
-0.320281 -0.325183 
-0.31369 -0.364815 
-0.349961 -0.0345394 
-0.352557 -0.0314626 
-0.343054 -0.147674 
-0.340036 -0.161757 
-0.354631 -0.0290044 
-0.356327 -0.0269952 
-0.306663 -0.268795 
-0.338429 0.0218668 
0.0967668 -0.192448 
0.0723971 0.0591545 
0.365666 -0.298553 
0.33041 0.0974645 
-0.258306 -0.459073 
-0.312775 0.0431742 
-0.351041 0.23135 
0.156671 0.242081 
-0.284184 -0.357246 
-0.272888 -0.401697 
-0.309435 -0.0654863 
-0.316681 -0.0588405 
-0.313798 -0.171497 
-0.307761 -0.188215 
-0.322447 -0.0535511 
-0.327146 -0.0492412 
