-0.3413 -0.271177 
-0.372138 0.0192948 
0.0633741 -0.194724 
0.0386192 0.054696 
0.319607 -0.290658 
0.282617 0.0982684 
-0.302341 -0.449109 
-0.355135 0.0497528 
-0.387057 0.230065 
0.117759 0.236645 
-0.323132 -0.354153 
-0.31404 -0.39568 
-0.349529 -0.0606589 
-0.354694 -0.0564274 
-0.349242 -0.17229 
-0.344579 -0.1873 
-0.358819 -0.0530479 
-0.36219 -0.0502866 
-0.313891 -0.294425 
-0.344978 -0.000452766 
0.0911481 -0.213829 
0.0662467 0.0381682 
0.367404 -0.3222 
0.330112 0.0730288 
-0.254036 -0.49319 
-0.307558 0.0160867 
-0.352695 0.208251 
0.152652 0.218765 
-0.286111 -0.386676 
-0.272121 -0.433133 
-0.308038 -0.0920215 
-0.318011 -0.0841501 
-0.319349 -0.196397 
-0.311568 -0.214088 
-0.325946 -0.0778873 
-0.33241 -0.0727857 
