-0.345348 -0.283598 
-0.375731 0.00864501 
0.0604269 -0.205167 
0.0355029 0.0445509 
0.320353 -0.302128 
0.282532 0.0865951 
-0.300958 -0.465421 
-0.353078 0.037138 
-0.3882 0.219251 
0.11581 0.225496 
-0.324664 -0.36832 
-0.314302 -0.410765 
-0.349339 -0.0731667 
-0.355808 -0.0684172 
-0.352436 -0.184255 
-0.346939 -0.199697 
-0.360972 -0.0646247 
-0.365192 -0.0615265 
-0.317637 -0.306994 
-0.348313 -0.0112137 
0.0883115 -0.224292 
0.063196 0.0280034 
0.368264 -0.333654 
0.33001 0.0613523 
-0.251947 -0.509882 
-0.304931 0.0032286 
-0.353514 0.197293 
0.150713 0.207586 
-0.287174 -0.401083 
-0.271816 -0.448514 
-0.307361 -0.104742 
-0.318717 -0.096318 
-0.32222 -0.20851 
-0.313556 -0.226658 
-0.327751 -0.0896164 
-0.335109 -0.0841582 
