-0.353761 -0.307676 
-0.383079 -0.0115981 
0.054432 -0.225374 
0.0292749 0.0251258 
0.321767 -0.324014 
0.282401 0.0646035 
-0.298349 -0.49687 
-0.348968 0.0136746 
-0.390508 0.199105 
0.112004 0.204377 
-0.327984 -0.395687 
-0.315042 -0.439875 
-0.349051 -0.0967251 
-0.358163 -0.091093 
-0.359066 -0.207226 
-0.35188 -0.223447 
-0.365436 -0.0865975 
-0.371376 -0.0829261 
-0.325437 -0.331381 
-0.355139 -0.0316883 
0.0825389 -0.244551 
0.0571001 0.00853138 
0.369901 -0.355515 
0.329842 0.0393527 
-0.247901 -0.542107 
-0.299675 -0.0207195 
-0.355172 0.176857 
0.146926 0.186402 
-0.289538 -0.428945 
-0.271403 -0.478233 
-0.306088 -0.128732 
-0.320249 -0.119358 
-0.328192 -0.231791 
-0.31774 -0.250765 
-0.33151 -0.111903 
-0.340679 -0.105833 
