-0.362641 -0.330416 
-0.390684 -0.0301331 
0.0482493 -0.244424 
0.0230025 0.00708693 
0.322996 -0.344141 
0.282247 0.0447186 
-0.295984 -0.526218 
-0.344893 -0.00696645 
-0.392879 0.181275 
0.108262 0.185072 
-0.331685 -0.421349 
-0.316108 -0.467105 
-0.348915 -0.117911 
-0.360723 -0.111643 
-0.366056 -0.228583 
-0.357152 -0.24544 
-0.370145 -0.106642 
-0.377838 -0.102559 
-0.333691 -0.354444 
-0.362214 -0.0504646 
0.0765783 -0.263663 
0.0509597 -0.00956318 
0.371342 -0.375621 
0.329644 0.0194609 
-0.244071 -0.572239 
-0.294449 -0.0418346 
-0.35689 0.158734 
0.143202 0.167029 
-0.292266 -0.455116 
-0.271293 -0.506083 
-0.304958 -0.15035 
-0.321975 -0.140277 
-0.334515 -0.253469 
-0.322242 -0.273126 
-0.335504 -0.132269 
-0.346518 -0.12575 
