-0.367269 -0.341174 
-0.394592 -0.0386599 
0.0450696 -0.253431 
0.0198331 -0.0013378 
0.323513 -0.353428 
0.282136 0.0356583 
-0.2949 -0.539917 
-0.342873 -0.0160743 
-0.394096 0.173339 
0.106396 0.176176 
-0.333688 -0.433397 
-0.316772 -0.479851 
-0.348909 -0.127471 
-0.362087 -0.120991 
-0.369697 -0.238541 
-0.359921 -0.255652 
-0.3726 -0.115822 
-0.381182 -0.111603 
-0.338001 -0.365368 
-0.365855 -0.0591151 
0.073509 -0.272703 
0.0478558 -0.0180185 
0.371959 -0.384896 
0.329507 0.0103985 
-0.242245 -0.586328 
-0.291853 -0.0511727 
-0.357778 0.150652 
0.141344 0.158097 
-0.293776 -0.467421 
-0.271362 -0.51914 
-0.304452 -0.160123 
-0.322919 -0.14981 
-0.337818 -0.263591 
-0.324623 -0.283524 
-0.337599 -0.141612 
-0.349547 -0.134939 
