-0.372026 -0.35147 
-0.398573 -0.0466471 
0.0418231 -0.262053 
0.0166344 -0.00933334 
0.323952 -0.362145 
0.281991 0.0272233 
-0.293882 -0.552873 
-0.340863 -0.0243047 
-0.395333 0.166103 
0.104526 0.167813 
-0.335794 -0.444851 
-0.317525 -0.491938 
-0.348945 -0.136275 
-0.363507 -0.129661 
-0.373437 -0.247965 
-0.362782 -0.265282 
-0.375123 -0.124386 
-0.384604 -0.12008 
-0.342438 -0.375834 
-0.369567 -0.0672274 
0.0703719 -0.281361 
0.0447218 -0.0260463 
0.372491 -0.3936 
0.329331 0.00196297 
-0.240482 -0.599671 
-0.289268 -0.0596275 
-0.358688 0.143271 
0.139481 0.149699 
-0.295386 -0.479132 
-0.271516 -0.531538 
-0.303987 -0.169138 
-0.323918 -0.158664 
-0.341219 -0.273181 
-0.327092 -0.293341 
-0.33976 -0.150339 
-0.352653 -0.143563 
