-0.376913 -0.36127 
-0.402628 -0.0540655 
0.0385048 -0.270266 
0.0134019 -0.01688 
0.324302 -0.370261 
0.281804 0.0194341 
-0.292929 -0.565025 
-0.33886 -0.0316151 
-0.39659 0.159596 
0.102646 0.160002 
-0.338005 -0.455666 
-0.318365 -0.503315 
-0.34902 -0.144282 
-0.364982 -0.137616 
-0.377278 -0.256819 
-0.365733 -0.274292 
-0.377713 -0.132299 
-0.388103 -0.12796 
-0.347003 -0.385804 
-0.373351 -0.0747724 
0.0671619 -0.289612 
0.041553 -0.0336267 
0.372928 -0.4017 
0.329109 -0.00582541 
-0.238778 -0.612205 
-0.286691 -0.0671559 
-0.359617 0.136619 
0.137605 0.141851 
-0.297097 -0.490204 
-0.271754 -0.543221 
-0.303562 -0.177353 
-0.324972 -0.166801 
-0.344717 -0.282201 
-0.32965 -0.302538 
-0.341987 -0.158414 
-0.355834 -0.151589 
