-0.381931 -0.370543 
-0.406754 -0.0608906 
0.0351107 -0.27805 
0.0101321 -0.0239623 
0.324556 -0.37775 
0.281569 0.0123044 
-0.292035 -0.576317 
-0.336859 -0.0379714 
-0.397864 0.153841 
0.100753 0.152752 
-0.340316 -0.465801 
-0.319289 -0.513933 
-0.349131 -0.151457 
-0.36651 -0.144822 
-0.381218 -0.265072 
-0.368772 -0.282648 
-0.380369 -0.139531 
-0.391679 -0.135213 
-0.351695 -0.395249 
-0.377206 -0.0817254 
0.0638745 -0.297434 
0.0383457 -0.0407442 
0.373261 -0.409171 
0.328833 -0.0129528 
-0.237132 -0.623871 
-0.284119 -0.0737231 
-0.360563 0.13072 
0.135714 0.134565 
-0.298906 -0.500594 
-0.272073 -0.554143 
-0.303171 -0.184732 
-0.326076 -0.174188 
-0.348313 -0.290621 
-0.332295 -0.311081 
-0.344278 -0.165809 
-0.35909 -0.15899 
