-0.387078 -0.379261 
-0.410951 -0.067103 
0.0316377 -0.285388 
0.00682259 -0.0305688 
0.324707 -0.384592 
0.28128 0.00584123 
-0.291196 -0.586702 
-0.334854 -0.0433483 
-0.39915 0.148853 
0.0988424 0.146072 
-0.342725 -0.475219 
-0.320292 -0.523751 
-0.349272 -0.157773 
-0.368084 -0.151256 
-0.385254 -0.2727 
-0.371897 -0.290323 
-0.383086 -0.146059 
-0.395327 -0.141818 
-0.356515 -0.40414 
-0.38113 -0.0880667 
0.0605065 -0.304811 
0.0350972 -0.0473873 
0.373483 -0.415991 
0.328497 -0.019412 
-0.235538 -0.634621 
-0.281546 -0.0793034 
-0.361522 0.125589 
0.133803 0.127847 
-0.300811 -0.510265 
-0.27247 -0.564261 
-0.302812 -0.191248 
-0.327228 -0.1808 
-0.352003 -0.298416 
-0.335023 -0.318943 
-0.34663 -0.172498 
-0.362418 -0.165743 
