-0.392351 -0.387403 
-0.415215 -0.0726883 
0.0280838 -0.292267 
0.00347166 -0.0366925 
0.324749 -0.390776 
0.280934 4.51918e-05 
-0.290404 -0.59614 
-0.332836 -0.0477297 
-0.400443 0.144643 
0.0969129 0.139961 
-0.345226 -0.483892 
-0.321369 -0.532738 
-0.349435 -0.16321 
-0.3697 -0.156898 
-0.389382 -0.279681 
-0.375102 -0.297296 
-0.385859 -0.151865 
-0.399045 -0.147758 
-0.361458 -0.412456 
-0.385119 -0.0937819 
0.0570556 -0.31173 
0.0318056 -0.0535491 
0.373587 -0.42215 
0.328096 -0.0252027 
-0.233992 -0.644414 
-0.278965 -0.0838804 
-0.36249 0.121236 
0.131871 0.121699 
-0.302807 -0.519187 
-0.272939 -0.57354 
-0.302477 -0.196879 
-0.328421 -0.186619 
-0.355784 -0.305565 
-0.337831 -0.3261 
-0.349038 -0.178466 
-0.365814 -0.171831 
