-0.403257 -0.401899 
-0.423921 -0.081947 
0.0207301 -0.304622 
-0.00335619 -0.0474856 
0.32449 -0.401154 
0.28006 -0.00957723 
-0.288921 -0.612065 
-0.328724 -0.0534913 
-0.403022 0.138554 
0.0929941 0.129429 
-0.350474 -0.498922 
-0.323708 -0.548121 
-0.349794 -0.171413 
-0.373025 -0.165773 
-0.397892 -0.291655 
-0.381727 -0.309079 
-0.391548 -0.161276 
-0.406663 -0.157607 
-0.3717 -0.427301 
-0.393276 -0.103304 
0.0499002 -0.324169 
0.0250902 -0.0644228 
0.373419 -0.432469 
0.32709 -0.0348112 
-0.231005 -0.661011 
-0.273745 -0.0900105 
-0.364423 0.114863 
0.127935 0.111088 
-0.307042 -0.534705 
-0.274063 -0.589488 
-0.301847 -0.205456 
-0.330905 -0.195839 
-0.363598 -0.317874 
-0.34366 -0.33825 
-0.353996 -0.188197 
-0.372789 -0.181977 
