-0.426323 -0.423631 
-0.441866 -0.0929195 
0.00506946 -0.323793 
-0.0174809 -0.0634547 
0.322573 -0.414272 
0.277594 -0.0215258 
-0.286016 -0.631925 
-0.319875 -0.0534767 
-0.407916 0.135335 
0.0849476 0.114699 
-0.361676 -0.519603 
-0.328812 -0.568392 
-0.350341 -0.177381 
-0.379771 -0.174069 
-0.415712 -0.307646 
-0.395587 -0.324018 
-0.40325 -0.171428 
-0.422418 -0.169271 
-0.393422 -0.449734 
-0.410116 -0.114822 
0.0346001 -0.343515 
0.0111609 -0.0805747 
0.371542 -0.445425 
0.324255 -0.0467313 
-0.225145 -0.682048 
-0.262777 -0.0906569 
-0.368053 0.111064 
0.119809 0.0961788 
-0.316226 -0.556308 
-0.276761 -0.61079 
-0.300467 -0.212122 
-0.335994 -0.204803 
-0.380019 -0.334533 
-0.355933 -0.353904 
-0.364249 -0.198982 
-0.387256 -0.194243 
