-0.438346 -0.431024 
-0.450976 -0.0948932 
-0.00318944 -0.330808 
-0.0247321 -0.0688929 
0.320951 -0.417444 
0.276051 -0.0243966 
-0.284356 -0.63617 
-0.314934 -0.0483311 
-0.41008 0.137749 
0.0808672 0.110098 
-0.367435 -0.525492 
-0.33136 -0.573551 
-0.35033 -0.175614 
-0.383011 -0.17388 
-0.424869 -0.311896 
-0.402652 -0.327446 
-0.409099 -0.172496 
-0.430407 -0.171366 
-0.404767 -0.457481 
-0.418673 -0.117083 
0.0265005 -0.350624 
0.00399091 -0.0861185 
0.36986 -0.448502 
0.322471 -0.049597 
-0.222055 -0.686797 
-0.256838 -0.0858216 
-0.369601 0.11317 
0.115664 0.0914721 
-0.320987 -0.562631 
-0.278132 -0.616417 
-0.299527 -0.210688 
-0.338426 -0.204943 
-0.388478 -0.339119 
-0.362211 -0.357685 
-0.369382 -0.200372 
-0.394604 -0.196647 
