-0.462985 -0.439964 
-0.469137 -0.0930842 
-0.0203713 -0.340688 
-0.0394405 -0.0757514 
0.316617 -0.418827 
0.272588 -0.0258543 
-0.279987 -0.635461 
-0.303516 -0.0304247 
-0.413469 0.148786 
0.0727752 0.104989 
-0.378734 -0.529969 
-0.335861 -0.57577 
-0.349233 -0.164746 
-0.38876 -0.166676 
-0.443268 -0.314231 
-0.416597 -0.327729 
-0.420369 -0.168219 
-0.446224 -0.169481 
-0.428039 -0.467148 
-0.435724 -0.115901 
0.00959252 -0.360713 
-0.0105891 -0.0932283 
0.365243 -0.449695 
0.318414 -0.0510924 
-0.214953 -0.686961 
-0.243567 -0.0685642 
-0.371798 0.123521 
0.10739 0.0860994 
-0.330326 -0.567946 
-0.280348 -0.619502 
-0.296655 -0.200506 
-0.342602 -0.19843 
-0.405481 -0.342155 
-0.3746 -0.358693 
-0.379243 -0.196774 
-0.409144 -0.195423 
