-0.469214 -0.441226 
-0.473622 -0.091686 
-0.0247719 -0.342489 
-0.0431326 -0.0768278 
0.315356 -0.418478 
0.271689 -0.0256561 
-0.278587 -0.633852 
-0.300279 -0.024863 
-0.414076 0.152501 
0.0707972 0.104317 
-0.381439 -0.529922 
-0.33678 -0.575049 
-0.34867 -0.160927 
-0.389984 -0.163819 
-0.447829 -0.313812 
-0.419983 -0.326749 
-0.423042 -0.166134 
-0.450093 -0.168027 
-0.433923 -0.468599 
-0.439929 -0.114675 
0.00525139 -0.362573 
-0.0142557 -0.0943779 
0.363878 -0.449303 
0.317345 -0.0509181 
-0.212901 -0.685553 
-0.239897 -0.063183 
-0.372114 0.127041 
0.105357 0.0853472 
-0.332549 -0.568108 
-0.280712 -0.618991 
-0.295665 -0.196871 
-0.343442 -0.19576 
-0.409693 -0.34192 
-0.377599 -0.357902 
-0.381567 -0.194873 
-0.412695 -0.194149 
