-0.475455 -0.442201 
-0.478072 -0.0900088 
-0.0292029 -0.344099 
-0.0468214 -0.0777235 
0.314043 -0.417979 
0.270792 -0.0253515 
-0.277038 -0.63187 
-0.296872 -0.0190573 
-0.414575 0.15647 
0.0688474 0.103796 
-0.384073 -0.529554 
-0.337592 -0.573986 
-0.347972 -0.156832 
-0.391105 -0.160684 
-0.452358 -0.313103 
-0.42331 -0.325475 
-0.42564 -0.163768 
-0.453914 -0.166293 
-0.439817 -0.469767 
-0.444099 -0.113176 
0.000876356 -0.364245 
-0.0179213 -0.0953515 
0.362448 -0.448764 
0.31627 -0.0506446 
-0.210711 -0.68377 
-0.236069 -0.0575697 
-0.372324 0.130806 
0.103349 0.0847407 
-0.334703 -0.567951 
-0.280975 -0.618138 
-0.294547 -0.192969 
-0.344183 -0.192818 
-0.413873 -0.341402 
-0.380542 -0.356824 
-0.383818 -0.192698 
-0.416197 -0.1926 
