-0.4817 -0.442945 
-0.482483 -0.0881056 
-0.033659 -0.345558 
-0.0505027 -0.0784771 
0.312686 -0.417395 
0.269905 -0.0249997 
-0.275328 -0.629627 
-0.293288 -0.0131069 
-0.414962 0.160628 
0.0669304 0.103383 
-0.386627 -0.528947 
-0.338286 -0.572675 
-0.347133 -0.152549 
-0.392118 -0.157346 
-0.456849 -0.312168 
-0.426571 -0.323977 
-0.428159 -0.161189 
-0.457682 -0.164337 
-0.445713 -0.470708 
-0.448229 -0.11146 
-0.00352698 -0.36577 
-0.0215817 -0.0961881 
0.360963 -0.448145 
0.315198 -0.0503319 
-0.208373 -0.681724 
-0.232075 -0.0518255 
-0.372424 0.134747 
0.10137 0.0842345 
-0.336781 -0.567559 
-0.281127 -0.61704 
-0.293295 -0.188889 
-0.344818 -0.189684 
-0.418014 -0.340664 
-0.38342 -0.355528 
-0.38599 -0.190319 
-0.419645 -0.190839 
