-0.487944 -0.443515 
-0.486853 -0.0860306 
-0.038135 -0.346908 
-0.0541728 -0.0791273 
0.311296 -0.416792 
0.269037 -0.0246589 
-0.273448 -0.627236 
-0.289523 -0.00711106 
-0.415235 0.164909 
0.0650506 0.103032 
-0.389093 -0.528184 
-0.338854 -0.571214 
-0.346148 -0.148167 
-0.393016 -0.153883 
-0.461296 -0.311069 
-0.429761 -0.322326 
-0.430592 -0.158465 
-0.461391 -0.162222 
-0.451606 -0.471482 
-0.452315 -0.109582 
-0.00795334 -0.367188 
-0.0252329 -0.0969267 
0.359433 -0.447511 
0.314138 -0.0500385 
-0.205877 -0.679533 
-0.227911 -0.0460522 
-0.372411 0.138797 
0.0994257 0.0837836 
-0.338772 -0.567015 
-0.281159 -0.615795 
-0.291902 -0.184722 
-0.345341 -0.186436 
-0.42211 -0.33977 
-0.386226 -0.354087 
-0.388078 -0.187806 
-0.423034 -0.188926 
