-0.494184 -0.443972 
-0.491178 -0.0838382 
-0.0426264 -0.348189 
-0.0578285 -0.0797122 
0.309881 -0.416233 
0.268194 -0.0243853 
-0.271389 -0.624814 
-0.285573 -0.00116847 
-0.415393 0.169247 
0.0632116 0.1027 
-0.391463 -0.527349 
-0.339288 -0.5697 
-0.345011 -0.143774 
-0.393795 -0.150372 
-0.465696 -0.309871 
-0.432875 -0.320594 
-0.432938 -0.155666 
-0.46504 -0.160008 
-0.457491 -0.472149 
-0.456355 -0.107595 
-0.0123979 -0.368543 
-0.0288713 -0.0976057 
0.357868 -0.446928 
0.313097 -0.0498213 
-0.203214 -0.677316 
-0.223572 -0.0403502 
-0.372284 0.142889 
0.0975196 0.0833447 
-0.34067 -0.566407 
-0.281062 -0.614503 
-0.290363 -0.180559 
-0.345748 -0.183152 
-0.426156 -0.338784 
-0.388956 -0.352574 
-0.390077 -0.185227 
-0.426361 -0.186926 
