-0.500414 -0.444376 
-0.495459 -0.0815828 
-0.047129 -0.349442 
-0.0614669 -0.0802688 
0.30845 -0.415782 
0.267382 -0.0242328 
-0.269144 -0.622478 
-0.281436 0.00462449 
-0.415434 0.173579 
0.0614165 0.102346 
-0.393734 -0.526531 
-0.339582 -0.568234 
-0.34372 -0.139459 
-0.394454 -0.146892 
-0.470045 -0.308638 
-0.435909 -0.318854 
-0.435192 -0.15286 
-0.468625 -0.157759 
-0.463364 -0.472769 
-0.460348 -0.105556 
-0.0168562 -0.369873 
-0.0324941 -0.0982623 
0.356277 -0.446459 
0.312082 -0.0497344 
-0.200377 -0.675191 
-0.219055 -0.0348178 
-0.372041 0.14696 
0.0956551 0.0828759 
-0.34247 -0.565822 
-0.28083 -0.613266 
-0.288675 -0.176488 
-0.346036 -0.179912 
-0.430151 -0.337773 
-0.391606 -0.351063 
-0.391986 -0.182654 
-0.429623 -0.1849 
