-0.506634 -0.444787 
-0.499695 -0.0793173 
-0.0516392 -0.350706 
-0.065086 -0.080833 
0.307011 -0.415498 
0.266608 -0.0242518 
-0.26671 -0.620344 
-0.27711 0.0101747 
-0.41536 0.177842 
0.0596679 0.101931 
-0.395901 -0.525813 
-0.339731 -0.566913 
-0.342273 -0.135307 
-0.39499 -0.143517 
-0.474342 -0.307434 
-0.438862 -0.317177 
-0.437356 -0.150115 
-0.472147 -0.155533 
-0.469223 -0.473405 
-0.464292 -0.103518 
-0.0213245 -0.371218 
-0.0360988 -0.0989324 
0.354667 -0.446164 
0.3111 -0.0498288 
-0.19736 -0.673278 
-0.214359 -0.0295499 
-0.371683 0.150946 
0.0938351 0.0823377 
-0.344167 -0.565346 
-0.280458 -0.612184 
-0.286836 -0.172597 
-0.346203 -0.176791 
-0.43409 -0.336801 
-0.394173 -0.349626 
-0.393803 -0.180154 
-0.432819 -0.18291 
