-0.512842 -0.445265 
-0.503887 -0.0770933 
-0.056154 -0.352019 
-0.0686842 -0.0814385 
0.305569 -0.415437 
0.265876 -0.0244894 
-0.264082 -0.618527 
-0.272597 0.0153932 
-0.415172 0.181978 
0.0579676 0.101418 
-0.397961 -0.52528 
-0.339733 -0.565836 
-0.340671 -0.131401 
-0.395404 -0.140321 
-0.478586 -0.306322 
-0.441732 -0.315633 
-0.439428 -0.147495 
-0.475606 -0.15339 
-0.475065 -0.474115 
-0.46819 -0.101534 
-0.0257995 -0.372617 
-0.0396836 -0.0996502 
0.353047 -0.446098 
0.310155 -0.0501514 
-0.194161 -0.671691 
-0.209484 -0.0246368 
-0.371211 0.154788 
0.0920618 0.0816932 
-0.345757 -0.565064 
-0.279943 -0.611355 
-0.284844 -0.16897 
-0.346248 -0.173865 
-0.437974 -0.335931 
-0.396655 -0.348333 
-0.395526 -0.177792 
-0.435949 -0.181014 
