-0.519038 -0.445867 
-0.508038 -0.0749602 
-0.0606711 -0.353416 
-0.0722605 -0.0821168 
0.304132 -0.415651 
0.26519 -0.0249881 
-0.261258 -0.617135 
-0.267898 0.0201965 
-0.414875 0.185931 
0.0563167 0.100773 
-0.399913 -0.525013 
-0.339586 -0.565094 
-0.338914 -0.127819 
-0.395698 -0.137372 
-0.482778 -0.305361 
-0.44452 -0.314289 
-0.441411 -0.145063 
-0.479003 -0.151387 
-0.480892 -0.474958 
-0.472042 -0.0996521 
-0.0302787 -0.374104 
-0.0432474 -0.100447 
0.351423 -0.446315 
0.309252 -0.0507451 
-0.190775 -0.670542 
-0.204429 -0.0201633 
-0.370628 0.158429 
0.0903366 0.0809087 
-0.34724 -0.56506 
-0.279283 -0.610874 
-0.282701 -0.165686 
-0.346172 -0.171203 
-0.441803 -0.335224 
-0.399054 -0.347252 
-0.397158 -0.175634 
-0.439015 -0.179271 
