-0.525224 -0.446648 
-0.512151 -0.0729645 
-0.0651888 -0.354929 
-0.0758147 -0.082897 
0.302704 -0.416187 
0.264553 -0.0257862 
-0.258239 -0.616272 
-0.263015 0.0245072 
-0.414472 0.189651 
0.0547156 0.0999654 
-0.401758 -0.52509 
-0.339289 -0.564778 
-0.337004 -0.124635 
-0.395873 -0.134737 
-0.486921 -0.30461 
-0.447227 -0.313208 
-0.443306 -0.142877 
-0.482341 -0.149576 
-0.486702 -0.475989 
-0.475852 -0.0979207 
-0.0347602 -0.375712 
-0.0467896 -0.101352 
0.3498 -0.44686 
0.308395 -0.051648 
-0.187202 -0.669936 
-0.199196 -0.0162079 
-0.369937 0.161817 
0.0886602 0.0799537 
-0.348614 -0.56541 
-0.278476 -0.61083 
-0.280407 -0.16282 
-0.345976 -0.168871 
-0.445577 -0.334738 
-0.401369 -0.346448 
-0.3987 -0.173737 
-0.442017 -0.177734 
