-0.531402 -0.447661 
-0.51623 -0.0711492 
-0.069706 -0.356588 
-0.0793469 -0.0838048 
0.301289 -0.417084 
0.263967 -0.0269167 
-0.255024 -0.616035 
-0.257952 0.0282545 
-0.413967 0.19309 
0.0531641 0.0989693 
-0.403497 -0.525583 
-0.338845 -0.56497 
-0.334945 -0.121916 
-0.395932 -0.132476 
-0.491016 -0.304121 
-0.449856 -0.31245 
-0.445117 -0.140993 
-0.485624 -0.148007 
-0.492499 -0.477261 
-0.479623 -0.096383 
-0.0392425 -0.377471 
-0.0503102 -0.102391 
0.348183 -0.447775 
0.307586 -0.0528929 
-0.183443 -0.66997 
-0.193789 -0.0128418 
-0.369142 0.164905 
0.0870326 0.0788017 
-0.349881 -0.566189 
-0.277523 -0.611307 
-0.277966 -0.160439 
-0.345664 -0.166931 
-0.449299 -0.334527 
-0.403603 -0.34598 
-0.400155 -0.172157 
-0.44496 -0.176453 
