-0.537575 -0.448954 
-0.520279 -0.0695539 
-0.0742222 -0.35842 
-0.0828579 -0.0848629 
0.299889 -0.41838 
0.263434 -0.0284073 
-0.251616 -0.616514 
-0.252712 0.0313755 
-0.413366 0.196206 
0.0516613 0.0977616 
-0.405132 -0.52656 
-0.338254 -0.565748 
-0.332741 -0.119724 
-0.39588 -0.130645 
-0.495066 -0.303945 
-0.452411 -0.312069 
-0.446849 -0.13946 
-0.488856 -0.146725 
-0.498283 -0.478822 
-0.483359 -0.0950788 
-0.0437249 -0.379407 
-0.0538098 -0.103587 
0.346574 -0.449094 
0.306827 -0.0545074 
-0.179497 -0.670735 
-0.18821 -0.0101286 
-0.368247 0.167651 
0.0854532 0.07743 
-0.351041 -0.567463 
-0.276426 -0.612383 
-0.275379 -0.158606 
-0.345239 -0.165438 
-0.452971 -0.334641 
-0.405758 -0.345903 
-0.401526 -0.170943 
-0.447847 -0.175473 
