-0.543746 -0.45057 
-0.524305 -0.0682137 
-0.0787373 -0.360446 
-0.0863491 -0.0860903 
0.298506 -0.420102 
0.262952 -0.0302802 
-0.248018 -0.617787 
-0.2473 0.0338152 
-0.412674 0.198963 
0.0502057 0.0963236 
-0.406665 -0.528081 
-0.33752 -0.567179 
-0.330395 -0.118113 
-0.395721 -0.129291 
-0.499077 -0.304124 
-0.454894 -0.312116 
-0.448505 -0.138322 
-0.492042 -0.145772 
-0.504058 -0.480716 
-0.487064 -0.0940434 
-0.0482073 -0.381542 
-0.0572894 -0.104958 
0.344977 -0.450847 
0.306117 -0.0565131 
-0.175369 -0.672309 
-0.182463 -0.00812337 
-0.367259 0.170018 
0.0839206 0.07582 
-0.352098 -0.569294 
-0.275186 -0.614126 
-0.272652 -0.157375 
-0.344704 -0.164442 
-0.456598 -0.335123 
-0.407837 -0.346268 
-0.402818 -0.170141 
-0.450682 -0.174836 
