-0.549918 -0.452548 
-0.528312 -0.067159 
-0.0832518 -0.362685 
-0.089822 -0.0875023 
0.29714 -0.422273 
0.262521 -0.0325517 
-0.244233 -0.619925 
-0.241722 0.035527 
-0.411897 0.20133 
0.0487952 0.0946411 
-0.408101 -0.5302 
-0.336646 -0.569325 
-0.327912 -0.117129 
-0.39546 -0.128457 
-0.503053 -0.3047 
-0.457311 -0.312632 
-0.450091 -0.137619 
-0.495186 -0.145181 
-0.509828 -0.482982 
-0.490744 -0.0933072 
-0.0526898 -0.383893 
-0.0607506 -0.10652 
0.34339 -0.453053 
0.305455 -0.0589261 
-0.17106 -0.674761 
-0.176554 -0.00687237 
-0.366182 0.171976 
0.082433 0.0739579 
-0.353054 -0.571733 
-0.273806 -0.616596 
-0.269788 -0.156792 
-0.344064 -0.163983 
-0.460183 -0.336014 
-0.409845 -0.347115 
-0.404034 -0.16979 
-0.453469 -0.174576 
