-0.556097 -0.454922 
-0.532306 -0.0664152 
-0.0877666 -0.36515 
-0.0932788 -0.0891101 
0.295791 -0.424906 
0.262138 -0.0352323 
-0.240264 -0.622985 
-0.235982 0.0364734 
-0.411041 0.203283 
0.0474272 0.0927043 
-0.409443 -0.532961 
-0.335635 -0.572235 
-0.325299 -0.11681 
-0.395102 -0.128178 
-0.506997 -0.305704 
-0.459666 -0.313655 
-0.451611 -0.137381 
-0.498294 -0.144983 
-0.515595 -0.485653 
-0.494404 -0.0928959 
-0.0571731 -0.386475 
-0.0641953 -0.108283 
0.341815 -0.455728 
0.304841 -0.061756 
-0.166574 -0.678149 
-0.170485 -0.00641269 
-0.365021 0.173498 
0.0809879 0.071834 
-0.353912 -0.574827 
-0.272291 -0.619843 
-0.266793 -0.156895 
-0.343324 -0.164098 
-0.463731 -0.337345 
-0.411785 -0.348483 
-0.40518 -0.16992 
-0.456214 -0.174723 
