-0.562285 -0.457719 
-0.536292 -0.0660027 
-0.0922827 -0.367851 
-0.0967217 -0.0909207 
0.294456 -0.428009 
0.261802 -0.0383262 
-0.236117 -0.627012 
-0.230085 0.036626 
-0.410112 0.204802 
0.0460988 0.0905078 
-0.410694 -0.536401 
-0.334492 -0.575952 
-0.322559 -0.117187 
-0.394652 -0.128482 
-0.510916 -0.307163 
-0.461964 -0.315212 
-0.453072 -0.137635 
-0.501371 -0.145202 
-0.521364 -0.488755 
-0.498049 -0.0928295 
-0.0616583 -0.389295 
-0.0676256 -0.110255 
0.340249 -0.458877 
0.304271 -0.0650066 
-0.161917 -0.682518 
-0.164263 -0.00677185 
-0.363782 0.174567 
0.0795823 0.0694435 
-0.354676 -0.578609 
-0.270643 -0.623908 
-0.26367 -0.157714 
-0.342488 -0.164813 
-0.467244 -0.339143 
-0.413662 -0.350399 
-0.406261 -0.170557 
-0.458921 -0.1753 
