-0.568487 -0.460959 
-0.540277 -0.0659361 
-0.0968014 -0.37079 
-0.100153 -0.0929371 
0.293134 -0.431583 
0.261509 -0.0418319 
-0.231795 -0.632042 
-0.224037 0.035966 
-0.409116 0.205875 
0.0448066 0.0880511 
-0.411858 -0.540547 
-0.33322 -0.580505 
-0.319697 -0.11828 
-0.394116 -0.129389 
-0.514812 -0.309098 
-0.464208 -0.317327 
-0.454478 -0.138399 
-0.504422 -0.145854 
-0.527136 -0.492309 
-0.501684 -0.0931225 
-0.0661465 -0.392356 
-0.0710438 -0.112437 
0.338689 -0.462499 
0.303741 -0.0686753 
-0.157092 -0.687897 
-0.157893 -0.00796762 
-0.362471 0.175171 
0.078213 0.0667861 
-0.355349 -0.583108 
-0.268866 -0.628818 
-0.260425 -0.159268 
-0.341561 -0.166147 
-0.470728 -0.341429 
-0.415479 -0.352884 
-0.407279 -0.171719 
-0.461594 -0.176324 
