-0.580944 -0.468818 
-0.548259 -0.0668698 
-0.105852 -0.377378 
-0.106992 -0.0975765 
0.290511 -0.440101 
0.261031 -0.0500411 
-0.222646 -0.645169 
-0.211505 0.0321808 
-0.40694 0.206665 
0.0423163 0.0823774 
-0.413937 -0.551017 
-0.330303 -0.592181 
-0.313627 -0.122656 
-0.392798 -0.133048 
-0.522552 -0.314438 
-0.468551 -0.323274 
-0.45714 -0.141494 
-0.510464 -0.148494 
-0.538704 -0.500816 
-0.50894 -0.0948144 
-0.0751373 -0.399195 
-0.0778543 -0.117423 
0.335576 -0.47112 
0.302785 -0.0772261 
-0.146958 -0.701743 
-0.144725 -0.0128902 
-0.359649 0.174965 
0.0755686 0.0606936 
-0.356432 -0.594303 
-0.26494 -0.641229 
-0.253584 -0.164617 
-0.339449 -0.170709 
-0.477618 -0.3475 
-0.418947 -0.359605 
-0.409149 -0.175654 
-0.466855 -0.179748 
