-0.587202 -0.473442 
-0.552264 -0.0678701 
-0.110387 -0.381009 
-0.110404 -0.100183 
0.289202 -0.445007 
0.260837 -0.054711 
-0.217827 -0.653264 
-0.20503 0.0290664 
-0.405769 0.206391 
0.0411106 0.0791824 
-0.414855 -0.557345 
-0.328663 -0.599306 
-0.310426 -0.125933 
-0.392023 -0.1358 
-0.526402 -0.317846 
-0.470654 -0.327109 
-0.458403 -0.143826 
-0.51346 -0.150483 
-0.544501 -0.505772 
-0.512569 -0.0962122 
-0.0796422 -0.402953 
-0.0812512 -0.120208 
0.334013 -0.476078 
0.302348 -0.0820725 
-0.141658 -0.7102 
-0.137938 -0.0166023 
-0.358146 0.174165 
0.0742858 0.0572815 
-0.356847 -0.601 
-0.262797 -0.648726 
-0.249997 -0.168404 
-0.338271 -0.173932 
-0.481029 -0.351288 
-0.420603 -0.363842 
-0.410006 -0.178424 
-0.46945 -0.182146 
