-0.59348 -0.47852 
-0.556282 -0.0692158 
-0.114929 -0.384844 
-0.113814 -0.102964 
0.287886 -0.450308 
0.260664 -0.0597254 
-0.212848 -0.662354 
-0.198419 0.0251611 
-0.404545 0.205685 
0.0399263 0.0757706 
-0.415694 -0.564385 
-0.326904 -0.607268 
-0.307118 -0.129919 
-0.391174 -0.13915 
-0.530239 -0.321736 
-0.472714 -0.331507 
-0.459623 -0.146667 
-0.516444 -0.152907 
-0.550309 -0.511188 
-0.5162 -0.0979668 
-0.0841549 -0.406916 
-0.0846456 -0.123171 
0.332438 -0.481429 
0.301931 -0.0872658 
-0.13621 -0.719648 
-0.13102 -0.0211215 
-0.356585 0.172917 
0.0730242 0.0536484 
-0.357178 -0.608411 
-0.260537 -0.657061 
-0.246302 -0.172911 
-0.337015 -0.177766 
-0.48442 -0.355566 
-0.422209 -0.368648 
-0.410813 -0.181715 
-0.472022 -0.184991 
