-0.599776 -0.484037 
-0.560313 -0.0708916 
-0.119479 -0.388863 
-0.117224 -0.105899 
0.28656 -0.455966 
0.260508 -0.0650533 
-0.207712 -0.6724 
-0.191676 0.0204952 
-0.403272 0.204568 
0.0387598 0.0721641 
-0.416451 -0.572114 
-0.325026 -0.616038 
-0.303703 -0.134587 
-0.390251 -0.143078 
-0.534064 -0.326091 
-0.474729 -0.336446 
-0.460802 -0.149999 
-0.519414 -0.15575 
-0.556124 -0.517044 
-0.519836 -0.100062 
-0.0886759 -0.411063 
-0.0880392 -0.126291 
0.330846 -0.487133 
0.301527 -0.0927738 
-0.130617 -0.730045 
-0.123975 -0.0264152 
-0.354968 0.171241 
0.0717798 0.0498172 
-0.357425 -0.616509 
-0.25816 -0.666199 
-0.242501 -0.178111 
-0.335682 -0.182187 
-0.487788 -0.360313 
-0.423764 -0.374002 
-0.411571 -0.185507 
-0.474573 -0.188263 
