-0.606089 -0.489967 
-0.564358 -0.0728759 
-0.124037 -0.39304 
-0.120635 -0.108967 
0.285217 -0.461936 
0.260362 -0.0706579 
-0.202421 -0.683349 
-0.184803 0.0151085 
-0.401948 0.203067 
0.0376076 0.0683893 
-0.417125 -0.580493 
-0.323028 -0.625571 
-0.300182 -0.139901 
-0.389255 -0.147552 
-0.537873 -0.330884 
-0.476699 -0.341899 
-0.461936 -0.153795 
-0.52237 -0.158986 
-0.561944 -0.523315 
-0.523476 -0.102476 
-0.0932052 -0.415365 
-0.0914334 -0.129544 
0.32923 -0.493145 
0.301129 -0.0985585 
-0.124883 -0.74133 
-0.116808 -0.0324405 
-0.353297 0.169167 
0.0705491 0.0458149 
-0.357586 -0.625253 
-0.255667 -0.676092 
-0.238596 -0.183965 
-0.334271 -0.187163 
-0.491133 -0.365505 
-0.425266 -0.379873 
-0.41228 -0.189771 
-0.477102 -0.191937 
