-0.612411 -0.49628 
-0.568415 -0.0751414 
-0.128602 -0.397343 
-0.124048 -0.112139 
0.283851 -0.468168 
0.26022 -0.0764975 
-0.196975 -0.695131 
-0.177799 0.00905052 
-0.400574 0.201215 
0.0364667 0.0644765 
-0.41771 -0.589475 
-0.320906 -0.635811 
-0.296555 -0.145817 
-0.388181 -0.152533 
-0.541664 -0.336084 
-0.478619 -0.347828 
-0.463025 -0.15802 
-0.52531 -0.162585 
-0.567762 -0.529967 
-0.527117 -0.105179 
-0.0977424 -0.419792 
-0.0948292 -0.132904 
0.327585 -0.499413 
0.300732 -0.104577 
-0.11901 -0.753432 
-0.109519 -0.0391447 
-0.351569 0.166727 
0.0693289 0.0416726 
-0.357657 -0.634593 
-0.253056 -0.686681 
-0.234587 -0.190426 
-0.332782 -0.192652 
-0.494451 -0.371104 
-0.426712 -0.386222 
-0.412937 -0.194469 
-0.479606 -0.195981 
