-0.618737 -0.502934 
-0.57248 -0.0776545 
-0.133172 -0.401737 
-0.127463 -0.115386 
0.282457 -0.474605 
0.260076 -0.0825256 
-0.191373 -0.707663 
-0.170667 0.00238052 
-0.399146 0.19905 
0.0353345 0.0604598 
-0.418201 -0.599001 
-0.318656 -0.646688 
-0.292818 -0.15228 
-0.387028 -0.157975 
-0.54543 -0.341648 
-0.480483 -0.354187 
-0.464064 -0.162631 
-0.528229 -0.166509 
-0.573574 -0.536958 
-0.530756 -0.108138 
-0.102286 -0.424308 
-0.0982269 -0.13634 
0.325905 -0.505879 
0.300328 -0.110781 
-0.113001 -0.766259 
-0.102111 -0.0464655 
-0.349784 0.163962 
0.0681162 0.037425 
-0.357633 -0.644467 
-0.250325 -0.697891 
-0.230473 -0.197436 
-0.331211 -0.198604 
-0.497735 -0.37707 
-0.428098 -0.393 
-0.413538 -0.19956 
-0.48208 -0.200355 
