-0.625057 -0.509883 
-0.576548 -0.0803762 
-0.137747 -0.406184 
-0.13088 -0.118674 
0.281031 -0.481186 
0.259924 -0.0886913 
-0.185615 -0.720846 
-0.163404 -0.00483324 
-0.397661 0.196618 
0.034209 0.0563766 
-0.418588 -0.609002 
-0.316273 -0.658121 
-0.288968 -0.159227 
-0.385789 -0.16382 
-0.549164 -0.347529 
-0.482284 -0.360922 
-0.465047 -0.167579 
-0.531121 -0.170713 
-0.579368 -0.54424 
-0.534389 -0.111312 
-0.106835 -0.428872 
-0.101626 -0.139816 
0.324184 -0.512479 
0.299913 -0.11712 
-0.106858 -0.779708 
-0.0945859 -0.0543309 
-0.347938 0.160918 
0.0669087 0.0331106 
-0.357508 -0.6548 
-0.24747 -0.709636 
-0.226251 -0.204928 
-0.329554 -0.204962 
-0.50098 -0.383351 
-0.429416 -0.400151 
-0.414079 -0.20499 
-0.48452 -0.205013 
