-0.631358 -0.517071 
-0.580612 -0.0832618 
-0.142322 -0.41064 
-0.134297 -0.121965 
0.279568 -0.487844 
0.25976 -0.09494 
-0.179698 -0.734568 
-0.156009 -0.0125136 
-0.396114 0.193969 
0.0330886 0.0522678 
-0.418863 -0.619398 
-0.313749 -0.670015 
-0.285 -0.166585 
-0.384459 -0.170005 
-0.552857 -0.353671 
-0.484013 -0.36797 
-0.465965 -0.172808 
-0.533978 -0.175147 
-0.585133 -0.551755 
-0.538008 -0.114655 
-0.111386 -0.43344 
-0.105026 -0.143295 
0.322417 -0.519145 
0.299479 -0.123536 
-0.10058 -0.793661 
-0.086944 -0.0626604 
-0.346027 0.157648 
0.0657044 0.0287709 
-0.357272 -0.665511 
-0.244486 -0.721818 
-0.221919 -0.212829 
-0.327805 -0.211659 
-0.504175 -0.38989 
-0.430659 -0.40761 
-0.414552 -0.210701 
-0.486917 -0.209902 
