-0.656072 -0.546891 
-0.596623 -0.0953791 
-0.160539 -0.427588 
-0.147914 -0.134337 
0.273282 -0.513773 
0.258898 -0.119561 
-0.154349 -0.792142 
-0.125056 -0.0460794 
-0.389147 0.182391 
0.0286514 0.0364796 
-0.418555 -0.662994 
-0.302032 -0.719952 
-0.2678 -0.198421 
-0.378019 -0.196643 
-0.56694 -0.379508 
-0.48995 -0.397798 
-0.468784 -0.195179 
-0.544828 -0.193952 
-0.60761 -0.582777 
-0.552151 -0.128632 
-0.129521 -0.450778 
-0.118581 -0.156398 
0.314826 -0.544979 
0.297475 -0.148758 
-0.0741175 -0.851703 
-0.0552013 -0.0987245 
-0.337593 0.143516 
0.0609064 0.0120771 
-0.35499 -0.710119 
-0.2311 -0.77257 
-0.203376 -0.246728 
-0.319731 -0.24028 
-0.516211 -0.417246 
-0.434635 -0.438979 
-0.415565 -0.234969 
-0.495868 -0.230519 
