-0.667852 -0.561358 
-0.604292 -0.100924 
-0.169505 -0.434804 
-0.154633 -0.139416 
0.269864 -0.525232 
0.258309 -0.130754 
-0.140585 -0.82037 
-0.108694 -0.0631107 
-0.38505 0.176962 
0.0264754 0.0296545 
-0.417315 -0.68443 
-0.295016 -0.744508 
-0.258268 -0.214399 
-0.373951 -0.209878 
-0.573328 -0.392101 
-0.492098 -0.412477 
-0.46948 -0.206145 
-0.549699 -0.20301 
-0.618226 -0.597756 
-0.558839 -0.135108 
-0.138461 -0.458143 
-0.125275 -0.161823 
0.310695 -0.556301 
0.296271 -0.160194 
-0.0600478 -0.879824 
-0.0386045 -0.116898 
-0.332773 0.13679 
0.0585297 0.00481912 
-0.352836 -0.731867 
-0.223395 -0.797279 
-0.193273 -0.263634 
-0.314892 -0.254435 
-0.521554 -0.430529 
-0.435816 -0.454334 
-0.415364 -0.246836 
-0.499764 -0.240452 
