-0.673514 -0.568181 
-0.607984 -0.103332 
-0.173924 -0.437908 
-0.157949 -0.141515 
0.268091 -0.530312 
0.257973 -0.135842 
-0.133405 -0.833753 
-0.100273 -0.0712911 
-0.382803 0.174597 
0.0254072 0.026685 
-0.416353 -0.694627 
-0.291165 -0.756182 
-0.253228 -0.222026 
-0.371652 -0.216141 
-0.576287 -0.398016 
-0.492899 -0.419424 
-0.469589 -0.211274 
-0.551933 -0.207182 
-0.623299 -0.604807 
-0.562031 -0.137978 
-0.142871 -0.461309 
-0.128582 -0.164089 
0.30855 -0.561287 
0.295616 -0.165389 
-0.0527925 -0.893057 
-0.0301165 -0.125613 
-0.330171 0.133775 
0.0573551 0.00163996 
-0.351444 -0.742163 
-0.219247 -0.808956 
-0.187982 -0.27169 
-0.312225 -0.261133 
-0.52399 -0.436765 
-0.436141 -0.461588 
-0.415032 -0.252397 
-0.501509 -0.245049 
