-0.684247 -0.580559 
-0.614987 -0.107068 
-0.182585 -0.442844 
-0.16446 -0.144602 
0.264438 -0.538799 
0.257228 -0.144689 
-0.118413 -0.85819 
-0.0829214 -0.0863905 
-0.377842 0.170951 
0.023332 0.0218792 
-0.413635 -0.713337 
-0.282691 -0.777586 
-0.242536 -0.235992 
-0.366439 -0.227456 
-0.581618 -0.408636 
-0.493843 -0.43203 
-0.469235 -0.220374 
-0.555895 -0.214404 
-0.632844 -0.617577 
-0.568018 -0.142626 
-0.151525 -0.46634 
-0.13508 -0.167494 
0.304118 -0.569538 
0.294206 -0.174414 
-0.0378219 -0.916993 
-0.0127458 -0.141695 
-0.324521 0.128834 
0.0550532 -0.00356983 
-0.347932 -0.760945 
-0.210292 -0.830206 
-0.17687 -0.286434 
-0.306325 -0.273259 
-0.528278 -0.447975 
-0.436163 -0.474741 
-0.413815 -0.262319 
-0.504494 -0.253091 
