-0.689262 -0.585935 
-0.618257 -0.108254 
-0.186805 -0.444576 
-0.167638 -0.145502 
0.262569 -0.54207 
0.256826 -0.148329 
-0.110586 -0.868906 
-0.0739787 -0.0930761 
-0.375097 0.169825 
0.0223352 0.0201371 
-0.411833 -0.721597 
-0.278035 -0.787024 
-0.236858 -0.242108 
-0.36349 -0.232311 
-0.583941 -0.413162 
-0.493942 -0.437492 
-0.468731 -0.224168 
-0.557581 -0.217293 
-0.637263 -0.623117 
-0.570774 -0.144262 
-0.155747 -0.468105 
-0.138255 -0.168546 
0.301844 -0.572666 
0.293457 -0.178125 
-0.0300986 -0.927359 
-0.00385653 -0.148827 
-0.321445 0.127063 
0.0539358 -0.00550586 
-0.345772 -0.769179 
-0.205459 -0.839488 
-0.171027 -0.292897 
-0.30306 -0.278488 
-0.530087 -0.452768 
-0.435818 -0.48044 
-0.412894 -0.266501 
-0.505694 -0.256373 
