-0.698449 -0.594634 
-0.624234 -0.108924 
-0.19497 -0.446341 
-0.173797 -0.145811 
0.258786 -0.546364 
0.255984 -0.153774 
-0.0942368 -0.886556 
-0.0555316 -0.104165 
-0.369001 0.169336 
0.0204528 0.0181916 
-0.407236 -0.735332 
-0.267808 -0.802696 
-0.224774 -0.25208 
-0.356821 -0.239941 
-0.587783 -0.42022 
-0.493279 -0.446258 
-0.466972 -0.229815 
-0.560256 -0.221239 
-0.645261 -0.632076 
-0.575717 -0.145819 
-0.163928 -0.469909 
-0.144416 -0.169144 
0.297218 -0.57663 
0.291897 -0.18368 
-0.0141569 -0.944117 
0.0143461 -0.160715 
-0.314722 0.125294 
0.0517968 -0.00782333 
-0.340553 -0.782735 
-0.195016 -0.854693 
-0.158716 -0.303477 
-0.295826 -0.286802 
-0.532918 -0.460302 
-0.434312 -0.489606 
-0.410337 -0.272875 
-0.507411 -0.261069 
