-0.706334 -0.600085 
-0.629328 -0.106911 
-0.202694 -0.445586 
-0.179637 -0.143903 
0.255002 -0.547338 
0.255134 -0.156475 
-0.0769272 -0.898269 
-0.0363035 -0.111547 
-0.362001 0.171656 
0.0187618 0.0185466 
-0.401184 -0.744651 
-0.256269 -0.813305 
-0.211644 -0.258405 
-0.349018 -0.244231 
-0.590401 -0.424105 
-0.49133 -0.451583 
-0.464083 -0.232359 
-0.561865 -0.222271 
-0.651972 -0.637699 
-0.579773 -0.144674 
-0.171686 -0.469159 
-0.150269 -0.167504 
0.292552 -0.577221 
0.290296 -0.186448 
0.0024655 -0.954708 
0.033134 -0.168775 
-0.30715 0.126342 
0.0498279 -0.00782012 
-0.334017 -0.791716 
-0.183463 -0.864644 
-0.145511 -0.310297 
-0.287558 -0.291691 
-0.534561 -0.464587 
-0.431593 -0.495235 
-0.40671 -0.276083 
-0.50809 -0.262804 
