-0.709727 -0.601427 
-0.631499 -0.104761 
-0.206365 -0.444189 
-0.182416 -0.142044 
0.253136 -0.546489 
0.254724 -0.156707 
-0.0679042 -0.901629 
-0.0263869 -0.113634 
-0.358129 0.174021 
0.0180046 0.0196643 
-0.39757 -0.747433 
-0.24998 -0.816466 
-0.204662 -0.259995 
-0.344657 -0.244938 
-0.591199 -0.42469 
-0.489827 -0.452771 
-0.462173 -0.232299 
-0.562223 -0.221539 
-0.654787 -0.639096 
-0.581426 -0.142953 
-0.17538 -0.467752 
-0.15306 -0.165775 
0.29023 -0.576163 
0.289498 -0.186699 
0.0110375 -0.957433 
0.0427536 -0.171158 
-0.303015 0.128073 
0.0489239 -0.00687158 
-0.330219 -0.794275 
-0.177247 -0.867412 
-0.138552 -0.312096 
-0.283005 -0.292668 
-0.534888 -0.465346 
-0.429737 -0.496542 
-0.404457 -0.276334 
-0.507996 -0.262409 
