-0.712725 -0.601774 
-0.633398 -0.101788 
-0.209895 -0.442082 
-0.185091 -0.139555 
0.251301 -0.544718 
0.254335 -0.156158 
-0.0586344 -0.903219 
-0.0162652 -0.11456 
-0.353994 0.177256 
0.017315 0.0214405 
-0.393547 -0.748871 
-0.243334 -0.818098 
-0.197392 -0.26045 
-0.339972 -0.244607 
-0.591632 -0.424298 
-0.48795 -0.452897 
-0.459933 -0.231278 
-0.562263 -0.219907 
-0.657215 -0.639479 
-0.582809 -0.140405 
-0.178937 -0.465628 
-0.155749 -0.16341 
0.287932 -0.574175 
0.288712 -0.186162 
0.0197848 -0.958349 
0.0525262 -0.172357 
-0.298635 0.130675 
0.0480824 -0.00526079 
-0.326051 -0.795459 
-0.17073 -0.868616 
-0.131347 -0.312737 
-0.27816 -0.29259 
-0.534864 -0.465112 
-0.427529 -0.496767 
-0.401894 -0.27561 
-0.507594 -0.261104 
