-0.719187 -0.596494 
-0.637335 -0.0875926 
-0.219559 -0.4314 
-0.192428 -0.128173 
0.246096 -0.533805 
0.253368 -0.1497 
-0.029359 -0.896989 
0.0153396 -0.109923 
-0.339918 0.192567 
0.0157126 0.0308622 
-0.378937 -0.74471 
-0.221217 -0.813414 
-0.173808 -0.254574 
-0.323902 -0.236977 
-0.590608 -0.416891 
-0.479962 -0.446514 
-0.451128 -0.222061 
-0.560342 -0.209257 
-0.662026 -0.634213 
-0.585214 -0.127489 
-0.188709 -0.454864 
-0.163143 -0.152387 
0.281294 -0.562567 
0.286519 -0.179701 
0.0470718 -0.949928 
0.0827689 -0.168415 
-0.283938 0.144069 
0.0459945 0.00368081 
-0.311262 -0.790385 
-0.149336 -0.86248 
-0.108218 -0.307311 
-0.261796 -0.285637 
-0.53256 -0.458101 
-0.418701 -0.490583 
-0.392243 -0.267227 
-0.504419 -0.251396 
