-0.720459 -0.592565 
-0.638031 -0.081034 
-0.22245 -0.426385 
-0.194627 -0.12306 
0.244496 -0.528322 
0.25314 -0.145937 
-0.0191254 -0.891233 
0.0262856 -0.105829 
-0.334649 0.199619 
0.0153516 0.0353856 
-0.373208 -0.740444 
-0.213121 -0.808618 
-0.165349 -0.250129 
-0.317857 -0.232148 
-0.589462 -0.412279 
-0.47649 -0.442065 
-0.447473 -0.216866 
-0.558993 -0.203718 
-0.662771 -0.630265 
-0.585406 -0.121362 
-0.191643 -0.449813 
-0.165366 -0.147391 
0.279205 -0.556846 
0.285869 -0.175927 
0.0565085 -0.94341 
0.0931575 -0.164524 
-0.278501 0.150472 
0.0454626 0.00804714 
-0.30556 -0.78578 
-0.141591 -0.857165 
-0.099998 -0.30299 
-0.255718 -0.281015 
-0.531021 -0.453602 
-0.415003 -0.486178 
-0.388351 -0.262298 
-0.502678 -0.246164 
