-0.72128 -0.587551 
-0.63841 -0.0735494 
-0.225168 -0.420659 
-0.196695 -0.117295 
0.242979 -0.521951 
0.252971 -0.141385 
-0.00866489 -0.883687 
0.0374331 -0.100458 
-0.329086 0.207663 
0.0150843 0.040595 
-0.367053 -0.734755 
-0.204669 -0.802235 
-0.156593 -0.24444 
-0.311465 -0.226172 
-0.587905 -0.406591 
-0.472609 -0.436456 
-0.443454 -0.210603 
-0.557281 -0.197176 
-0.663078 -0.625224 
-0.585286 -0.114314 
-0.194408 -0.444048 
-0.16746 -0.141742 
0.277194 -0.550234 
0.285275 -0.171362 
0.0661095 -0.9351 
0.103698 -0.159349 
-0.272791 0.157857 
0.0450203 0.0130996 
-0.299474 -0.779741 
-0.133546 -0.850254 
-0.0915244 -0.297418 
-0.249327 -0.275241 
-0.529089 -0.448023 
-0.410922 -0.480604 
-0.384118 -0.256298 
-0.500589 -0.23993 
