-0.721649 -0.58147 
-0.638471 -0.065145 
-0.227709 -0.41424 
-0.198631 -0.11089 
0.241555 -0.514723 
0.252868 -0.136063 
0.00201379 -0.874417 
0.0487784 -0.0938329 
-0.323229 0.216694 
0.014914 0.0464784 
-0.360475 -0.727677 
-0.195871 -0.794311 
-0.147544 -0.237529 
-0.30473 -0.219065 
-0.585938 -0.399843 
-0.468321 -0.429704 
-0.43907 -0.203284 
-0.555208 -0.189641 
-0.662946 -0.61911 
-0.584853 -0.106354 
-0.197 -0.43759 
-0.169425 -0.135455 
0.275273 -0.542766 
0.284742 -0.166026 
0.0758692 -0.925069 
0.114387 -0.152915 
-0.266808 0.166217 
0.0446713 0.0188252 
-0.293011 -0.772308 
-0.125207 -0.841799 
-0.0828004 -0.290621 
-0.242625 -0.268335 
-0.526765 -0.441381 
-0.406463 -0.473885 
-0.379544 -0.249244 
-0.498153 -0.232705 
