-0.721046 -0.566236 
-0.637648 -0.0456476 
-0.23226 -0.399438 
-0.202106 -0.0962419 
0.239012 -0.497869 
0.252882 -0.123225 
0.023984 -0.851051 
0.0720407 -0.0769791 
-0.310639 0.237654 
0.0148719 0.0601903 
-0.346096 -0.709574 
-0.17728 -0.77411 
-0.128592 -0.220197 
-0.290249 -0.201588 
-0.580791 -0.383288 
-0.458547 -0.412916 
-0.429227 -0.185589 
-0.549985 -0.171688 
-0.661383 -0.603803 
-0.583054 -0.0877757 
-0.201661 -0.422705 
-0.17296 -0.121044 
0.271728 -0.525438 
0.283886 -0.153161 
0.0958375 -0.900218 
0.136198 -0.136449 
-0.254028 0.185792 
0.0442619 0.0322163 
-0.278985 -0.753493 
-0.107686 -0.820548 
-0.0646233 -0.273519 
-0.22831 -0.251268 
-0.52096 -0.42504 
-0.396428 -0.457161 
-0.369391 -0.232089 
-0.492248 -0.215388 
