-0.72009 -0.557176 
-0.636775 -0.0346122 
-0.234272 -0.391123 
-0.203646 -0.08805 
0.237905 -0.488343 
0.253007 -0.115782 
0.0352517 -0.837172 
0.0839446 -0.0668627 
-0.303916 0.249527 
0.0150017 0.0679672 
-0.338321 -0.698694 
-0.167515 -0.762009 
-0.118707 -0.209885 
-0.28252 -0.191312 
-0.577626 -0.373569 
-0.453078 -0.40298 
-0.423782 -0.175296 
-0.546849 -0.161343 
-0.659968 -0.594707 
-0.5817 -0.0772196 
-0.203731 -0.41435 
-0.174532 -0.112975 
0.270118 -0.515681 
0.283573 -0.145706 
0.10603 -0.885626 
0.147311 -0.126534 
-0.247241 0.196944 
0.044204 0.0398286 
-0.271447 -0.742264 
-0.0985262 -0.807937 
-0.0551848 -0.263332 
-0.220711 -0.241207 
-0.517493 -0.415434 
-0.390871 -0.447262 
-0.363826 -0.222077 
-0.488793 -0.205373 
