-0.718714 -0.547234 
-0.635606 -0.0227719 
-0.236111 -0.382253 
-0.205057 -0.0793227 
0.236913 -0.478162 
0.253216 -0.107713 
0.0466899 -0.821999 
0.0960198 -0.0557154 
-0.296916 0.262274 
0.0152313 0.0763154 
-0.330176 -0.686712 
-0.157458 -0.748714 
-0.108563 -0.198569 
-0.274479 -0.180093 
-0.574081 -0.362965 
-0.447238 -0.392102 
-0.418001 -0.164111 
-0.543376 -0.150149 
-0.658146 -0.584733 
-0.580053 -0.065874 
-0.205631 -0.405441 
-0.175977 -0.104374 
0.268623 -0.505274 
0.283342 -0.137628 
0.116349 -0.869764 
0.158554 -0.115599 
-0.240197 0.208951 
0.0442436 0.0480082 
-0.263579 -0.729942 
-0.0891192 -0.794147 
-0.0455252 -0.252149 
-0.212831 -0.230211 
-0.513665 -0.404949 
-0.384968 -0.436428 
-0.357948 -0.211183 
-0.485014 -0.194522 
