-0.714764 -0.524996 
-0.632425 0.00311751 
-0.239291 -0.36304 
-0.207513 -0.0604164 
0.235283 -0.456092 
0.25389 -0.0899018 
0.0700195 -0.788339 
0.120647 -0.0306764 
-0.282121 0.290187 
0.0159813 0.09457 
-0.312855 -0.659861 
-0.136544 -0.719024 
-0.0875479 -0.173266 
-0.257514 -0.155127 
-0.565912 -0.339384 
-0.434505 -0.367832 
-0.405484 -0.139336 
-0.535468 -0.125464 
-0.653346 -0.56245 
-0.575928 -0.0410282 
-0.208935 -0.386157 
-0.178499 -0.0857316 
0.265989 -0.48277 
0.283134 -0.11981 
0.137324 -0.83481 
0.181403 -0.0910231 
-0.225374 0.235309 
0.0446086 0.0659115 
-0.246921 -0.70245 
-0.0696256 -0.763523 
-0.0255863 -0.227149 
-0.196277 -0.20573 
-0.504982 -0.381636 
-0.372188 -0.412277 
-0.345301 -0.187029 
-0.476537 -0.170561 
