-0.702623 -0.473575 
-0.623114 0.0619013 
-0.243849 -0.320251 
-0.211132 -0.0180789 
0.233419 -0.40709 
0.256234 -0.0491905 
0.118041 -0.712081 
0.171502 0.0274963 
-0.249679 0.353801 
0.0185277 0.13602 
-0.274693 -0.597942 
-0.092081 -0.651014 
-0.0430242 -0.114788 
-0.220488 -0.0976279 
-0.545754 -0.28513 
-0.405341 -0.311869 
-0.377067 -0.0824875 
-0.516244 -0.0690297 
-0.639649 -0.511036 
-0.564751 0.0154143 
-0.21375 -0.343265 
-0.182244 -0.043982 
0.262145 -0.432983 
0.283721 -0.0791398 
0.180279 -0.756334 
0.228305 -0.0339706 
-0.193096 0.295482 
0.0463762 0.106591 
-0.210476 -0.639432 
-0.0284151 -0.693899 
0.016403 -0.169463 
-0.160399 -0.149382 
-0.483989 -0.328059 
-0.343213 -0.356697 
-0.316869 -0.13161 
-0.456323 -0.115771 
