-0.694783 -0.445985 
-0.61726 0.0935488 
-0.245372 -0.297628 
-0.212428 0.0045255 
0.233126 -0.381329 
0.257845 -0.0272895 
0.142459 -0.67201 
0.197524 0.0587947 
-0.232247 0.388214 
0.0202242 0.158378 
-0.25422 -0.564921 
-0.0688763 -0.614957 
-0.0197781 -0.0834068 
-0.200705 -0.0667426 
-0.534084 -0.256016 
-0.389232 -0.281859 
-0.361451 -0.0519373 
-0.505214 -0.0386961 
-0.631094 -0.483502 
-0.557963 0.0457522 
-0.215397 -0.320611 
-0.183592 -0.0217039 
0.260886 -0.40687 
0.284464 -0.0572884 
0.202038 -0.715323 
0.252182 -0.00332848 
-0.175848 0.327992 
0.0476844 0.128527 
-0.191029 -0.605951 
-0.00700215 -0.657157 
0.0382155 -0.13857 
-0.141337 -0.119166 
-0.471987 -0.299357 
-0.327327 -0.326954 
-0.301355 -0.101873 
-0.444861 -0.0863652 
