-0.660914 -0.354011 
-0.592796 0.203779 
-0.248166 -0.22035 
-0.215625 0.0835444 
0.234429 -0.29404 
0.264779 0.0488015 
0.227557 -0.541112 
0.289549 0.163635 
-0.166856 0.509346 
0.0271892 0.237448 
-0.178313 -0.455641 
0.0145354 -0.496252 
0.0643183 0.0217305 
-0.127268 0.0375177 
-0.487539 -0.158021 
-0.32755 -0.181296 
-0.301838 0.0519029 
-0.461563 0.0650647 
-0.594986 -0.391793 
-0.530172 0.150763 
-0.218574 -0.24327 
-0.186886 0.0560463 
0.258963 -0.318477 
0.288458 0.0185482 
0.277507 -0.581549 
0.336011 0.0990381 
-0.111619 0.441634 
0.0533315 0.205971 
-0.119413 -0.495224 
0.0695278 -0.536316 
0.116572 -0.0353279 
-0.0710938 -0.0174924 
-0.424665 -0.202993 
-0.267001 -0.227484 
-0.242614 -0.00119137 
-0.399987 0.0137651 
