-0.655476 -0.342799 
-0.588977 0.218195 
-0.248381 -0.210308 
-0.216045 0.0940904 
0.234779 -0.282731 
0.265802 0.0588206 
0.239417 -0.525143 
0.302567 0.176524 
-0.157145 0.525396 
0.0281821 0.248102 
-0.167192 -0.442292 
0.0264644 -0.481752 
0.0764371 0.0346991 
-0.11647 0.0505137 
-0.480376 -0.14587 
-0.318292 -0.16889 
-0.292901 0.0649776 
-0.454881 0.0782568 
-0.589263 -0.380588 
-0.525869 0.164383 
-0.218835 -0.233214 
-0.187308 0.0664049 
0.258876 -0.307011 
0.289077 0.0285338 
0.287973 -0.56516 
0.347785 0.11161 
-0.102143 0.456545 
0.0541432 0.216385 
-0.108983 -0.48164 
0.0804126 -0.521489 
0.127788 -0.0226004 
-0.0608343 -0.00484855 
-0.417441 -0.191058 
-0.258009 -0.21521 
-0.233867 0.0114361 
-0.393167 0.0264283 
