-0.649921 -0.332337 
-0.585104 0.232002 
-0.248578 -0.200663 
-0.216484 0.1043 
0.235139 -0.271857 
0.266802 0.0684751 
0.251147 -0.51012 
0.315493 0.188598 
-0.147379 0.540836 
0.0291447 0.258442 
-0.156053 -0.429779 
0.0383419 -0.468133 
0.0885285 0.0468698 
-0.105641 0.062751 
-0.47312 -0.134456 
-0.308963 -0.15725 
-0.283896 0.0773307 
-0.448118 0.0907625 
-0.583433 -0.370115 
-0.521511 0.177393 
-0.219075 -0.223551 
-0.187744 0.076429 
0.258803 -0.295977 
0.289675 0.0381595 
0.298307 -0.549699 
0.359449 0.123393 
-0.0926308 0.470844 
0.0549266 0.226487 
-0.0985538 -0.46887 
0.0912333 -0.507524 
0.138957 -0.0106481 
-0.0505651 0.00705543 
-0.410138 -0.179842 
-0.248965 -0.203681 
-0.225071 0.0233563 
-0.386279 0.038415 
