-0.638474 -0.313952 
-0.577206 0.257455 
-0.248942 -0.182723 
-0.217443 0.12354 
0.235848 -0.251551 
0.268685 0.0865324 
0.274145 -0.48313 
0.340977 0.209995 
-0.127726 0.56952 
0.0309428 0.278003 
-0.133771 -0.407512 
0.0618783 -0.443781 
0.11256 0.0685182 
-0.083943 0.0846409 
-0.458351 -0.114134 
-0.290134 -0.136557 
-0.265723 0.0995557 
-0.434375 0.113393 
-0.571474 -0.351629 
-0.512647 0.201265 
-0.219521 -0.205556 
-0.188689 0.0953074 
0.258666 -0.275338 
0.290768 0.056178 
0.318514 -0.521762 
0.382365 0.14431 
-0.0735475 0.497259 
0.0563716 0.245582 
-0.0777488 -0.446011 
0.112619 -0.482403 
0.161085 0.0106546 
-0.0300519 0.0283575 
-0.395322 -0.159847 
-0.230766 -0.183134 
-0.207373 0.0447807 
-0.372324 0.0600583 
