-0.626586 -0.299348 
-0.569103 0.279519 
-0.249305 -0.1668 
-0.21855 0.140958 
0.236482 -0.233343 
0.270349 0.102704 
0.296415 -0.460461 
0.365826 0.22731 
-0.107974 0.594724 
0.0325167 0.295818 
-0.111564 -0.389247 
0.0850244 -0.423562 
0.136279 0.0861736 
-0.0622725 0.102656 
-0.443264 -0.0975765 
-0.271126 -0.119713 
-0.24738 0.118023 
-0.420364 0.132383 
-0.559132 -0.336794 
-0.503592 0.221806 
-0.219959 -0.189546 
-0.18977 0.112388 
0.258476 -0.25677 
0.291658 0.0723462 
0.338 -0.498024 
0.404594 0.161323 
-0.054457 0.520258 
0.0575992 0.262955 
-0.0570955 -0.427019 
0.13357 -0.461285 
0.182825 0.0281238 
-0.00965592 0.045928 
-0.380261 -0.143488 
-0.212474 -0.166297 
-0.189589 0.0625715 
-0.358162 0.0781643 
