-0.620471 -0.293579 
-0.564965 0.289116 
-0.249495 -0.159658 
-0.21917 0.148908 
0.236751 -0.22507 
0.271075 0.110022 
0.307238 -0.450789 
0.377959 0.234323 
-0.0980822 0.605839 
0.0332018 0.303992 
-0.100514 -0.381691 
0.0964179 -0.415063 
0.147982 0.0933931 
-0.051474 0.110087 
-0.435605 -0.0908329 
-0.261569 -0.112846 
-0.238158 0.125711 
-0.413259 0.140366 
-0.552816 -0.330849 
-0.49899 0.230676 
-0.220185 -0.182345 
-0.190373 0.120181 
0.258341 -0.248303 
0.292003 0.0796784 
0.347436 -0.487765 
0.415399 0.168267 
-0.0449333 0.530313 
0.0581135 0.270921 
-0.0468513 -0.41904 
0.14385 -0.452279 
0.19351 0.0353237 
0.000469947 0.0532041 
-0.372645 -0.136784 
-0.203311 -0.15937 
-0.180681 0.0699833 
-0.35101 0.08576 
