-0.60787 -0.285246 
-0.556479 0.305176 
-0.249907 -0.147092 
-0.220555 0.163176 
0.237156 -0.21022 
0.272279 0.123049 
0.328193 -0.434747 
0.401538 0.244941 
-0.0783014 0.624804 
0.0343404 0.31876 
-0.0785612 -0.369783 
0.118789 -0.401303 
0.171003 0.104497 
-0.0299962 0.121642 
-0.420045 -0.0805731 
-0.242368 -0.102351 
-0.219631 0.137818 
-0.398838 0.153104 
-0.539881 -0.322021 
-0.489607 0.245386 
-0.220667 -0.169627 
-0.191719 0.134166 
0.257955 -0.233038 
0.292457 0.0927717 
0.365632 -0.47043 
0.436296 0.178934 
-0.0259703 0.547282 
0.058914 0.285306 
-0.0265688 -0.40615 
0.163965 -0.437377 
0.214442 0.0465588 
0.0205292 0.0646121 
-0.357245 -0.126458 
-0.184973 -0.148605 
-0.16286 0.0816857 
-0.336561 0.0978572 
