-0.601368 -0.282704 
-0.552111 0.311563 
-0.250129 -0.141684 
-0.221322 0.169465 
0.237283 -0.20364 
0.272743 0.128745 
0.338302 -0.42833 
0.412947 0.248535 
-0.0684237 0.63257 
0.0347854 0.325323 
-0.0676709 -0.365414 
0.129747 -0.396009 
0.182294 0.108371 
-0.0193323 0.125742 
-0.412137 -0.0770862 
-0.232727 -0.0987393 
-0.210329 0.142197 
-0.391515 0.157807 
-0.533249 -0.319154 
-0.484813 0.251163 
-0.220923 -0.164124 
-0.192465 0.140331 
0.257694 -0.226234 
0.292553 0.0985229 
0.374372 -0.463304 
0.446353 0.182657 
-0.0165452 0.554126 
0.0591914 0.291698 
-0.0165437 -0.401218 
0.173782 -0.431446 
0.224664 0.050592 
0.0304462 0.0687283 
-0.349457 -0.122858 
-0.175805 -0.144775 
-0.153953 0.0859478 
-0.32926 0.102318 
