-0.59472 -0.281241 
-0.547642 0.316823 
-0.250361 -0.13686 
-0.222138 0.17518 
0.237353 -0.197613 
0.273109 0.133899 
0.348153 -0.42293 
0.424079 0.251004 
-0.0585607 0.639153 
0.0351435 0.331329 
-0.0568449 -0.36207 
0.140544 -0.391732 
0.193425 0.111142 
-0.00872724 0.128728 
-0.404137 -0.0746945 
-0.223061 -0.0962083 
-0.201003 0.145455 
-0.384107 0.161384 
-0.5265 -0.317309 
-0.479937 0.255861 
-0.221191 -0.15919 
-0.193258 0.145937 
0.257383 -0.219972 
0.292554 0.103747 
0.382862 -0.457156 
0.456128 0.185326 
-0.00716561 0.55985 
0.0593827 0.297547 
-0.00660266 -0.397262 
0.183429 -0.426486 
0.234708 0.0535882 
0.0402789 0.0717957 
-0.341607 -0.120294 
-0.166639 -0.141968 
-0.14505 0.089151 
-0.321904 0.105713 
