-0.580945 -0.28147 
-0.538347 0.32393 
-0.25085 -0.128935 
-0.22391 0.184892 
0.237317 -0.187144 
0.273531 0.142622 
0.367056 -0.414961 
0.445456 0.252695 
-0.0388927 0.648741 
0.0355933 0.341674 
-0.0354001 -0.35829 
0.161629 -0.386034 
0.215165 0.113497 
0.0122858 0.131451 
-0.387839 -0.0731227 
-0.20365 -0.0942855 
-0.182274 0.148668 
-0.369015 0.165193 
-0.512616 -0.3166 
-0.469899 0.262019 
-0.221753 -0.151 
-0.194983 0.155475 
0.256597 -0.209 
0.292259 0.112656 
0.399073 -0.447572 
0.474784 0.187642 
0.0114382 0.567927 
0.0595001 0.307626 
0.013013 -0.392111 
0.202195 -0.419289 
0.25423 0.0566003 
0.05967 0.0748858 
-0.325704 -0.118192 
-0.14832 -0.139308 
-0.127262 0.0924544 
-0.307007 0.109348 
