-0.573796 -0.28309 
-0.533491 0.325795 
-0.251101 -0.125804 
-0.224859 0.188905 
0.237208 -0.182657 
0.273584 0.146226 
0.376102 -0.412256 
0.455676 0.252016 
-0.0290928 0.651763 
0.0356846 0.34603 
-0.0247862 -0.357744 
0.171909 -0.38449 
0.225759 0.113177 
0.0226858 0.131266 
-0.379528 -0.073875 
-0.193903 -0.0948115 
-0.172869 0.148685 
-0.361314 0.165471 
-0.505465 -0.317661 
-0.464712 0.263505 
-0.222043 -0.147715 
-0.19591 0.159425 
0.25612 -0.204245 
0.29196 0.116378 
0.406789 -0.444006 
0.483645 0.18739 
0.0206552 0.57031 
0.0594253 0.311875 
0.0226834 -0.390808 
0.211307 -0.416932 
0.263694 0.0567114 
0.0692205 0.0749897 
-0.317642 -0.118583 
-0.139165 -0.139372 
-0.118376 0.0926217 
-0.299455 0.109641 
