-0.558925 -0.289084 
-0.523284 0.326286 
-0.251598 -0.121095 
-0.226867 0.195328 
0.236811 -0.175024 
0.273373 0.152046 
0.393377 -0.409002 
0.475142 0.247951 
-0.00956944 0.654414 
0.0356054 0.353196 
-0.00378097 -0.35899 
0.191936 -0.383635 
0.246366 0.109866 
0.0432591 0.128093 
-0.362547 -0.0781975 
-0.174318 -0.0985453 
-0.153968 0.145792 
-0.345566 0.162987 
-0.490705 -0.322357 
-0.453943 0.263446 
-0.222626 -0.142651 
-0.197876 0.165772 
0.255002 -0.196046 
0.291056 0.12248 
0.421446 -0.438938 
0.500404 0.184398 
0.0389082 0.571937 
0.0590135 0.318881 
0.0417462 -0.390409 
0.228987 -0.41434 
0.282008 0.0544652 
0.0880195 0.0726044 
-0.30127 -0.121991 
-0.120861 -0.141998 
-0.100616 0.090243 
-0.284116 0.107401 
