-0.535056 -0.303869 
-0.506511 0.319732 
-0.25227 -0.117437 
-0.230073 0.201363 
0.2358 -0.16636 
0.27229 0.157837 
0.417311 -0.408106 
0.501861 0.236444 
0.0195191 0.650794 
0.0348747 0.360507 
0.0271756 -0.365406 
0.220662 -0.386583 
0.275793 0.0995248 
0.0735381 0.117535 
-0.336094 -0.0906238 
-0.144683 -0.10966 
-0.125353 0.135246 
-0.320964 0.152665 
-0.467316 -0.334775 
-0.436621 0.256615 
-0.223449 -0.138354 
-0.201035 0.171818 
0.252942 -0.18647 
0.288963 0.128804 
0.441566 -0.435166 
0.523123 0.174992 
0.065824 0.567441 
0.0577786 0.326089 
0.0696624 -0.394087 
0.25418 -0.414468 
0.307931 0.046174 
0.115458 0.0637157 
-0.276028 -0.132588 
-0.0933891 -0.151031 
-0.0739724 0.0809799 
-0.260431 0.0979733 
