-0.526657 -0.309993 
-0.500478 0.315905 
-0.252457 -0.116972 
-0.231172 0.202557 
0.235367 -0.164042 
0.271739 0.159151 
0.42479 -0.408469 
0.510113 0.231587 
0.0291644 0.64789 
0.0344835 0.362177 
0.0373531 -0.368369 
0.229901 -0.388298 
0.285209 0.0950503 
0.0834775 0.112857 
-0.326996 -0.0959916 
-0.13473 -0.114459 
-0.115735 0.130442 
-0.312476 0.147808 
-0.459166 -0.340013 
-0.430493 0.252838 
-0.223694 -0.13765 
-0.202124 0.173049 
0.252168 -0.183835 
0.288082 0.130321 
0.447809 -0.434552 
0.530065 0.170944 
0.0746742 0.564419 
0.0572174 0.327757 
0.0787968 -0.396088 
0.262242 -0.415209 
0.316168 0.0424829 
0.124406 0.0597072 
-0.267415 -0.137238 
-0.0842196 -0.15504 
-0.0650818 0.0767271 
-0.252335 0.0935464 
